"","name","pval","adj_pval","f_statistic","df1","df2","lfc"
"1061","CHIT1",6.51611674321312e-18,8.17186200766358e-14,75.5573704464614,1,2361.27236619142,2.92118601462356
"254","LAPTM5",4.56935943353578e-11,2.86521683279861e-07,43.7631966413307,1,2361.27236619142,-0.448387407205119
"5322","ZFPM2",1.22028528682233e-07,0.000510119926067962,28.1611860300048,1,2361.27236619142,2.54159638754313
"11941","TIMP3",5.21599380662173e-07,0.00163534445822108,25.3223989993419,1,2361.27236619142,1.69450452640235
"2783","TM4SF19",1.73631208537034e-05,0.0435501797252588,18.5349203891362,1,2361.27236619142,1.50065146418343
"11510","MYL9",2.96925481940348e-05,0.062062374483565,17.5056646564162,1,2361.27236619142,3.64393555566627
"8752","WDR61",5.48344641087833e-05,0.0982398591983216,16.3328575631411,1,2361.27236619142,-2.23593059213359
"3316","SLC1A3",6.85913977671237e-05,0.101578023088118,15.9060021870342,1,2361.27236619142,0.853439579280051
"934","MPZL1",7.28970742200036e-05,0.101578023088118,15.790016845684,1,2361.27236619142,0.709696242083417
"9922","ITGA3",9.33910715145991e-05,0.117121742786459,15.3185293544865,1,2361.27236619142,2.14684695681501
"5152","FGFR1",0.000119256879189461,0.135963683810458,14.8540604878776,1,2361.27236619142,1.58706644866645
"4415","SLC22A1",0.000133647250928048,0.139672514490721,14.6379132364169,1,2361.27236619142,-10
"6635","NR1H3",0.00018139713216313,0.174992418035216,14.0592512643265,1,2361.27236619142,0.872988355061068
"1914","SUMO1",0.000222014819044718,0.198877703259986,13.6772867267969,1,2361.27236619142,-0.707353496174354
"11818","ESS2",0.000264325608423953,0.220993830349653,13.3480517643706,1,2361.27236619142,-10
"6325","SLK",0.000345041510167517,0.256074938782601,12.8460641127436,1,2361.27236619142,0.691082045357878
"8212","KIAA0586",0.00035937058932445,0.256074938782601,12.769522678157,1,2361.27236619142,-1.4667836581286
"5711","TMEM245",0.000367542372863952,0.256074938782601,12.7272392945313,1,2361.27236619142,-0.922330145406259
"12483","FLNA",0.000496190630799744,0.321913506447858,12.1637171986259,1,2361.27236619142,0.737718657118429
"11519","RBL1",0.000513377731357719,0.321913506447858,12.0998856903385,1,2361.27236619142,1.05523864428711
"12150","REPS2",0.000549600661734492,0.328216280895822,11.9721456467641,1,2361.27236619142,-1.17742338026903
"10425","GADD45B",0.000633083078258676,0.360886131111002,11.7074935868563,1,2361.27236619142,-1.80411475201777
"7536","CPM",0.000679565046672415,0.368515459634307,11.575043306319,1,2361.27236619142,0.555571966425003
"9229","COQ9",0.000705236506755711,0.368515459634307,11.5057656787949,1,2361.27236619142,-2.16680916920978
"6140","CDH23",0.000814648621360164,0.395087874087733,11.2365815190695,1,2361.27236619142,1.16978828271818
"11891","CHEK2",0.00081909614275425,0.395087874087733,11.2264281291666,1,2361.27236619142,1.19822067053551
"9990","METTL2A",0.000980130221792303,0.455252337462862,10.8920747900637,1,2361.27236619142,-10
"9847","BRCA1",0.00104447455994573,0.467812694867122,10.7737978929881,1,2361.27236619142,1.24499341063304
"5121","HMBOX1",0.00108535310462488,0.469359078796572,10.7024274393773,1,2361.27236619142,0.541103051248859
"8856","MRPL28",0.00113534410199874,0.474611679438875,10.6187580342374,1,2361.27236619142,-1.04775162017872
"5529","FAM219A",0.00117749541172053,0.476353869625392,10.5510587604987,1,2361.27236619142,0.947212007125594
"899","USP21",0.00138696170230365,0.521225005905529,10.2473874763952,1,2361.27236619142,2.14069206175204
"2416","MITF",0.00138957983625812,0.521225005905529,10.243893361879,1,2361.27236619142,0.429216924168337
"8571","C15orf48",0.00141309705771374,0.521225005905529,10.212803488991,1,2361.27236619142,0.564594364951997
"3265","SLC9A3",0.0014632844832746,0.524315734421335,10.1481727222035,1,2361.27236619142,3.26257456084375
"5439","RECQL4",0.00159871354980031,0.550154399103628,9.98438674145188,1,2361.27236619142,3.36064552173984
"667","SIKE1",0.00162313314463234,0.550154399103628,9.95635685591187,1,2361.27236619142,-0.953472528552306
"10827","CEBPA",0.00173472519168207,0.565489242260673,9.83348154844729,1,2361.27236619142,0.899173731972539
"709","FMO5",0.00175855836441801,0.565489242260673,9.80827895758958,1,2361.27236619142,-10
"1875","STK17B",0.00182914648041146,0.573483150271002,9.73561843032416,1,2361.27236619142,-0.735280999508564
"11824","UFD1",0.00202360937716713,0.618977687781781,9.54927064358584,1,2361.27236619142,-0.924442113659395
"1317","DNMT3A",0.00217439998160267,0.629457889201263,9.4168801727781,1,2361.27236619142,0.863340194405524
"7399","TFCP2",0.00222384579232372,0.629457889201263,9.37548966555505,1,2361.27236619142,-0.648847532915156
"10763","TMEM161A",0.00225709340445291,0.629457889201263,9.34818044976388,1,2361.27236619142,-10
"6735","SLC3A2",0.00226996589006611,0.629457889201263,9.33771664714608,1,2361.27236619142,0.522609312512151
"5870","AK8",0.0023088320630937,0.629457889201263,9.30648478942946,1,2361.27236619142,1.98428114498032
"11283","ZNF264",0.00248884082781972,0.664096868546535,9.16846983484884,1,2361.27236619142,0.864779304037127
"1953","MREG",0.0026735638946148,0.687322372565788,9.03700342762108,1,2361.27236619142,1.20103318708616
"2620","ATR",0.00268549527595276,0.687322372565788,9.02883195497589,1,2361.27236619142,0.554590374611592
"457","TMEM59",0.00277794741371903,0.696764770309006,8.96673710425661,1,2361.27236619142,-0.430699811590522
"3452","RASGRF2",0.00289215486799854,0.70234407480602,8.89286770786503,1,2361.27236619142,4.21329390704233
"6123","DDX21",0.00293319429127568,0.70234407480602,8.86704538886913,1,2361.27236619142,0.837533314183474
"4811","COL26A1",0.00299807147510627,0.70234407480602,8.82696409913236,1,2361.27236619142,3.10632053182982
"3151","SLC7A11",0.00302420700418827,0.70234407480602,8.81106608711421,1,2361.27236619142,0.845030533339058
"3532","PPIC",0.0032257915630822,0.721820455514065,8.69294400147775,1,2361.27236619142,0.916207796206756
"5133","WRN",0.00324783557639565,0.721820455514065,8.68048492840376,1,2361.27236619142,0.878665793650384
"10964","MIA",0.00328540605012474,0.721820455514065,8.6594473400864,1,2361.27236619142,3.83819350239337
"10843","HPN",0.00341332965457873,0.721820455514065,8.58960825217472,1,2361.27236619142,3.01301045844774
"11584","NCOA3",0.00343073993715563,0.721820455514065,8.58030964541611,1,2361.27236619142,-0.408384530850368
"6940","AQP11",0.00352836158930423,0.721820455514065,8.52904455674848,1,2361.27236619142,2.53540385124686
"8218","RTN1",0.00357279766105311,0.721820455514065,8.50618550775701,1,2361.27236619142,0.88972389532606
"1225","FH",0.00361614511061814,0.721820455514065,8.48416354855952,1,2361.27236619142,-2.26532145459239
"6979","PANX1",0.00362608154831242,0.721820455514065,8.47915335742435,1,2361.27236619142,-1.33664220270697
"11792","COL6A2",0.00392492597638562,0.763225347186766,8.33466088409857,1,2361.27236619142,2.24947462181184
"5865","NTNG2",0.00407227113743853,0.763225347186766,8.26749175418293,1,2361.27236619142,-2.29633332711564
"6170","ADK",0.00410367450852577,0.763225347186766,8.25349634399361,1,2361.27236619142,0.409479384577878
"3021","MRPL1",0.00414545709999026,0.763225347186766,8.235043439441,1,2361.27236619142,0.815837302151238
"5765","MRRF",0.00430439443644615,0.763225347186766,8.16654045408262,1,2361.27236619142,0.762976131142264
"10","SDF4",0.00432131316770879,0.763225347186766,8.15940064515859,1,2361.27236619142,0.538284873713759
"6260","ZFYVE27",0.00435094271996729,0.763225347186766,8.14696512895906,1,2361.27236619142,-1.56036394240273
"7464","MYL6B",0.00442483606309451,0.763225347186766,8.11632417953992,1,2361.27236619142,-0.942558833954214
"6799","RELA",0.00443583543623812,0.763225347186766,8.11180775704758,1,2361.27236619142,-0.954643032156826
"3317","NIPBL",0.00455928515858945,0.763225347186766,8.06188713450354,1,2361.27236619142,0.293641070410931
"2333","DOCK3",0.00459621042205302,0.763225347186766,8.04722265769811,1,2361.27236619142,0.763620383860262
"7953","SUGT1",0.00491502082055221,0.763225347186766,7.92538935311668,1,2361.27236619142,-0.680274133148215
"11737","DOP1B",0.00494167802273679,0.763225347186766,7.91556995227636,1,2361.27236619142,0.489689392088346
"10420","LSM7",0.0050106678570089,0.763225347186766,7.89040564003698,1,2361.27236619142,-0.768581778392191
"8776","FSD2",0.00502262691915693,0.763225347186766,7.88607947989093,1,2361.27236619142,3.54648787630755
"11449","NINL",0.00506816113538515,0.763225347186766,7.86970318965449,1,2361.27236619142,1.81434813138723
"6921","NEU3",0.00507612708774131,0.763225347186766,7.86685367825377,1,2361.27236619142,0.564971646340654
"1734","RAB3GAP1",0.00512459406645324,0.763225347186766,7.84961417516297,1,2361.27236619142,0.378072927516477
"1377","YIPF4",0.00515139273449777,0.763225347186766,7.84015325398037,1,2361.27236619142,-0.683466882581924
"10249","ANKRD29",0.00524469402193438,0.763225347186766,7.80760170728352,1,2361.27236619142,-10
"1631","TSGA10",0.00527021764059921,0.763225347186766,7.79879972701572,1,2361.27236619142,-1.03353159614219
"11025","ZNF229",0.0053343514599955,0.763225347186766,7.77687328463866,1,2361.27236619142,2.43399866415033
"1685","PAX8",0.00540971026580977,0.763225347186766,7.75145028583074,1,2361.27236619142,-0.944420083927679
"1553","M1AP",0.00548676184081961,0.763225347186766,7.72582712210777,1,2361.27236619142,-10
"2132","CCDC174",0.0054912677040531,0.763225347186766,7.7243401003761,1,2361.27236619142,0.6390351872111
"5274","TMEM67",0.00558306148537082,0.763225347186766,7.69431446755709,1,2361.27236619142,-10
"7929","CDADC1",0.00575397415856446,0.763225347186766,7.63972796524702,1,2361.27236619142,-1.43378070474473
"12032","CCDC134",0.00575857258550689,0.763225347186766,7.63828227109658,1,2361.27236619142,-2.79292772147093
"7726","TAOK3",0.00579379740181669,0.763225347186766,7.6272469143287,1,2361.27236619142,-0.288154256331924
"11743","TTC3",0.00597089331472496,0.763225347186766,7.57278360093962,1,2361.27236619142,0.370362252177356
"10642","JUNB",0.00610091314189456,0.763225347186766,7.53383772278155,1,2361.27236619142,0.562851475239735
"5734","WDR31",0.00614084309979451,0.763225347186766,7.52204714776124,1,2361.27236619142,2.04344112605757
"7381","NCKAP5L",0.00620896450344726,0.763225347186766,7.50211174549448,1,2361.27236619142,-1.14929219579158
"9015","BMERB1",0.0062644968827637,0.763225347186766,7.48602504607322,1,2361.27236619142,1.28891197204313
"2303","DAG1",0.00628070264397524,0.763225347186766,7.48135798499142,1,2361.27236619142,-2.23007802687206
"7503","CYP27B1",0.00634395531317896,0.763225347186766,7.46325894643614,1,2361.27236619142,1.86365864642144
"12393","SLC25A43",0.00639071103013946,0.763225347186766,7.44999842488847,1,2361.27236619142,0.741550205261417
"9447","SLC43A2",0.00640142104998381,0.763225347186766,7.44697487796874,1,2361.27236619142,0.531313989909972
"10856","COX6B1",0.00646539804099233,0.763225347186766,7.42902047695415,1,2361.27236619142,-0.316143852718869
"3824","FARS2",0.00649382488959527,0.763225347186766,7.42110097691705,1,2361.27236619142,0.547771262426369
"2594","STAG1",0.00651524045529963,0.763225347186766,7.41515812430656,1,2361.27236619142,0.365732841869772
"9123","YPEL3",0.0065278671330143,0.763225347186766,7.41166354751155,1,2361.27236619142,-0.675181131004708
"9346","ZFP1",0.00657495068098602,0.763225347186766,7.39869325833048,1,2361.27236619142,-10
"8548","ZSCAN29",0.00658426145803179,0.763225347186766,7.39613962400397,1,2361.27236619142,-2.14674559557994
"11550","PKIG",0.00664323796177355,0.763225347186766,7.38004956136361,1,2361.27236619142,1.83974879509413
"11337","ZBTB45",0.00668486505104027,0.763225347186766,7.36878042530947,1,2361.27236619142,-10
"8933","TNFRSF12A",0.00674327198190582,0.763225347186766,7.35308902820392,1,2361.27236619142,-10
"255","SDC3",0.00676106324503448,0.763225347186766,7.34833688058877,1,2361.27236619142,0.558340695649033
"2640","RNF13",0.00684704075450022,0.763225347186766,7.32555046913452,1,2361.27236619142,-0.262548198213946
"5874","RALGDS",0.00687700057667687,0.763225347186766,7.31767893947153,1,2361.27236619142,0.782629653101632
"6568","GAS2",0.00698794871284433,0.768735656208603,7.28883105558551,1,2361.27236619142,2.02924616031997
"725","VPS45",0.00713943613495721,0.778571031030421,7.25018966098389,1,2361.27236619142,0.464923144892649
"10859","U2AF1L4",0.00743630704906178,0.796687420040637,7.17683735249449,1,2361.27236619142,-1.23252285704449
"8582","GALK2",0.00762897251770374,0.796687420040637,7.1308181935564,1,2361.27236619142,-0.735715012603646
"1021","RGS1",0.00766705062597191,0.796687420040637,7.12186385915648,1,2361.27236619142,-1.27336359940811
"3941","MICA",0.00778594582809865,0.796687420040637,7.0941948644053,1,2361.27236619142,-2.13417027898996
"5868","DDX31",0.00793344453175192,0.796687420040637,7.06046412542755,1,2361.27236619142,-2.7488621660859
"9640","TVP23B",0.00796563663071217,0.796687420040637,7.05318762424383,1,2361.27236619142,0.982767417781963
"10292","HDHD2",0.00796626191005175,0.796687420040637,7.0530465881515,1,2361.27236619142,-0.965793074998206
"1784","GCA",0.00813465125034218,0.796687420040637,7.0154718148808,1,2361.27236619142,-0.482192697828487
"8399","CCNK",0.00815205092145444,0.796687420040637,7.01163468637606,1,2361.27236619142,0.564149940056007
"42","PRXL2B",0.00815762269832496,0.796687420040637,7.01040772113222,1,2361.27236619142,1.00407784375142
"2360","PBRM1",0.00820308795629775,0.796687420040637,7.00042772682404,1,2361.27236619142,0.333035590037899
"830","YY1AP1",0.00826339789375773,0.796687420040637,6.98727623077481,1,2361.27236619142,0.546229513724655
"5586","SMC5",0.00829699338184795,0.796687420040637,6.97999277629022,1,2361.27236619142,0.432359921575575
"5591","C9orf85",0.00830164360094013,0.796687420040637,6.97898699498857,1,2361.27236619142,-0.65648927737886
"5186","RGS20",0.0083377333429086,0.796687420040637,6.97120081247906,1,2361.27236619142,1.94425464063958
"4085","TRERF1",0.00846602975009122,0.796687420040637,6.94379821615101,1,2361.27236619142,0.483981722948812
"1632","AC079447.1",0.00860728434112728,0.796687420040637,6.91411548071462,1,2361.27236619142,1.00009883182334
"3377","SREK1IP1",0.00863955126087085,0.796687420040637,6.90740503337906,1,2361.27236619142,-0.633670972764276
"4643","RABGEF1",0.00866030265401148,0.796687420040637,6.90310298177867,1,2361.27236619142,0.379962806336162
"6526","AMPD3",0.00873866852025738,0.796687420040637,6.88695133608807,1,2361.27236619142,0.580999524107136
"4151","BAG2",0.0087752869665996,0.796687420040637,6.87945486056664,1,2361.27236619142,1.4825418086516
"2720","MCF2L2",0.00878616760387888,0.796687420040637,6.87723356655337,1,2361.27236619142,-10
"12171","EIF2S3",0.00882955799967452,0.796687420040637,6.8684033077607,1,2361.27236619142,0.534715541046404
"5693","MRPL50",0.00883128485298829,0.796687420040637,6.86805280104462,1,2361.27236619142,-0.931603563455979
"8353","TTC8",0.008947185160511,0.796687420040637,6.84468712562801,1,2361.27236619142,0.955289841625273
"12098","ARSA",0.00900102704708039,0.796687420040637,6.83393780768539,1,2361.27236619142,0.613569701518432
"1499","NFU1",0.00907021843062284,0.796687420040637,6.82022035246786,1,2361.27236619142,-0.754391540493694
"12121","TBL1X",0.00911889152776551,0.796687420040637,6.8106348182085,1,2361.27236619142,0.448301357502507
"10141","CEP131",0.0091891825625913,0.796687420040637,6.79688404521496,1,2361.27236619142,-10
"4330","BCLAF1",0.00925349759947772,0.796687420040637,6.78439644556977,1,2361.27236619142,0.403268391689968
"2770","TMEM44",0.00935598188504233,0.796687420040637,6.76468044310537,1,2361.27236619142,1.49202544003984
"309","COL8A2",0.00939529970382933,0.796687420040637,6.75717514377873,1,2361.27236619142,2.10924222954824
"7357","SENP1",0.00940194068782507,0.796687420040637,6.75591063852934,1,2361.27236619142,0.776490419639251
"905","MPZ",0.00947405288695418,0.797410048693237,6.7422384556821,1,2361.27236619142,2.30839855804195
"5381","PTK2",0.00974914497239409,0.806488433331605,6.69104428815885,1,2361.27236619142,-1.76702042783876
"3769","RMND5B",0.0098239032256283,0.806488433331605,6.67738772132533,1,2361.27236619142,-1.25968748583447
"2845","HTT",0.00983336574078697,0.806488433331605,6.67566674620401,1,2361.27236619142,0.341353945309722
"9006","MRTFB",0.00983914602501679,0.806488433331605,6.67461630450219,1,2361.27236619142,0.585229646259895
"7402","BIN2",0.0100996227863769,0.815366368742814,6.6279257143756,1,2361.27236619142,-0.485300167677535
"1504","MXD1",0.0101394707016205,0.815366368742814,6.62089205673949,1,2361.27236619142,-0.549298399042715
"10749","ELL",0.01020600356609,0.815366368742814,6.60921113084144,1,2361.27236619142,-0.690493201722061
"8123","AKAP6",0.010207520922783,0.815366368742814,6.60894564619044,1,2361.27236619142,2.28114678945594
"5996","SUV39H2",0.0102842778654212,0.816298282976253,6.59556841219905,1,2361.27236619142,2.06110692547391
"1929","INO80D",0.0106804542689867,0.822512429301305,6.52811233074598,1,2361.27236619142,0.512076341148875
"613","PSRC1",0.0106851591382491,0.822512429301305,6.52732676184918,1,2361.27236619142,-10
"5415","OPLAH",0.0106865379919557,0.822512429301305,6.52709660283125,1,2361.27236619142,-10
"8539","HAUS2",0.0107516808527739,0.822512429301305,6.51625751651224,1,2361.27236619142,-1.31515439168192
"9352","ADAT1",0.0109825607422098,0.822512429301305,6.47837718068195,1,2361.27236619142,-1.22702318837265
"1541","INO80B",0.0109830972110549,0.822512429301305,6.47829011779689,1,2361.27236619142,1.29464957186964
"732","PRPF3",0.011030054275055,0.822512429301305,6.47068638048674,1,2361.27236619142,-0.977517839873386
"7064","FXYD2",0.0110577515535152,0.822512429301305,6.4662169401083,1,2361.27236619142,0.952075784227746
"64","THAP3",0.0110641533356337,0.822512429301305,6.46518553604426,1,2361.27236619142,0.84903885831709
"11125","RPL13A",0.0110856026888169,0.822512429301305,6.46173424793089,1,2361.27236619142,0.258480694020608
"8526","MGA",0.0112358004615516,0.822512429301305,6.4377572589801,1,2361.27236619142,0.510825025424906
"5763","NDUFA8",0.0112781886572175,0.822512429301305,6.43105010299719,1,2361.27236619142,-0.735902878821173
"8656","ANKDD1A",0.0112986913963149,0.822512429301305,6.42781520357893,1,2361.27236619142,0.760114615849333
"8642","APH1B",0.011373635706478,0.822512429301305,6.41604165498909,1,2361.27236619142,0.505903409073776
"3530","SNX2",0.0114594213281255,0.822512429301305,6.40266237910654,1,2361.27236619142,0.254964748708941
"10681","ADGRE3",0.0116228378886437,0.822512429301305,6.37745793584437,1,2361.27236619142,0.971475484620378
"8481","KATNBL1",0.0116237276254638,0.822512429301305,6.37732170654761,1,2361.27236619142,0.416473984105266
"12515","PRKY",0.0117558515477549,0.822512429301305,6.35720997421886,1,2361.27236619142,0.582668311329591
"10308","SMAD4",0.0118269975059663,0.822512429301305,6.34647621055473,1,2361.27236619142,-0.503127815079106
"4236","QRSL1",0.0118988362950905,0.822512429301305,6.3357050302472,1,2361.27236619142,0.750186314961394
"446","ECHDC2",0.011922919283532,0.822512429301305,6.33210908719601,1,2361.27236619142,1.11720133486289
"1433","TTC7A",0.0119339464855827,0.822512429301305,6.33046505490957,1,2361.27236619142,0.419743442587547
"11554","TOMM34",0.0119489795780475,0.822512429301305,6.32822630227355,1,2361.27236619142,1.15206145847447
"8938","ZNF205",0.0120201760415238,0.822512429301305,6.31766277519475,1,2361.27236619142,-2.60020009689717
"893","ARHGAP30",0.0120541527767234,0.822512429301305,6.31264423986966,1,2361.27236619142,-0.455296066309631
"8003","TNFSF13B",0.0122529505690554,0.822512429301305,6.28356912626409,1,2361.27236619142,0.198111032217881
"7983","RAP2A",0.0122750187250996,0.822512429301305,6.28037149817228,1,2361.27236619142,-0.696456187158286
"2964","SRD5A3",0.0122754026666308,0.822512429301305,6.28031591819014,1,2361.27236619142,0.687470320289415
"12434","FAM122B",0.0122864464975531,0.822512429301305,6.27871796031939,1,2361.27236619142,-1.74970765230305
"7132","DCPS",0.0123301440641612,0.822512429301305,6.27240970359183,1,2361.27236619142,-1.73038782016157
"1531","STAMBP",0.0124194280134296,0.824084903261488,6.259591665141,1,2361.27236619142,-0.680555800517899
"11148","SIGLEC11",0.012550744213404,0.825134874254804,6.24091039361064,1,2361.27236619142,-2.13615865630493
"8984","USP7",0.0125668416380406,0.825134874254804,6.23863418561494,1,2361.27236619142,-0.647343929924475
"6987","SRSF8",0.0128648407474143,0.840301915694388,6.19702962255501,1,2361.27236619142,-1.53256191436051
"1746","ZEB2",0.0132539024857111,0.85170982560031,6.1441790978232,1,2361.27236619142,0.183640904965825
"213","CD52",0.0132631865096657,0.85170982560031,6.14293752940303,1,2361.27236619142,0.557694015818163
"4162","SMAP1",0.0133277260361599,0.85170982560031,6.13433118524312,1,2361.27236619142,0.378157495319206
"2028","GIGYF2",0.0134207565469035,0.85170982560031,6.12200073411009,1,2361.27236619142,0.369828385896946
"947","C1orf112",0.0134813893582519,0.85170982560031,6.11401159240525,1,2361.27236619142,1.20023240940881
"7980","DNAJC3",0.0135254104230836,0.85170982560031,6.10823439402985,1,2361.27236619142,0.427189102966943
"1683","IL1RN",0.0135300615174708,0.85170982560031,6.10762512837177,1,2361.27236619142,0.425875840251801
"3503","SLC25A46",0.0136446676968566,0.85170982560031,6.09268011340656,1,2361.27236619142,0.571601160462909
"7238","A2M",0.0136507196352494,0.85170982560031,6.09189451640355,1,2361.27236619142,0.438951039765912
"1454","CCDC88A",0.0137581948069553,0.854165945911025,6.07800265783311,1,2361.27236619142,0.248560572453118
"225","TMEM222",0.0139560364144522,0.85653054755899,6.05272000287614,1,2361.27236619142,-1.39724328738526
"6459","TNNI2",0.0140361922378619,0.85653054755899,6.04258156670072,1,2361.27236619142,0.968813488583683
"785","INTS3",0.0141557949476035,0.85653054755899,6.02756403444051,1,2361.27236619142,0.797839470017137
"1273","IAH1",0.0142580450585614,0.85653054755899,6.01482856266611,1,2361.27236619142,-0.871045877543095
"11364","NOP56",0.0142621620890417,0.85653054755899,6.01431774932698,1,2361.27236619142,0.674240707983796
"977","RASAL2",0.0143187141483949,0.85653054755899,6.0073164809602,1,2361.27236619142,0.357422242259425
"957","EEF1AKNMT",0.0144266919826151,0.85653054755899,5.99402733913545,1,2361.27236619142,0.972137291110225
"10545","ADAMTS10",0.0144557726581217,0.85653054755899,5.9904658052456,1,2361.27236619142,-10
"1580","ST3GAL5",0.0144920096013687,0.85653054755899,5.98603815088054,1,2361.27236619142,0.389096303897812
"1149","CNIH4",0.0145879645537632,0.85653054755899,5.97436863873482,1,2361.27236619142,-0.553610719328706
"4847","PRKAR2B",0.0145930397295931,0.85653054755899,5.97375362735667,1,2361.27236619142,-10
"5740","AKNA",0.0146158629437544,0.85653054755899,5.97099062393636,1,2361.27236619142,-0.532053150372073
"2018","HTR2B",0.0153783511356735,0.884529761832888,5.88115203550926,1,2361.27236619142,0.728371235462285
"1535","MOB1A",0.0153882709779677,0.884529761832888,5.88001373774155,1,2361.27236619142,-0.292635231804691
"2459","ZBTB11",0.015409455521586,0.884529761832888,5.87758535080688,1,2361.27236619142,0.660214531868572
"5651","NINJ1",0.0154566267851901,0.884529761832888,5.87219044398004,1,2361.27236619142,-0.267420624260853
"6220","TNKS2",0.0154761231968469,0.884529761832888,5.86996562430589,1,2361.27236619142,0.347984664046632
"4425","RNASET2",0.0155388941054051,0.884529761832888,5.86282214364925,1,2361.27236619142,-0.256059231713687
"10720","GTPBP3",0.0155873596495549,0.884529761832888,5.85732697226504,1,2361.27236619142,-2.54553604012495
"11306","ZNF154",0.0157030207951292,0.887079206268986,5.84428382649499,1,2361.27236619142,1.89253847712015
"4271","FAM229B",0.0158365828826905,0.890612492967809,5.82934467605215,1,2361.27236619142,-10
"2208","TTC21A",0.0159373370110359,0.892277426140184,5.81816087999665,1,2361.27236619142,1.01933694835135
"12541","AC007325.4",0.0161002346153345,0.893753760052365,5.80023246059815,1,2361.27236619142,-10
"7592","METAP2",0.0161400665757795,0.893753760052365,5.79587704569432,1,2361.27236619142,0.448321102604493
"9228","CIAPIN1",0.0161838072739209,0.893753760052365,5.791106986058,1,2361.27236619142,-1.18044241511815
"2277","PFKFB4",0.0163008007151808,0.893753760052365,5.77841355711499,1,2361.27236619142,0.614898628294523
"7990","TM9SF2",0.0163520955335737,0.893753760052365,5.77287783650185,1,2361.27236619142,0.342443721173163
"11585","SULF2",0.0166108643520294,0.893753760052365,5.74522201718961,1,2361.27236619142,0.605327638060333
"10387","CBARP",0.0167327917684887,0.893753760052365,5.73234479032853,1,2361.27236619142,2.77115709435337
"2307","GMPPB",0.0167361105276573,0.893753760052365,5.73199563855762,1,2361.27236619142,1.11983285219103
"5800","TOR2A",0.0168259652475509,0.893753760052365,5.72256948792507,1,2361.27236619142,-1.15904880703378
"7079","BCL9L",0.0169030687336092,0.893753760052365,5.71452232495352,1,2361.27236619142,0.818526945055389
"11186","ZNF836",0.0170046968106713,0.893753760052365,5.70397326428511,1,2361.27236619142,-1.66912135077428
"1450","RTN4",0.0172825447798911,0.893753760052365,5.67546137044992,1,2361.27236619142,0.2603236769928
"9911","UBE2Z",0.017292792012554,0.893753760052365,5.6744189004971,1,2361.27236619142,-0.501069227792923
"6736","PLAAT4",0.0173539700501281,0.893753760052365,5.66820838700945,1,2361.27236619142,-0.780840164408312
"2608","RBP1",0.0173953597694286,0.893753760052365,5.66401950110628,1,2361.27236619142,-0.551346259353446
"10996","ZNF575",0.01740115095829,0.893753760052365,5.66343421924873,1,2361.27236619142,2.33562327931015
"9126","CORO1A",0.0175094942805475,0.893753760052365,5.65252151815964,1,2361.27236619142,-0.57272401653345
"6300","GBF1",0.017626764685478,0.893753760052365,5.64078796741873,1,2361.27236619142,0.411630351651259
"9586","NTN1",0.0176565972086027,0.893753760052365,5.63781592223085,1,2361.27236619142,3.81096666465197
"2589","CEP63",0.0177509038364425,0.893753760052365,5.62845468838594,1,2361.27236619142,-0.691942561370867
"11423","POLR3F",0.0177900123681319,0.893753760052365,5.62458768703057,1,2361.27236619142,0.990194918826155
"3248","ACSL1",0.0179575707717832,0.893753760052365,5.6081185472593,1,2361.27236619142,-0.414481175891357
"10959","NUMBL",0.0181457126844561,0.893753760052365,5.58981444387374,1,2361.27236619142,-10
"10934","ZFP36",0.0183051606085103,0.893753760052365,5.57445481447242,1,2361.27236619142,-0.836739870392727
"11791","COL6A1",0.018316754189576,0.893753760052365,5.57334340127895,1,2361.27236619142,1.6297972521472
"5142","BRF2",0.0183656509277729,0.893753760052365,5.56866392397396,1,2361.27236619142,1.23747034521647
"206","STMN1",0.0183892938877989,0.893753760052365,5.56640588003314,1,2361.27236619142,-0.827237037595376
"5487","RRAGA",0.0184215025516953,0.893753760052365,5.56333458343279,1,2361.27236619142,-0.775116382799641
"6924","ARRB1",0.0184382071994692,0.893753760052365,5.56174387623668,1,2361.27236619142,0.424909908080149
"3384","TRAPPC13",0.0185427793735441,0.893753760052365,5.55181967072071,1,2361.27236619142,0.616092223481632
"7427","NPFF",0.0185695589969423,0.893753760052365,5.5492875096291,1,2361.27236619142,-10
"5025","ESYT2",0.0187067682306966,0.893753760052365,5.53637255595141,1,2361.27236619142,-0.554115429681083
"9255","CES4A",0.0187678610269056,0.893753760052365,5.53065361228346,1,2361.27236619142,-10
"12429","RAP2C",0.018872730692554,0.893753760052365,5.52088141090498,1,2361.27236619142,0.582576767797563
"574","BCAR3",0.0190642453569955,0.893753760052365,5.503179289073,1,2361.27236619142,1.37622542740705
"9079","KIAA0556",0.0190875842811325,0.893753760052365,5.50103460099586,1,2361.27236619142,0.627835690387976
"3616","APBB3",0.0191212895903717,0.893753760052365,5.4979420940923,1,2361.27236619142,-1.17462884256298
"4120","SLC35B2",0.0192689932508871,0.893753760052365,5.48445624227333,1,2361.27236619142,1.04422456945488
"8788","SEC11A",0.019277778072336,0.893753760052365,5.483657529459,1,2361.27236619142,0.327016139510805
"1686","CBWD2",0.0193278614684721,0.893753760052365,5.47911114387852,1,2361.27236619142,0.533622600120056
"1490","PNO1",0.0193818401372989,0.893753760052365,5.4742247832812,1,2361.27236619142,1.01533914543574
"5493","MLLT3",0.0193850945626159,0.893753760052365,5.47393063001171,1,2361.27236619142,0.734706065231105
"1506","PCBP1",0.0195408833592933,0.893753760052365,5.4599089909357,1,2361.27236619142,-0.343102725954437
"8072","RNF212B",0.0195911484871684,0.893753760052365,5.45540958401256,1,2361.27236619142,2.51275985329863
"10168","DCXR",0.0197308634555047,0.893753760052365,5.44296566832649,1,2361.27236619142,-0.973885447797554
"9751","MYO19",0.0197441757162079,0.893753760052365,5.44178475290365,1,2361.27236619142,0.88770314798775
"8313","FOS",0.0198358654122098,0.893753760052365,5.43367337521822,1,2361.27236619142,-0.678898350124532
"8980","ABAT",0.0198395327810302,0.893753760052365,5.43334974689188,1,2361.27236619142,0.735442772484295
"6463","ASCL2",0.0198991143551794,0.893753760052365,5.42810060367528,1,2361.27236619142,-0.885207806840425
"4458","BRAT1",0.0204428426173414,0.893753760052365,5.38093631916778,1,2361.27236619142,0.809455999639391
"4566","SEPTIN7",0.0204515254921278,0.893753760052365,5.38019372192508,1,2361.27236619142,-0.30864280304805
"7540","FRS2",0.0205226555342827,0.893753760052365,5.37412263201574,1,2361.27236619142,-0.539004027485289
"11367","VPS16",0.0205589141661916,0.893753760052365,5.37103626342448,1,2361.27236619142,-0.96705085512532
"7335","SLC2A13",0.0207341073938389,0.893753760052365,5.35620262143027,1,2361.27236619142,-0.671543308039039
"12001","CBX7",0.0207768625398127,0.893753760052365,5.35260223582316,1,2361.27236619142,-1.43318491246187
"1235","DESI2",0.0207813092469696,0.893753760052365,5.35222822177787,1,2361.27236619142,0.48537003253716
"4040","LHFPL5",0.020852445351608,0.893753760052365,5.34625618175287,1,2361.27236619142,2.01232119309763
"5600","PCSK5",0.0208744364037101,0.893753760052365,5.3444142507331,1,2361.27236619142,-0.554123240027143
"10133","SLC26A11",0.0208967296399518,0.893753760052365,5.34254905933604,1,2361.27236619142,0.679267848924474
"821","GBA",0.0209623923122583,0.893753760052365,5.33706726041061,1,2361.27236619142,-0.622320057928527
"449","CZIB",0.0210433259246845,0.893753760052365,5.33033499565265,1,2361.27236619142,0.750537849303471
"10370","PTBP1",0.0211189572745748,0.893753760052365,5.32406798286018,1,2361.27236619142,0.475605757633333
"4586","PSMA2",0.0211231895362889,0.893753760052365,5.323717973642,1,2361.27236619142,-0.387512120430721
"2125","HDAC11",0.0211719061691559,0.893753760052365,5.31969431700814,1,2361.27236619142,-2.44401337953093
"5240","IL7",0.0212595530004858,0.893753760052365,5.31247938521444,1,2361.27236619142,-1.5119007500032
"523","FUBP1",0.0213162744777943,0.893753760052365,5.30782657803924,1,2361.27236619142,0.428360031194357
"178","ID3",0.0213598623553951,0.893753760052365,5.30425981404751,1,2361.27236619142,-0.748743108466066
"10849","HAMP",0.0213908161828561,0.893753760052365,5.30173146092388,1,2361.27236619142,0.976004849259391
"1802","GORASP2",0.0214580568515701,0.893753760052365,5.29625218223686,1,2361.27236619142,0.603794893815078
"5624","TUT7",0.0215289701963928,0.893753760052365,5.290492866069,1,2361.27236619142,-0.409008202764516
"299","ZMYM4",0.0216500815117988,0.893753760052365,5.28070196238413,1,2361.27236619142,0.294920961837214
"11369","MRPS26",0.0217177775307849,0.893753760052365,5.27525396579031,1,2361.27236619142,-0.923943908928934
"6179","POLR3A",0.0217360482455741,0.893753760052365,5.27378660250444,1,2361.27236619142,0.763726949181395
"11984","MAFF",0.0217758195465933,0.893753760052365,5.27059689215578,1,2361.27236619142,1.09798523650772
"4534","CYCS",0.021779517789715,0.893753760052365,5.27030059507788,1,2361.27236619142,0.482350399813282
"1677","RGPD8",0.0218132774518029,0.893753760052365,5.26759823520991,1,2361.27236619142,1.09929195655882
"4484","KDELR2",0.0219634022723356,0.893753760052365,5.25563345734624,1,2361.27236619142,0.474984827370253
"8577","FBN1",0.0219875577770944,0.893753760052365,5.25371621047401,1,2361.27236619142,1.79043882973497
"4341","REPS1",0.0220598221132805,0.893753760052365,5.24799352571711,1,2361.27236619142,0.521211950670969
"6916","LIPT2",0.0220599846851884,0.893753760052365,5.24798067340422,1,2361.27236619142,1.94759059552938
"8207","ARMH4",0.0220806564054645,0.893753760052365,5.24634724574429,1,2361.27236619142,-1.32727912748
"5634","SYK",0.0221004075787936,0.893753760052365,5.24478803757325,1,2361.27236619142,-0.286006768796973
"8922","AMDHD2",0.0222638912037196,0.893753760052365,5.23193741464783,1,2361.27236619142,-0.732837099993432
"10703","SMIM7",0.0223164830130748,0.893753760052365,5.22782422611144,1,2361.27236619142,0.396754628672534
"8260","DCAF5",0.0223244995013101,0.893753760052365,5.22719814194044,1,2361.27236619142,-0.41987605940896
"6633","DDB2",0.0223443924369364,0.893753760052365,5.2256455188358,1,2361.27236619142,-0.41817406992112
"7878","NBEA",0.0225515912331598,0.893753760052365,5.20955855314066,1,2361.27236619142,-1.52333812809159
"6854","TMEM134",0.022843628418423,0.893753760052365,5.1871430848753,1,2361.27236619142,0.488671824938215
"6802","AP5B1",0.0229934269269559,0.893753760052365,5.17576027461072,1,2361.27236619142,-0.515913674751035
"7107","HSPA8",0.0230421693798673,0.893753760052365,5.17207303942419,1,2361.27236619142,-0.327966526896162
"8282","PAPLN",0.0232310138560579,0.893753760052365,5.15786347103181,1,2361.27236619142,0.908060606537674
"11620","FAM209B",0.0232944652049877,0.893753760052365,5.15311596867491,1,2361.27236619142,2.20084675679284
"10279","PIK3C3",0.0234257686579335,0.893753760052365,5.14333416259779,1,2361.27236619142,0.421686371610272
"8903","TBL3",0.0236800481643692,0.893753760052365,5.12455166385688,1,2361.27236619142,-2.41134329091891
"11285","ZNF805",0.023729254612103,0.893753760052365,5.12094118177212,1,2361.27236619142,-2.41428570618367
"6626","HARBI1",0.0237425074018784,0.893753760052365,5.11997009760053,1,2361.27236619142,1.45546380294545
"2972","SRP72",0.0237780394688016,0.893753760052365,5.11736929668283,1,2361.27236619142,0.487082379832174
"368","C1orf50",0.0239196533513138,0.893753760052365,5.10704367042618,1,2361.27236619142,-0.946119238150425
"7283","DERA",0.0239642493737159,0.893753760052365,5.10380513293991,1,2361.27236619142,-0.543949851207913
"7846","PARP4",0.0239705440880493,0.893753760052365,5.10334851833074,1,2361.27236619142,-0.294663592959211
"9536","ELP5",0.0240596671304736,0.893753760052365,5.09689691387766,1,2361.27236619142,-1.28528609316458
"12070","CELSR1",0.0241231075591393,0.893753760052365,5.09231956849794,1,2361.27236619142,-0.841327541297806
"12301","IL2RG",0.0242341740077446,0.893753760052365,5.0843359297699,1,2361.27236619142,0.603347506683599
"6490","TRIM22",0.0245300022267594,0.893753760052365,5.06325529095419,1,2361.27236619142,-0.302180498291271
"672","ATP1A1",0.0245835273363459,0.893753760052365,5.05946932522017,1,2361.27236619142,0.439582925526939
"6628","ARHGAP1",0.0246615639412631,0.893753760052365,5.05396491201865,1,2361.27236619142,-1.04731574124961
"7016","CUL5",0.024700287570049,0.893753760052365,5.05124020274352,1,2361.27236619142,0.344390696635515
"11225","TSEN34",0.0247752783077788,0.893753760052365,5.04597622554507,1,2361.27236619142,-0.706702320442023
"8633","ANXA2",0.0247933879486443,0.893753760052365,5.0447074996972,1,2361.27236619142,0.256253721905365
"6259","MARVELD1",0.0248213042285469,0.893753760052365,5.04275362446573,1,2361.27236619142,-2.46180550648768
"2194","ITGA9",0.0249867898498206,0.893753760052365,5.0312178709283,1,2361.27236619142,-0.636371595801183
"12414","STAG2",0.0250034933149311,0.893753760052365,5.03005791022335,1,2361.27236619142,-0.365099740934502
"10457","MAP2K2",0.0250840673939879,0.893753760052365,5.02447378353267,1,2361.27236619142,-0.454054379807041
"974","COP1",0.0252603354512156,0.893753760052365,5.0123223638284,1,2361.27236619142,0.236360394423291
"4182","SH3BGRL2",0.0252699953118036,0.893753760052365,5.01165898920142,1,2361.27236619142,-10
"8293","COQ6",0.0252742101685351,0.893753760052365,5.01136962359509,1,2361.27236619142,-2.40555804670312
"5454","KANK1",0.0253702069139255,0.893753760052365,5.0047926324827,1,2361.27236619142,1.13883959508625
"5691","MSANTD3",0.02550748049777,0.893753760052365,4.99543245255958,1,2361.27236619142,0.729126587255856
"4606","MYO1G",0.0255649505677167,0.893753760052365,4.99152931696086,1,2361.27236619142,-0.972166456258716
"4931","TRIM24",0.0259240789793973,0.893753760052365,4.96734345475742,1,2361.27236619142,0.516787859289323
"11495","UQCC1",0.0260723185836367,0.893753760052365,4.95746150492286,1,2361.27236619142,0.562442355271866
"9643","GRAP",0.0260873536410254,0.893753760052365,4.95646250248403,1,2361.27236619142,-10
"10166","CENPX",0.0261507942251585,0.893753760052365,4.95225378335082,1,2361.27236619142,-0.812890584814742
"2134","FGD5",0.0263083524782259,0.893753760052365,4.94184695103718,1,2361.27236619142,-10
"5075","DOK2",0.0263200040057047,0.893753760052365,4.94107993495399,1,2361.27236619142,-0.489605901193431
"10212","NDUFV2",0.0263422396009978,0.893753760052365,4.93961715276255,1,2361.27236619142,-0.319382139774866
"2027","EIF4E2",0.0263976739786035,0.893753760052365,4.93597595247387,1,2361.27236619142,-0.457798872044061
"1312","PTRHD1",0.0263987705674768,0.893753760052365,4.93590400340488,1,2361.27236619142,0.7556097841563
"7575","POC1B",0.026485547107934,0.893753760052365,4.93022027998969,1,2361.27236619142,0.584246053917684
"705","NBPF10",0.0265462357662991,0.893753760052365,4.92625676845618,1,2361.27236619142,0.886699178158455
"1907","CASP8",0.0265914474268109,0.893753760052365,4.92331016431356,1,2361.27236619142,-0.522570387196798
"4869","MDFIC",0.0266001480569841,0.893753760052365,4.92274371135792,1,2361.27236619142,0.312201721256426
"7042","PTS",0.0266625510065858,0.893753760052365,4.91868661811784,1,2361.27236619142,-0.691368608542215
"1615","CNNM4",0.0267662923018772,0.893753760052365,4.91196374568717,1,2361.27236619142,0.855184944451328
"505","ANKRD13C",0.0267974028286678,0.893753760052365,4.9099529350592,1,2361.27236619142,-0.589671811269587
"361","RIMKLA",0.0268969797245721,0.893753760052365,4.90353313007437,1,2361.27236619142,1.7870590236866
"6623","DGKZ",0.0269998904447485,0.893753760052365,4.89692432198775,1,2361.27236619142,0.450512096997264
"10219","NAPG",0.0270255849252129,0.893753760052365,4.89527834069697,1,2361.27236619142,0.475503246778291
"4514","SP4",0.0272334212717805,0.893753760052365,4.88202395652077,1,2361.27236619142,-1.18803808066487
"5517","B4GALT1",0.0272687516525018,0.893753760052365,4.87978129725417,1,2361.27236619142,-0.377176506341242
"6821","KLC2",0.0273025726581809,0.893753760052365,4.87763727938925,1,2361.27236619142,-10
"316","LSM10",0.0273801241346055,0.893753760052365,4.87273146967469,1,2361.27236619142,-0.478995113541342
"5521","NOL6",0.0274403943266967,0.893753760052365,4.86892882907447,1,2361.27236619142,1.54395719281241
"8812","SEMA4B",0.0277072307716623,0.893753760052365,4.85219705673214,1,2361.27236619142,-1.04694405984759
"1977","CYP27A1",0.027709764269653,0.893753760052365,4.85203900076343,1,2361.27236619142,0.361716923848416
"5889","BRD3OS",0.0278038375187332,0.893753760052365,4.84618073021646,1,2361.27236619142,-10
"3047","PTPN13",0.0278746484630013,0.893753760052365,4.84178468134509,1,2361.27236619142,1.96235718187828
"5433","VPS28",0.0279142551607655,0.893753760052365,4.83933090619836,1,2361.27236619142,-0.423519310424356
"1200","SIPA1L2",0.0279649348871853,0.893753760052365,4.83619639931727,1,2361.27236619142,-0.409912977489212
"8677","SMAD3",0.0279737742109121,0.893753760052365,4.83565029893134,1,2361.27236619142,0.941629557889045
"1267","ID2",0.028021294571523,0.893753760052365,4.83271752969093,1,2361.27236619142,-0.670354183227477
"9213","BBS2",0.0280281217123699,0.893753760052365,4.83229661099254,1,2361.27236619142,-0.882539025155343
"4465","FOXK1",0.0280497332526052,0.893753760052365,4.83096488247192,1,2361.27236619142,-0.653128575600418
"4414","IGF2R",0.0280843430054474,0.893753760052365,4.82883441282856,1,2361.27236619142,0.27063334006569
"7937","SPRYD7",0.0280959600077524,0.893753760052365,4.82811991879708,1,2361.27236619142,-1.42669318186379
"8184","PSMC6",0.0281043210821454,0.893753760052365,4.82760586825624,1,2361.27236619142,0.401373297844542
"5588","TRPM3",0.0281577266678293,0.893753760052365,4.82432617087586,1,2361.27236619142,2.10265684786888
"6919","XRRA1",0.0282169492583376,0.893753760052365,4.82069681085456,1,2361.27236619142,0.822749249096084
"8086","DCAF11",0.0284179879310928,0.893753760052365,4.80843539255553,1,2361.27236619142,-0.752620770721221
"592","CDC14A",0.0286073393314146,0.893753760052365,4.79696912811335,1,2361.27236619142,0.550001794320846
"4905","NRF1",0.028623701832382,0.893753760052365,4.79598200260032,1,2361.27236619142,-0.518133871840909
"1246","ZNF669",0.028861163147871,0.893753760052365,4.78172211938157,1,2361.27236619142,-2.35287735479146
"9663","NLK",0.0288664138741714,0.893753760052365,4.78140818894102,1,2361.27236619142,0.328814599628543
"3632","DIAPH1",0.0288722856387663,0.893753760052365,4.78105719832275,1,2361.27236619142,0.507179157154835
"4193","CYB5R4",0.0288736091854754,0.893753760052365,4.78097809226243,1,2361.27236619142,-0.317357487023047
"8468","KLF13",0.0290086477769975,0.893753760052365,4.77292686867718,1,2361.27236619142,-0.364878953253635
"9753","GGNBP2",0.0291811282229917,0.893753760052365,4.76269991296375,1,2361.27236619142,0.352894479400654
"2995","PPBP",0.0292062069075689,0.893753760052365,4.76121815950981,1,2361.27236619142,-3.41566501175963
"12009","TNRC6B",0.0292157375019459,0.893753760052365,4.76065539986493,1,2361.27236619142,0.250839029803094
"5592","ZFAND5",0.02922154029897,0.893753760052365,4.76031285176828,1,2361.27236619142,0.310162086182023
"2869","SORCS2",0.0292619195814019,0.893753760052365,4.75793116148221,1,2361.27236619142,-2.51069953326331
"8400","CCDC85C",0.029268679409836,0.893753760052365,4.75753278141127,1,2361.27236619142,2.43147070621518
"8307","EIF2B2",0.0292771007612549,0.893753760052365,4.75703661617029,1,2361.27236619142,-1.26589828335765
"9471","TAX1BP3",0.0293744520774664,0.893753760052365,4.75131169193782,1,2361.27236619142,-0.801625742611662
"10803","ZNF91",0.0293792264956797,0.893753760052365,4.75103143237137,1,2361.27236619142,-0.502387816638367
"10063","JPT1",0.0295830797057987,0.893753760052365,4.73910927760615,1,2361.27236619142,-0.325094172840022
"12173","PDK3",0.0296953215292416,0.893753760052365,4.73258142975101,1,2361.27236619142,0.443526337425029
"1710","ERCC3",0.0297446558067689,0.893753760052365,4.72972034194898,1,2361.27236619142,0.59077022109039
"12076","ALG12",0.0297967953378085,0.893753760052365,4.72670193906182,1,2361.27236619142,0.914827956430665
"11234","LENG9",0.0299412974814065,0.893753760052365,4.71836527828416,1,2361.27236619142,-10
"4239","BEND3",0.0300340919215786,0.893753760052365,4.71303384524243,1,2361.27236619142,2.50328374140424
"3958","DDAH2",0.0300353337188253,0.893753760052365,4.71296261526541,1,2361.27236619142,-0.488080192334701
"8901","NDUFB10",0.0300571717319064,0.893753760052365,4.71171047991508,1,2361.27236619142,-0.343296751197652
"9316","EXOSC6",0.0301287597501477,0.893753760052365,4.70761245015721,1,2361.27236619142,-1.14357466202101
"12451","FGF13",0.0302518802702253,0.893753760052365,4.70058815549007,1,2361.27236619142,-10
"1556","POLE4",0.0302596268795567,0.893753760052365,4.70014719198459,1,2361.27236619142,-0.686689457090899
"6844","ANKRD13D",0.030385585966263,0.893753760052365,4.69299364610934,1,2361.27236619142,-0.465610309541024
"3163","RNF150",0.0303868310397205,0.893753760052365,4.69292308961265,1,2361.27236619142,-1.50672109370097
"11373","DDRGK1",0.0304474507819398,0.893753760052365,4.68949149995728,1,2361.27236619142,0.419575753867757
"8965","UBALD1",0.0304500193444578,0.893753760052365,4.68934625503918,1,2361.27236619142,-1.52975876024342
"10732","CCDC124",0.0305029717895761,0.893753760052365,4.6863547888971,1,2361.27236619142,-0.83815597350102
"5945","PNPLA7",0.0305230608848974,0.893753760052365,4.68522130387415,1,2361.27236619142,0.995648668789676
"7242","CLECL1",0.0306198141880221,0.893753760052365,4.67977307978474,1,2361.27236619142,0.607579187541288
"8517","VPS18",0.0306883453076501,0.893753760052365,4.67592491503029,1,2361.27236619142,0.677342344413408
"8255","RDH12",0.0307104288819427,0.893753760052365,4.67468678623017,1,2361.27236619142,2.59162977527778
"1532","DGUOK",0.0307223048097884,0.893753760052365,4.67402133926417,1,2361.27236619142,0.365711317798489
"3560","SEPTIN8",0.0307226994809735,0.893753760052365,4.67399922915859,1,2361.27236619142,-10
"2856","EVC",0.0307339031293939,0.893753760052365,4.6733717065876,1,2361.27236619142,0.820582450002937
"1058","TMEM183A",0.0309122207151251,0.893753760052365,4.66341604582313,1,2361.27236619142,-0.608091292114424
"10583","CDKN2D",0.0309974064235641,0.893753760052365,4.65868116848876,1,2361.27236619142,-10
"5263","OSGIN2",0.0310748544220544,0.893753760052365,4.65438814615823,1,2361.27236619142,0.570416836391911
"11167","NKG7",0.031119189721045,0.893753760052365,4.65193561755068,1,2361.27236619142,-10
"7075","ARCN1",0.0311558971983309,0.893753760052365,4.64990780069066,1,2361.27236619142,-0.486750585533362
"9522","FBXO39",0.0311695740485295,0.893753760052365,4.6491528933113,1,2361.27236619142,-10
"1805","DCAF17",0.0314040649069996,0.893753760052365,4.63626344471773,1,2361.27236619142,0.833698638272582
"2614","RNF7",0.0314207352651689,0.893753760052365,4.63535093963629,1,2361.27236619142,-0.332388595619477
"861","ARHGEF11",0.0314435865822872,0.893753760052365,4.63410092094536,1,2361.27236619142,0.353044543716457
"6942","AAMDC",0.0315149247650616,0.893753760052365,4.63020465375515,1,2361.27236619142,-0.535760488544085
"10629","ZNF709",0.0315595974895239,0.893753760052365,4.62776945527262,1,2361.27236619142,0.940238080554906
"1434","STPG4",0.0316137597917968,0.893753760052365,4.62482178306035,1,2361.27236619142,0.919730543176469
"9159","HSD3B7",0.0316737772061472,0.893753760052365,4.62156161023456,1,2361.27236619142,0.597472489775552
"8152","FANCM",0.0317347391657558,0.893753760052365,4.61825672543723,1,2361.27236619142,0.749954329063803
"2610","SLC25A36",0.0318824888611623,0.893753760052365,4.61027430556977,1,2361.27236619142,0.40396920377778
"2377","WNT5A",0.0323312925581971,0.893753760052365,4.58626176653946,1,2361.27236619142,-1.29723680857645
"3467","MBLAC2",0.0324103927040365,0.893753760052365,4.58206574425726,1,2361.27236619142,-10
"3480","RFESD",0.032415247491247,0.893753760052365,4.58180856107851,1,2361.27236619142,2.04702860000666
"2323","RASSF1",0.0325470288505452,0.893753760052365,4.57484274931744,1,2361.27236619142,0.51015069423639
"1239","KIF26B",0.0325490883302229,0.893753760052365,4.57473412155374,1,2361.27236619142,2.64593141240634
"7866","USPL1",0.0325719791106778,0.893753760052365,4.57352722491232,1,2361.27236619142,0.476154644723645
"2547","TXNRD3",0.0325919998547267,0.893753760052365,4.57247237466989,1,2361.27236619142,1.11998326903536
"9223","NLRC5",0.032714948178698,0.893753760052365,4.56600929762563,1,2361.27236619142,-0.440216598887471
"4890","LRRC4",0.0327351510666504,0.893753760052365,4.56494971187678,1,2361.27236619142,-10
"4280","CALHM6",0.0327718183280398,0.893753760052365,4.56302835940533,1,2361.27236619142,-0.612170390023114
"4727","GATAD1",0.0327785371264032,0.893753760052365,4.56267654008629,1,2361.27236619142,-0.467384524992672
"8699","MYO9A",0.0329003821986569,0.893753760052365,4.55630935594499,1,2361.27236619142,-0.482010146122516
"7121","FEZ1",0.0329014969656562,0.893753760052365,4.5562512160552,1,2361.27236619142,1.77595875987691
"1711","MAP3K2",0.033081418780855,0.893753760052365,4.54689439877813,1,2361.27236619142,0.256460215437478
"1087","EIF2D",0.0331305129575348,0.893753760052365,4.54435049516041,1,2361.27236619142,1.05197271172381
"2362","GLT8D1",0.0332074230393123,0.893753760052365,4.54037317009071,1,2361.27236619142,-0.989945614951294
"11433","RALGAPA2",0.0332089969863228,0.893753760052365,4.54029187562096,1,2361.27236619142,0.453511485470509
"265","SPOCD1",0.0332625936051846,0.893753760052365,4.53752600746315,1,2361.27236619142,0.984402804172478
"4391","SCAF8",0.033299606753085,0.893753760052365,4.53561865178169,1,2361.27236619142,-0.425404175367849
"11677","OPRL1",0.033338998121267,0.893753760052365,4.53359117470078,1,2361.27236619142,-10
"6768","EHD1",0.0333790191079933,0.893753760052365,4.53153385391164,1,2361.27236619142,-2.33413725292779
"7798","BRI3BP",0.0334760666906964,0.893753760052365,4.52655570965205,1,2361.27236619142,-0.8488836509406
"2712","USP13",0.0334779442770482,0.893753760052365,4.52645954597548,1,2361.27236619142,1.74565527314095
"5495","HACD4",0.0336219809933088,0.893753760052365,4.51909922650408,1,2361.27236619142,-0.852683879421975
"10002","DDX42",0.0337821151218044,0.893753760052365,4.51095492477892,1,2361.27236619142,0.416253973162626
"8881","UBE2I",0.034004499621235,0.893753760052365,4.4997113239765,1,2361.27236619142,-0.426097878504424
"8300","NPC2",0.0340658229261236,0.893753760052365,4.4966243849141,1,2361.27236619142,0.176785041876839
"1670","BUB1",0.0340951309333248,0.893753760052365,4.4951511080793,1,2361.27236619142,-10
"10979","CEACAM4",0.0341674064715967,0.893753760052365,4.49152356054575,1,2361.27236619142,-10
"5321","LRP12",0.0342109862837947,0.893753760052365,4.48934014323862,1,2361.27236619142,0.399734633043504
"1917","FAM117B",0.0342573032231382,0.893753760052365,4.48702277822312,1,2361.27236619142,1.44476793217477
"7712","RBM19",0.0342837273992585,0.893753760052365,4.48570217107123,1,2361.27236619142,0.769162507486947
"5203","RAB2A",0.0343965255339611,0.893753760052365,4.48007678042253,1,2361.27236619142,-0.282015601056006
"12054","EFCAB6",0.0344426679893197,0.893753760052365,4.47778115522321,1,2361.27236619142,-10
"4895","METTL2B",0.0344825721566271,0.893753760052365,4.47579848272408,1,2361.27236619142,-1.20385422440701
"6350","ABLIM1",0.0345107484176768,0.893753760052365,4.47439996646413,1,2361.27236619142,-10
"9379","MEAK7",0.0345793813469707,0.893753760052365,4.47099839392942,1,2361.27236619142,-1.77421494400785
"1279","HPCAL1",0.0345915952256519,0.893753760052365,4.47039379233719,1,2361.27236619142,-0.417977171838376
"10798","ZNF100",0.0347141409114945,0.893753760052365,4.4643399679854,1,2361.27236619142,0.546816450712862
"12201","RP2",0.0347564091966376,0.893753760052365,4.46225707637959,1,2361.27236619142,-0.564397632836397
"8884","UNKL",0.0347581636258249,0.893753760052365,4.46217067912202,1,2361.27236619142,0.805308295887013
"11448","GINS1",0.0348290135372238,0.893753760052365,4.45868546711918,1,2361.27236619142,1.3378716848663
"8424","KLC1",0.0349157773175036,0.893753760052365,4.45442751987514,1,2361.27236619142,0.36042142697548
"5922","PTGDS",0.0349453805335079,0.893753760052365,4.45297726994155,1,2361.27236619142,-10
"7195","NOP2",0.03495902421192,0.893753760052365,4.45230930425202,1,2361.27236619142,0.879580601085317
"5317","DCAF13",0.0350743498566215,0.893753760052365,4.44667407963011,1,2361.27236619142,-1.35631228228746
"4818","POLR2J",0.0351731406359925,0.893753760052365,4.44186220709053,1,2361.27236619142,-0.408918687133356
"4130","ANKRD66",0.0352459977440885,0.893753760052365,4.43832255848912,1,2361.27236619142,2.53097250224165
"9747","CCL3",0.0352694488939795,0.893753760052365,4.4371848501546,1,2361.27236619142,0.907921300212566
"12142","PIR",0.0353872097421686,0.893753760052365,4.43148374989862,1,2361.27236619142,0.695756407988976
"4626","SUMF2",0.035437231810964,0.893753760052365,4.42906806226297,1,2361.27236619142,-0.473851270689335
"1694","MARCO",0.0354780581592636,0.893753760052365,4.42709910255581,1,2361.27236619142,-10
"4062","GLO1",0.035488010742627,0.893753760052365,4.42661947223548,1,2361.27236619142,-0.578655741617987
"1406","CDKL4",0.0356223694728074,0.893753760052365,4.42015826610794,1,2361.27236619142,-10
"1970","USP37",0.035769871983901,0.893753760052365,4.41309430218972,1,2361.27236619142,-0.598002984135928
"6545","C11orf58",0.0357932311639517,0.893753760052365,4.41197841833487,1,2361.27236619142,-0.272947464334596
"9910","ATP5MC1",0.0358773784579578,0.893753760052365,4.40796495693847,1,2361.27236619142,-0.570941159068188
"7493","R3HDM2",0.0359214299828659,0.893753760052365,4.40586781909155,1,2361.27236619142,-0.370643107590646
"6875","TPCN2",0.0359901838338679,0.893753760052365,4.40260006662103,1,2361.27236619142,0.708930444657858
"8289","PNMA1",0.0360053063208459,0.893753760052365,4.40188219790259,1,2361.27236619142,1.07792695161702
"8149","TOGARAM1",0.0360414333988585,0.893753760052365,4.4001685127742,1,2361.27236619142,0.507084846290802
"3860","GMPR",0.0360768853183981,0.893753760052365,4.39848860173135,1,2361.27236619142,0.40901611085074
"7354","HDAC7",0.0362327086192283,0.893753760052365,4.3911252625003,1,2361.27236619142,0.631238542980059
"11672","ZNF512B",0.0363156039213792,0.893753760052365,4.38722159754028,1,2361.27236619142,-2.29156000356234
"6030","PRTFDC1",0.0364991244276045,0.893753760052365,4.37861244459585,1,2361.27236619142,-1.84122504388527
"3250","CFAP97",0.0365627757748423,0.893753760052365,4.37563707608508,1,2361.27236619142,-0.725502954205002
"7247","CLEC1A",0.0366117478330267,0.893753760052365,4.37335157919111,1,2361.27236619142,-1.57177822467437
"111","VPS13D",0.0366221778543027,0.893753760052365,4.37286523001797,1,2361.27236619142,0.304854496949193
"1140","BROX",0.03665245083856,0.893753760052365,4.37145443013035,1,2361.27236619142,-0.467769000064583
"1530","DUSP11",0.0366817974979566,0.893753760052365,4.37008796432875,1,2361.27236619142,-0.748451421176206
"11905","NF2",0.0368232025833435,0.893753760052365,4.36351974934853,1,2361.27236619142,-0.723489354960065
"6593","CAPRIN1",0.0369444339262062,0.893753760052365,4.3579096060269,1,2361.27236619142,0.334994046864242
"3676","ANXA6",0.0369745506735146,0.893753760052365,4.35651890455127,1,2361.27236619142,0.462498314266113
"4299","NKAIN2",0.0371069036673383,0.893753760052365,4.35042127824068,1,2361.27236619142,1.97552526563676
"9337","PMFBP1",0.0371331035203461,0.893753760052365,4.34921692942853,1,2361.27236619142,0.611444433469388
"10124","ENGASE",0.0371649879913388,0.893753760052365,4.34775247228101,1,2361.27236619142,0.764064582289465
"3550","FNIP1",0.0371769234302597,0.893753760052365,4.34720461500268,1,2361.27236619142,0.271063438922324
"5497","KLHL9",0.037177926561929,0.893753760052365,4.34715857792347,1,2361.27236619142,0.665511955728848
"12000","APOBEC3H",0.0371836444463008,0.893753760052365,4.34689618987688,1,2361.27236619142,-1.06281522796393
"1983","ABCB6",0.0374860379378857,0.893753760052365,4.33307958478165,1,2361.27236619142,-10
"9268","TMEM208",0.0376552784586877,0.893753760052365,4.3253977518864,1,2361.27236619142,-0.563895484605875
"1737","UBXN4",0.0376664706921495,0.893753760052365,4.32489101277964,1,2361.27236619142,0.271493370521866
"767","SNX27",0.0376787690081802,0.893753760052365,4.32433437673958,1,2361.27236619142,0.338592524379929
"8269","COX16",0.0377269339226371,0.893753760052365,4.32215620934557,1,2361.27236619142,0.363729380508122
"11556","SDC4",0.0377843832679788,0.893753760052365,4.31956198092081,1,2361.27236619142,-1.47117638357553
"831","DAP3",0.0378118958702204,0.893753760052365,4.31832106420242,1,2361.27236619142,0.40904967415233
"7312","KLHL42",0.037847747029309,0.893753760052365,4.31670546871607,1,2361.27236619142,-1.20748978425818
"932","CREG1",0.0378518000135991,0.893753760052365,4.31652292613387,1,2361.27236619142,-0.183508763084168
"351","ZFP69",0.0379075718973453,0.893753760052365,4.31401309273089,1,2361.27236619142,-10
"1399","GALM",0.0380879172164397,0.893753760052365,4.30592366149144,1,2361.27236619142,0.216729701034594
"4743","SLC25A13",0.0381178288650512,0.893753760052365,4.3045858522301,1,2361.27236619142,0.40884814188037
"6845","SSH3",0.0381285501289574,0.893753760052365,4.30410660787251,1,2361.27236619142,-1.74663725551297
"11123","ALDH16A1",0.0381578491560073,0.893753760052365,4.30279765135784,1,2361.27236619142,-0.814969159084518
"1022","RGS13",0.0382061972644234,0.893753760052365,4.30063996584075,1,2361.27236619142,2.01925940622605
"9474","ITGAE",0.0383111045150045,0.893753760052365,4.29596798444833,1,2361.27236619142,0.44276129965719
"5217","MCMDC2",0.0384443705262075,0.893753760052365,4.29005237673711,1,2361.27236619142,2.10540864100051
"3341","TMEM267",0.0384802154465753,0.893753760052365,4.28846491055589,1,2361.27236619142,0.737328674687975
"5231","STAU2",0.0384960036873589,0.893753760052365,4.28776618783518,1,2361.27236619142,0.296392063936513
"5161","GINS4",0.0385239103726913,0.893753760052365,4.28653188752049,1,2361.27236619142,-2.30546326999505
"5331","EIF3H",0.0385736051339299,0.893753760052365,4.28433623100636,1,2361.27236619142,-0.324794848467939
"6858","GSTP1",0.0386401252265926,0.893753760052365,4.28140182379098,1,2361.27236619142,-0.251753388813354
"8745","PEAK1",0.0386972716576697,0.893753760052365,4.27888514719443,1,2361.27236619142,0.27865540388268
"4123","CDC5L",0.0389013742366668,0.893753760052365,4.26992838551929,1,2361.27236619142,-0.476090697579382
"2229","SNRK",0.0389629921798614,0.893753760052365,4.26723405506516,1,2361.27236619142,-0.486073802564934
"1567","RETSAT",0.039015865952351,0.893753760052365,4.26492563801328,1,2361.27236619142,-1.18286865713714
"8288","DNAL1",0.0391676192806904,0.893753760052365,4.25831842625523,1,2361.27236619142,-1.32325843518595
"2285","ARIH2",0.0393358635505237,0.893753760052365,4.25102454731645,1,2361.27236619142,-0.411712410431184
"1923","ABI2",0.0395646292316391,0.893753760052365,4.24115925358945,1,2361.27236619142,0.525855981180456
"7161","FBXL14",0.0397096539167541,0.893753760052365,4.23493617395216,1,2361.27236619142,0.930165158081796
"10082","TRIM47",0.0397102032514082,0.893753760052365,4.23491264712657,1,2361.27236619142,1.40805187444027
"3772","PHYKPL",0.0397257787093076,0.893753760052365,4.23424572582074,1,2361.27236619142,-0.53691038876084
"9423","FANCA",0.0397999026475689,0.893753760052365,4.23107559090116,1,2361.27236619142,1.0532294468051
"7366","CCDC65",0.0398085486484854,0.893753760052365,4.23070622225538,1,2361.27236619142,-2.25631906423186
"7444","BLOC1S1",0.0398344102896417,0.893753760052365,4.22960188121015,1,2361.27236619142,-0.251216049160261
"10927","MRPS12",0.0398485496166815,0.893753760052365,4.22899842345596,1,2361.27236619142,-0.757230484459621
"4112","MAD2L1BP",0.0399059653213116,0.893753760052365,4.22655026478312,1,2361.27236619142,0.82536961762209
"8897","NUBP2",0.0399340235469827,0.893753760052365,4.22535523011381,1,2361.27236619142,0.717487868355798
"5739","ZNF618",0.0399456801311351,0.893753760052365,4.22485902094706,1,2361.27236619142,0.505297044224736
"11057","FBXO46",0.0399911556867795,0.893753760052365,4.22292462461877,1,2361.27236619142,-1.17472216262914
"12473","ABCD1",0.0400818431604497,0.893753760052365,4.21907393370954,1,2361.27236619142,-0.57555366965708
"512","TNNI3K",0.0400821447370806,0.893753760052365,4.21906114370055,1,2361.27236619142,-2.32605012876823
"4645","SBDS",0.0401004239824781,0.893753760052365,4.21828610082767,1,2361.27236619142,0.456765383269491
"2313","RBM6",0.0402268851922919,0.893753760052365,4.21293426806056,1,2361.27236619142,0.273321469240357
"4122","AARS2",0.0402537786454821,0.893753760052365,4.211798417006,1,2361.27236619142,-1.45560627970914
"1122","RPS6KC1",0.0402595741617109,0.893753760052365,4.2115537464662,1,2361.27236619142,0.322730558157635
"7207","USP5",0.040394306173126,0.893753760052365,4.20587614044717,1,2361.27236619142,0.851487847375418
"1877","CCDC150",0.0404576007908724,0.893753760052365,4.20321576968543,1,2361.27236619142,-10
"12099","RABL2B",0.0405490079946827,0.893753760052365,4.19938149004568,1,2361.27236619142,0.880857610021378
"129","ARHGEF19",0.0405653977924736,0.893753760052365,4.19869494344703,1,2361.27236619142,-10
"12286","ZC4H2",0.0406202110261791,0.893753760052365,4.19640100601102,1,2361.27236619142,-1.42655679395683
"9138","SEPHS2",0.0406418593744635,0.893753760052365,4.19549591693719,1,2361.27236619142,-0.427519372473001
"84","NMNAT1",0.0406767185740126,0.893753760052365,4.19403956345131,1,2361.27236619142,-0.77725789456263
"10049","CD300E",0.0407572473533959,0.893753760052365,4.19068022620313,1,2361.27236619142,-1.75601658858064
"1919","WDR12",0.0408020465041038,0.893753760052365,4.18881440331827,1,2361.27236619142,0.828783488197338
"1612","ARID5A",0.0408221449138721,0.893753760052365,4.18797803162848,1,2361.27236619142,0.43557836914179
"4174","TMEM30A",0.0408357311625871,0.893753760052365,4.18741290093351,1,2361.27236619142,-0.265500303543656
"11940","SYN3",0.0411144295770807,0.893953508612507,4.17586361877002,1,2361.27236619142,1.93275374454636
"7469","ANKRD52",0.0414441086263888,0.893953508612507,4.16230746429565,1,2361.27236619142,0.767989551519647
"2563","CNBP",0.0414632728735332,0.893953508612507,4.1615229342803,1,2361.27236619142,0.265592263611705
"12119","ANOS1",0.0415365589850084,0.893953508612507,4.15852632051073,1,2361.27236619142,1.36254629473133
"302","TFAP2E",0.0415593075569214,0.893953508612507,4.15759727892051,1,2361.27236619142,-10
"10939","EID2B",0.0415667583190693,0.893953508612507,4.15729310932194,1,2361.27236619142,1.20739680837892
"3006","USO1",0.0415800635348583,0.893953508612507,4.156750080302,1,2361.27236619142,0.337006501503052
"4009","B3GALT4",0.0416193853908951,0.893953508612507,4.15514629490703,1,2361.27236619142,-0.793138236654417
"3536","GRAMD2B",0.0416567624159998,0.893953508612507,4.15362330773474,1,2361.27236619142,-2.36294723045105
"3826","LY86",0.0416857309068681,0.893953508612507,4.15244392778719,1,2361.27236619142,-0.328592651105431
"4719","CDK14",0.0416930547380973,0.893953508612507,4.15214589270835,1,2361.27236619142,0.410675726308034
"6448","CRACR2B",0.0417946010237842,0.893953508612507,4.14801924418072,1,2361.27236619142,-10
"5853","NCS1",0.0418228804190938,0.893953508612507,4.14687189978272,1,2361.27236619142,0.814248857740658
"8237","PPP1R36",0.0418428123399682,0.893953508612507,4.14606371697938,1,2361.27236619142,2.27885112116547
"11440","NAPB",0.041921023920617,0.894101294198057,4.14289636552056,1,2361.27236619142,0.664265210807147
"5537","VCP",0.0421238162921133,0.896901154701856,4.13471269703302,1,2361.27236619142,0.31980026622026
"348","COL9A2",0.0422158729574061,0.897337733489542,4.13101142190792,1,2361.27236619142,-10
"4353","PHACTR2",0.0423911873336252,0.899539560661579,4.123986066096,1,2361.27236619142,0.239713416084277
"10305","MRO",0.0427524348747432,0.905672780007018,4.10960570885434,1,2361.27236619142,-0.785755014510473
"2317","IFRD2",0.0430870445379986,0.911157892403938,4.096399338664,1,2361.27236619142,0.97387199560725
"7812","NOC4L",0.0432069120896926,0.911157892403938,4.09169464699132,1,2361.27236619142,-1.70847471944219
"2991","CXCL8",0.0432293234973561,0.911157892403938,4.09081654417311,1,2361.27236619142,-0.986767923212476
"11398","BMP2",0.0433051763979065,0.911225196654606,4.0878480980177,1,2361.27236619142,1.40458365498453
"3964","HSPA1A",0.0434477603633269,0.911525899258112,4.08228296558168,1,2361.27236619142,-0.508143233638227
"2976","POLR2B",0.0434648343637948,0.911525899258112,4.08161784693528,1,2361.27236619142,0.414141330378133
"9978","TUBD1",0.0435731042946938,0.912250407144508,4.07740657716675,1,2361.27236619142,-0.96906126879379
"7320","SINHCAF",0.0438277515325692,0.912250407144508,4.06754508198077,1,2361.27236619142,0.587779903341662
"5745","TNFSF15",0.0438844172814015,0.912250407144508,4.06535884455349,1,2361.27236619142,-2.44940190714233
"875","KCNJ10",0.0438973459284378,0.912250407144508,4.06486045720032,1,2361.27236619142,2.92180524463775
"7925","LPAR6",0.0443521599676044,0.912250407144508,4.04742547849383,1,2361.27236619142,-0.229527627758067
"10602","EPOR",0.04442839767557,0.912250407144508,4.0445213951463,1,2361.27236619142,1.58050433347373
"2737","CLCN2",0.0446433465488313,0.912250407144508,4.03636163898899,1,2361.27236619142,1.89512176953232
"4631","ZNF107",0.044688571733875,0.912250407144508,4.03465009905638,1,2361.27236619142,-0.639151046573299
"7027","ARHGAP20",0.0446929874940485,0.912250407144508,4.0344830831109,1,2361.27236619142,1.61146038735334
"2699","ECT2",0.0447662077772974,0.912250407144508,4.03171622616855,1,2361.27236619142,0.693108963004339
"10757","COPE",0.0448135702802182,0.912250407144508,4.02992902462983,1,2361.27236619142,-0.2728212194338
"6389","FAM53B",0.0448149835420802,0.912250407144508,4.02987572644809,1,2361.27236619142,0.534680933926775
"12196","KDM6A",0.0448818803601418,0.912250407144508,4.02735487834928,1,2361.27236619142,0.296605852794939
"2035","ARL4C",0.04497722240783,0.912250407144508,4.02376897306264,1,2361.27236619142,-0.23210520359602
"4188","UBE3D",0.0449977600290741,0.912250407144508,4.02299758211568,1,2361.27236619142,0.858407014483388
"3789","TBC1D9B",0.0451546625644616,0.912250407144508,4.0171165554051,1,2361.27236619142,0.333266957088847
"9873","NMT1",0.0451611400229649,0.912250407144508,4.01687423015812,1,2361.27236619142,-0.447629391488388
"2866","CCDC96",0.0452655548875791,0.912250407144508,4.01297305979155,1,2361.27236619142,-10
"10645","MAST1",0.0452758496286413,0.912250407144508,4.01258893924646,1,2361.27236619142,2.85389186199219
"9424","SPIRE2",0.0452967003623037,0.912250407144508,4.01181123221535,1,2361.27236619142,-10
"960","SUCO",0.0453034210790915,0.912250407144508,4.01156063805261,1,2361.27236619142,0.491401221758699
"10649","CALR",0.0454048312812026,0.912250407144508,4.00778412320569,1,2361.27236619142,0.251631801987001
"4205","RNGTT",0.0454723925642939,0.912250407144508,4.00527307308646,1,2361.27236619142,-0.458697672706435
"9903","CBX1",0.045476424587855,0.912250407144508,4.00512333924715,1,2361.27236619142,-0.448264315747397
"7319","DDX11",0.0456413136860677,0.912250407144508,3.99901195156885,1,2361.27236619142,-1.46258674441806
"2373","CACNA1D",0.0456989592126467,0.912250407144508,3.99688088877542,1,2361.27236619142,1.73122386020083
"2658","SLC33A1",0.0457050945701089,0.912250407144508,3.99665424132299,1,2361.27236619142,0.549956824152747
"7184","CD9",0.0458681046289721,0.912250407144508,3.99064417414998,1,2361.27236619142,0.293929563834456
"7971","EDNRB",0.0458881201438017,0.912250407144508,3.98990776885046,1,2361.27236619142,-2.35082479872369
"7955","TDRD3",0.0459430157715772,0.912250407144508,3.98788980103007,1,2361.27236619142,0.335016037740945
"812","ZBTB7B",0.0460055365376248,0.912250407144508,3.98559462695767,1,2361.27236619142,0.560520236265221
"12533","MT-ND6",0.0460960915640623,0.912250407144508,3.98227612411835,1,2361.27236619142,0.316362973498382
"9406","CTU2",0.0461774852131057,0.912250407144508,3.97929921293486,1,2361.27236619142,-10
"1975","STK36",0.046177825173112,0.912250407144508,3.97928679076243,1,2361.27236619142,1.16174127853615
"9496","SLC25A11",0.0462061947485793,0.912250407144508,3.97825050335921,1,2361.27236619142,-0.613255020559193
"5021","UBE3C",0.0462681866033793,0.912250407144508,3.97598839040242,1,2361.27236619142,0.340193874978297
"1215","LYST",0.0462993445125937,0.912250407144508,3.97485262990909,1,2361.27236619142,-0.445910625295214
"9430","GAS8",0.0464463393006474,0.912250407144508,3.96950526241434,1,2361.27236619142,-10
"4536","NFE2L3",0.0464688330547084,0.912250407144508,3.9686885610414,1,2361.27236619142,0.73655674164393
"2261","NBEAL2",0.0465060784995276,0.912250407144508,3.96733717296644,1,2361.27236619142,0.866293171163512
"9797","RARA",0.0465498459795568,0.912250407144508,3.96575060213658,1,2361.27236619142,-0.947408099402371
"12084","MAPK12",0.0465545220135942,0.912250407144508,3.9655811889854,1,2361.27236619142,-10
"9267","LRRC29",0.0467330678125234,0.914320442179182,3.95912585151572,1,2361.27236619142,0.831511231598533
"3326","PTGER4",0.0468128412973444,0.914410491171053,3.95625003979011,1,2361.27236619142,0.720997057194229
"4347","ADGRG6",0.0469531026038852,0.914410491171053,3.95120617464193,1,2361.27236619142,2.77115704505009
"484","PGM1",0.0469564114754931,0.914410491171053,3.95108737803133,1,2361.27236619142,-0.710407357770837
"202","MAN1C1",0.0470699835635428,0.91520102925642,3.94701520744855,1,2361.27236619142,-0.940102966258899
"12278","SPIN2A",0.0473176026251038,0.918591415667844,3.93817256377772,1,2361.27236619142,2.17273383982252
"8814","GDPGP1",0.0474922789193961,0.920557449657105,3.93196408333168,1,2361.27236619142,1.13173694564802
"9877","HEXIM2",0.0477553455249418,0.9236515419136,3.92265930562591,1,2361.27236619142,-1.14011834271554
"8662","PARP16",0.0478584865922793,0.9236515419136,3.91902592011429,1,2361.27236619142,-2.27716408959281
"9036","IQCK",0.0480282450066288,0.9236515419136,3.91306374702142,1,2361.27236619142,1.11485655315728
"783","SNAPIN",0.0480569775271651,0.9236515419136,3.91205681946218,1,2361.27236619142,-0.743982537027557
"2080","SUMF1",0.0481168734135793,0.9236515419136,3.90995981801083,1,2361.27236619142,0.287398197838608
"9327","ZNF19",0.0481607425413528,0.9236515419136,3.90842567388812,1,2361.27236619142,-10
"1168","ZNF678",0.0481674594060676,0.9236515419136,3.90819090917262,1,2361.27236619142,0.722185168767263
"4043","MAPK14",0.0485060338899655,0.926824015292914,3.8964017937585,1,2361.27236619142,0.277605421759452
"1573","VAMP5",0.0487011569834923,0.926824015292914,3.88964704935053,1,2361.27236619142,-0.341430490037146
"8771","MEX3B",0.0487908091965151,0.926824015292914,3.88655306090685,1,2361.27236619142,2.27885112116336
"9838","BECN1",0.0488745261443927,0.926824015292914,3.88366932258997,1,2361.27236619142,-0.505053321316687
"12188","MED14",0.0488816024371464,0.926824015292914,3.88342580979676,1,2361.27236619142,0.478284954816831
"2917","KLF3",0.0488934977905793,0.926824015292914,3.88301654508376,1,2361.27236619142,0.323000191177114
"12539","AC240274.1",0.0489672763424933,0.926824015292914,3.88048050991503,1,2361.27236619142,1.07251115168353
"11855","PPIL2",0.0490636558577304,0.926824015292914,3.87717367320545,1,2361.27236619142,0.587711709409655
"5887","SARDH",0.0490713786145374,0.926824015292914,3.8769089980596,1,2361.27236619142,2.16224761636536
"8661","CLPX",0.0490719357431221,0.926824015292914,3.87688990579146,1,2361.27236619142,-0.545563733110659
"228","AHDC1",0.0491845099807477,0.927065442436625,3.87303678517083,1,2361.27236619142,0.92936346043432
"4439","PRKAR1B",0.0493317156106329,0.927065442436625,3.86801236040103,1,2361.27236619142,1.27872562334252
"9076","IL4R",0.0493398713654618,0.927065442436625,3.86773445147162,1,2361.27236619142,0.441220527797208
"3083","DDIT4L",0.0494053247837895,0.927065442436625,3.86550587031017,1,2361.27236619142,-10
"4448","INTS1",0.0494947961795837,0.927065442436625,3.86246455956687,1,2361.27236619142,0.634517319930836
"994","MR1",0.0495814645423694,0.927065442436625,3.85952406518844,1,2361.27236619142,0.360951567861448
"8639","LACTB",0.0496021778067917,0.927065442436625,3.85882210751583,1,2361.27236619142,0.26843874856633
"2958","DCUN1D4",0.0496928230194303,0.927253478312993,3.85575384700716,1,2361.27236619142,0.520360868715505
"11868","GSTT2B",0.0498745299143475,0.927253478312993,3.84962100733737,1,2361.27236619142,0.949630257663546
"8054","TOX4",0.0498898158173902,0.927253478312993,3.84910616615219,1,2361.27236619142,0.403759929939751
"1758","ARL5A",0.0499079896229384,0.927253478312993,3.84849427511975,1,2361.27236619142,-0.419884777334721
"8435","CEP170B",0.0501573186278707,0.929749495098345,3.84012336265582,1,2361.27236619142,1.59046702817794
"6986","KDM4D",0.0502590733618759,0.929749495098345,3.83671970866921,1,2361.27236619142,-10
"7203","PTMS",0.0504129732775744,0.929749495098345,3.83158564139926,1,2361.27236619142,-0.277076185837313
"3416","UTP15",0.0504375906348815,0.929749495098345,3.83076594978077,1,2361.27236619142,-10
"2504","GSK3B",0.0504811796012045,0.929749495098345,3.82931559213057,1,2361.27236619142,-0.255802111427086
"7903","DNAJC15",0.0504871546257853,0.929749495098345,3.82911688535824,1,2361.27236619142,-0.346922899258825
"3365","PLK2",0.0506657114568862,0.930464228618851,3.8231902097082,1,2361.27236619142,-10
"6295","HPS6",0.0506784261664346,0.930464228618851,3.8227690247879,1,2361.27236619142,0.908694361510832
"10912","SPRED3",0.0507485473547001,0.930464228618851,3.82044821068245,1,2361.27236619142,2.77115704143388
"5190","RP1",0.0508883518642262,0.931665431721548,3.81583118193432,1,2361.27236619142,2.1321327107573
"9804","JUP",0.0509901471777916,0.93216827369779,3.81247783757633,1,2361.27236619142,0.496350905626427
"4366","UST",0.0511571902021465,0.932441052502685,3.80699041978638,1,2361.27236619142,0.836597341237555
"6706","BEST1",0.0512193148498742,0.932441052502685,3.80495444011786,1,2361.27236619142,-0.668217855971587
"4075","FRS3",0.0512560002637851,0.932441052502685,3.80375339439559,1,2361.27236619142,-10
"10594","LDLR",0.0513078459030338,0.932441052502685,3.80205756758087,1,2361.27236619142,-10
"2965","TMEM165",0.0514605054719694,0.932441052502685,3.79707471437241,1,2361.27236619142,0.263340205383446
"3808","SERPINB9",0.0515031907439378,0.932441052502685,3.79568425295334,1,2361.27236619142,-0.645450019042581
"4086","UBR2",0.0515588260221259,0.932441052502685,3.79387377828154,1,2361.27236619142,0.280603583211526
"4361","SHPRH",0.0518079358565952,0.932441052502685,3.7857925631468,1,2361.27236619142,-0.44916567983645
"11462","ASXL1",0.0519958536263215,0.932441052502685,3.77972361284417,1,2361.27236619142,0.408488123175202
"2538","SLC12A8",0.0520532117131782,0.932441052502685,3.77787581368752,1,2361.27236619142,-2.61669037189599
"5917","PHPT1",0.0520956512684262,0.932441052502685,3.77651000432278,1,2361.27236619142,0.333928483076656
"249","YTHDF2",0.0520986061146478,0.932441052502685,3.77641495396842,1,2361.27236619142,0.35278592268353
"3191","FHDC1",0.0522164145076918,0.932441052502685,3.77262998239114,1,2361.27236619142,2.10051955047444
"9029","ITPRIPL2",0.0522652966519288,0.932441052502685,3.77106214068981,1,2361.27236619142,-0.384289051053478
"6097","UBE2D1",0.052297404939952,0.932441052502685,3.770033146924,1,2361.27236619142,-0.392014689032804
"11341","MZF1",0.0523311327647786,0.932441052502685,3.7689529711026,1,2361.27236619142,-1.01084774758496
"8344","STON2",0.0524044729113716,0.932441052502685,3.76660670343023,1,2361.27236619142,1.74337444110416
"11325","ERVK3-1",0.052457325936822,0.932441052502685,3.76491800626539,1,2361.27236619142,-0.524107985190814
"6502","TAF10",0.0524590921343333,0.932441052502685,3.76486160593573,1,2361.27236619142,-0.360570001533658
"6219","PPP1R3C",0.0524920965686066,0.932441052502685,3.76380803865753,1,2361.27236619142,2.71604506481955
"6109","JMJD1C",0.0526306208669997,0.933579372408831,3.75939370605144,1,2361.27236619142,0.182020846363274
"557","LRRC8B",0.0527993305595893,0.935070219250871,3.75403405149752,1,2361.27236619142,0.575610301872453
"7987","DOCK9",0.0528637896060017,0.935070219250871,3.75199107208738,1,2361.27236619142,2.08553215084484
"9125","MAPK3",0.0530121486841946,0.935531218253376,3.74729895583473,1,2361.27236619142,-0.779728387485105
"1488","C1D",0.0531384190256409,0.935531218253376,3.74331638081695,1,2361.27236619142,-0.415244722607415
"2398","ACOX2",0.0532517410257704,0.935531218253376,3.73975072556734,1,2361.27236619142,-10
"8684","CLN6",0.0532917414504714,0.935531218253376,3.73849403934081,1,2361.27236619142,0.576188041740745
"9300","ZFP90",0.0533163937510367,0.935531218253376,3.73772004013047,1,2361.27236619142,0.634448527995901
"8311","NEK9",0.0533374388845518,0.935531218253376,3.73705959381765,1,2361.27236619142,0.469280744839553
"10990","PAFAH1B3",0.0534971536106037,0.936711664712373,3.7320563486052,1,2361.27236619142,-2.16109344696649
"11243","NLRP2",0.0535629491722227,0.936711664712373,3.7299998300672,1,2361.27236619142,1.38598888107013
"10848","USF2",0.0536288155062183,0.936711664712373,3.72794377940456,1,2361.27236619142,0.307554562838479
"4945","DENND2A",0.0537988439796856,0.937196653099169,3.72264860325112,1,2361.27236619142,2.86903680607302
"1731","TMEM163",0.0538060433961727,0.937196653099169,3.7224247843089,1,2361.27236619142,-2.11989695448567
"11936","DEPDC5",0.0541579614326768,0.94111091097117,3.71152271875025,1,2361.27236619142,0.451122179574403
"3066","GPRIN3",0.0541883946332985,0.94111091097117,3.71058345949229,1,2361.27236619142,0.250565525772838
"7617","WASHC3",0.0542908844285883,0.94111091097117,3.70742442755619,1,2361.27236619142,-0.457424938009935
"1098","CD46",0.0543309384852187,0.94111091097117,3.70619156385661,1,2361.27236619142,-0.364880228797178
"7965","LMO7",0.0545750627873451,0.94141329778949,3.69869819624738,1,2361.27236619142,1.8026981886929
"9171","ITGAM",0.0546050873467139,0.94141329778949,3.69777905144394,1,2361.27236619142,0.459622976060959
"1386","HEATR5B",0.054623096420372,0.94141329778949,3.69722799502884,1,2361.27236619142,-0.478518409861531
"9571","ALOX15B",0.0546486628491148,0.94141329778949,3.69644602332128,1,2361.27236619142,1.2491840142103
"6144","ANAPC16",0.0549062123964548,0.941522021182511,3.68859021864152,1,2361.27236619142,0.257060931986263
"7666","TCHP",0.0550004385951005,0.941522021182511,3.68572588277272,1,2361.27236619142,0.574327257362154
"2016","ITM2C",0.0550176061364668,0.941522021182511,3.68520457578721,1,2361.27236619142,-10
"11043","TRAPPC6A",0.0551947443854251,0.941522021182511,3.67983567755459,1,2361.27236619142,0.564554818281763
"2338","TEX264",0.0552284465448468,0.941522021182511,3.67881626605671,1,2361.27236619142,0.47576112548394
"2021","NCL",0.0552674310594823,0.941522021182511,3.67763789867291,1,2361.27236619142,-0.259611220119974
"12330","HMGN5",0.0553420288620552,0.941522021182511,3.67538552092572,1,2361.27236619142,0.512020533742098
"9343","WDR59",0.0553450409391024,0.941522021182511,3.67529464309092,1,2361.27236619142,0.564709776376925
"1672","ANAPC1",0.0553546256251917,0.941522021182511,3.67500549698542,1,2361.27236619142,0.756246586242791
"11748","BRWD1",0.0554057522433717,0.941522021182511,3.67346403122394,1,2361.27236619142,0.285134046895915
"6058","ZNF25",0.0554936540407306,0.941522021182511,3.67081732019634,1,2361.27236619142,0.645157923696149
"5101","SLC25A37",0.0555558803664029,0.941522021182511,3.66894638217926,1,2361.27236619142,-0.842819074967219
"3979","EGFL8",0.0556901456219225,0.942071556050219,3.66491703897261,1,2361.27236619142,-10
"1912","TMEM237",0.0557385451390848,0.942071556050219,3.66346708162605,1,2361.27236619142,-10
"6103","TMEM26",0.0561174206282287,0.946841383704274,3.652162663381,1,2361.27236619142,-0.509126027924613
"11447","ABHD12",0.0562150012248467,0.946841383704274,3.64926429336506,1,2361.27236619142,0.234022447088929
"8946","ZSCAN32",0.0563075544408323,0.946841383704274,3.64652017988672,1,2361.27236619142,0.797855934020133
"4754","PDAP1",0.0563227551426033,0.946841383704274,3.64606995165727,1,2361.27236619142,-0.401311085933166
"6331","SORCS1",0.0564715347952853,0.946950459908186,3.6416700598543,1,2361.27236619142,1.77136513914161
"2098","TTLL3",0.0565811020997876,0.946950459908186,3.63843766628767,1,2361.27236619142,0.536629631173661
"5013","ACTR3B",0.0566785127741999,0.946950459908186,3.63556948788692,1,2361.27236619142,-1.61715408407303
"5124","SARAF",0.0567371538910406,0.946950459908186,3.63384537100297,1,2361.27236619142,-0.228780061976643
"8189","CDKN3",0.0567379331726778,0.946950459908186,3.63382247196285,1,2361.27236619142,-10
"8713","SEMA7A",0.0567822937445942,0.946950459908186,3.6325194955783,1,2361.27236619142,-10
"1016","TPR",0.0569421126431763,0.947290845298168,3.62783417940101,1,2361.27236619142,-0.308927729115305
"1472","B3GNT2",0.0570141504145014,0.947290845298168,3.62572685573825,1,2361.27236619142,-0.478561627758173
"7513","MON2",0.0572981516043644,0.947290845298168,3.61744642674687,1,2361.27236619142,0.281739424727149
"399","UROD",0.0574339372411015,0.947290845298168,3.61350281258904,1,2361.27236619142,-0.719736451463491
"9160","STX1B",0.0574506502114949,0.947290845298168,3.61301810361639,1,2361.27236619142,1.55457100643351
"9618","PLD6",0.0574531084800526,0.947290845298168,3.61294682163929,1,2361.27236619142,-10
"10250","TTC39C",0.0574851968311303,0.947290845298168,3.61201665855965,1,2361.27236619142,0.515313643965862
"1136","DUSP10",0.0576089747167976,0.947290845298168,3.60843380115033,1,2361.27236619142,0.634856037360105
"4777","LAMTOR4",0.0577352947370012,0.947290845298168,3.60478578408638,1,2361.27236619142,-0.250472273277681
"6127","HK1",0.0578455718503497,0.947290845298168,3.60160800119364,1,2361.27236619142,0.257582159698351
"6460","LSP1",0.0578540454369568,0.947290845298168,3.60136408987101,1,2361.27236619142,0.241141035229599
"4825","FAM185A",0.0578998356338865,0.947290845298168,3.60004668040268,1,2361.27236619142,0.747987208000627
"11095","GRWD1",0.0580326957120814,0.947290845298168,3.59623048102615,1,2361.27236619142,1.08583597828191
"8495","THBS1",0.0582795245565924,0.947290845298168,3.58916529748354,1,2361.27236619142,-0.440503419351536
"5630","CKS2",0.0586800547503263,0.947290845298168,3.57776801944623,1,2361.27236619142,-0.949241638788587
"11744","VPS26C",0.0587049851685969,0.947290845298168,3.57706134934306,1,2361.27236619142,-0.496481092082976
"4778","MAP11",0.0587118013105502,0.947290845298168,3.57686819659927,1,2361.27236619142,-2.12106431855107
"4574","SFRP4",0.0589004588646158,0.947290845298168,3.57153154840992,1,2361.27236619142,-10
"6441","TMEM80",0.0590421302670259,0.947290845298168,3.56753595889764,1,2361.27236619142,0.829081306878931
"11076","BBC3",0.0590513979575636,0.947290845298168,3.56727493566778,1,2361.27236619142,0.669693183101853
"12005","TAB1",0.0590536758747647,0.947290845298168,3.5672107851145,1,2361.27236619142,0.674204446032728
"11476","EIF2S2",0.0592625660147212,0.947290845298168,3.56133919635097,1,2361.27236619142,-0.321088637378097
"9714","EVI2A",0.059450097053732,0.947290845298168,3.55608670543776,1,2361.27236619142,-0.29356870209672
"4815","ORAI2",0.0597448191763916,0.947290845298168,3.54786745782892,1,2361.27236619142,0.503258400265334
"3571","PPP2CA",0.0597577869122732,0.947290845298168,3.54750680357005,1,2361.27236619142,-0.376425833245095
"3742","NOP16",0.059835331190146,0.947290845298168,3.54535190516611,1,2361.27236619142,1.35462035405778
"1086","RASSF5",0.059871597757211,0.947290845298168,3.54434510379906,1,2361.27236619142,-0.661215626800082
"9709","ADAP2",0.0599525051659061,0.947290845298168,3.5421013588856,1,2361.27236619142,-0.221311629587204
"7274","PLBD1",0.0600207119828672,0.947290845298168,3.54021233225413,1,2361.27236619142,-0.626602070631843
"4842","CDHR3",0.0600344418427751,0.947290845298168,3.53983235223322,1,2361.27236619142,-10
"10281","SLC14A1",0.0600986692850169,0.947290845298168,3.53805605658397,1,2361.27236619142,2.99986013834371
"2126","CHCHD4",0.0600995232430149,0.947290845298168,3.53803245284943,1,2361.27236619142,1.06667794691919
"9476","CAMKK1",0.0602525885941317,0.947290845298168,3.53380742336304,1,2361.27236619142,0.894943798902906
"11004","PLAUR",0.060419474113372,0.947290845298168,3.52921391939819,1,2361.27236619142,-0.336966238543206
"11892","HSCB",0.060483741814682,0.947290845298168,3.52744856012987,1,2361.27236619142,-0.724854937634271
"3841","TMEM14B",0.0606366540718635,0.947290845298168,3.52325625431164,1,2361.27236619142,0.288523226697393
"9968","TRIM37",0.0607477875892281,0.947290845298168,3.52021642950345,1,2361.27236619142,0.511540103992281
"6658","TIMM10",0.0607756052114233,0.947290845298168,3.51945646330635,1,2361.27236619142,-0.672577303219755
"7651","ISCU",0.0609137688068196,0.947290845298168,3.51568737056344,1,2361.27236619142,-0.28615750046453
"4765","ZSCAN25",0.0609227455963411,0.947290845298168,3.51544279947283,1,2361.27236619142,-1.61824559750563
"3850","TBC1D7",0.0609894891598218,0.947290845298168,3.51362558520031,1,2361.27236619142,0.801388283624063
"2535","UMPS",0.0611672961852102,0.947290845298168,3.50879478587692,1,2361.27236619142,-1.1028289376728
"1940","IDH1",0.0612204407983738,0.947290845298168,3.5073538148251,1,2361.27236619142,-0.260053014262967
"9698","TP53I13",0.061239971190044,0.947290845298168,3.50682459963036,1,2361.27236619142,-0.848233628210753
"1088","DYRK3",0.0613750836757507,0.947290845298168,3.50316837248483,1,2361.27236619142,-10
"4935","TTC26",0.0613977198310947,0.947290845298168,3.50255666285835,1,2361.27236619142,-10
"10928","PAK4",0.0614404502568899,0.947290845298168,3.50140258898649,1,2361.27236619142,0.890188808662793
"12349","ARMCX1",0.0614450369645239,0.947290845298168,3.50127876087925,1,2361.27236619142,-0.674930131599612
"3573","UBE2B",0.061523074520013,0.947290845298168,3.49917347587989,1,2361.27236619142,0.247952069464869
"6245","LCOR",0.0615974077339861,0.947290845298168,3.4971707701409,1,2361.27236619142,-0.304127067573575
"6791","SCYL1",0.0616321187376978,0.947290845298168,3.49623645861321,1,2361.27236619142,-0.687470009252792
"7413","IGFBP6",0.0616539675074462,0.947290845298168,3.49564864563322,1,2361.27236619142,-10
"4157","EYS",0.0616657009420128,0.947290845298168,3.49533306430341,1,2361.27236619142,-10
"204","MTFR1L",0.0617574356395752,0.947290845298168,3.49286798012369,1,2361.27236619142,-0.733485795639495
"3611","PFDN1",0.0618685537725546,0.947290845298168,3.48988724696589,1,2361.27236619142,-0.350970856473943
"11963","C1QTNF6",0.0620927189425474,0.947290845298168,3.48389136402276,1,2361.27236619142,-10
"1626","TMEM131",0.0621172119511907,0.947290845298168,3.48323763303285,1,2361.27236619142,0.252392852108235
"3010","CXCL10",0.0622783397092663,0.947290845298168,3.47894388755404,1,2361.27236619142,-2.35276932472322
"1363","TOGARAM2",0.0622929909871985,0.947290845298168,3.4785540465818,1,2361.27236619142,-10
"6744","COX8A",0.0624012849040185,0.947290845298168,3.47567559147052,1,2361.27236619142,-0.226872091868245
"10671","ASF1B",0.0626987623926927,0.947290845298168,3.46779595728059,1,2361.27236619142,1.25526160008395
"9848","NBR1",0.0627098476075043,0.947290845298168,3.46750310106196,1,2361.27236619142,-0.452560432119848
"1582","PTCD3",0.062841896121057,0.947290845298168,3.46401879909818,1,2361.27236619142,-0.606159156511871
"4443","COX19",0.0628806219439742,0.947290845298168,3.46299843945695,1,2361.27236619142,-0.672887720310223
"7163","CACNA2D4",0.0629277644180573,0.947290845298168,3.46175721940037,1,2361.27236619142,-0.643971793450491
"12100","PLCXD1",0.0630238317751702,0.947290845298168,3.45923091653675,1,2361.27236619142,0.664449814184829
"9821","STAT3",0.0630718961843195,0.947290845298168,3.45796849792974,1,2361.27236619142,0.250751547239767
"6896","ARAP1",0.0630790297029665,0.947290845298168,3.4577812224821,1,2361.27236619142,-0.346389815427018
"6535","ARNTL",0.0631948854781172,0.947290845298168,3.45474283267935,1,2361.27236619142,0.520803054837384
"9534","GABARAP",0.063250664573977,0.947290845298168,3.45328210931981,1,2361.27236619142,-0.155320283239427
"3389","MAST4",0.0632617603530291,0.947290845298168,3.45299170080916,1,2361.27236619142,-1.71772786251147
"5890","BRD3",0.0634461981802542,0.947290845298168,3.44817237355319,1,2361.27236619142,-0.712411428330471
"7232","CLEC4D",0.0635693033020158,0.947290845298168,3.44496396836363,1,2361.27236619142,1.6278915548931
"3599","CTNNA1",0.0635849655465117,0.947290845298168,3.44455624930132,1,2361.27236619142,0.228460104433668
"7460","PA2G4",0.063956237280733,0.947290845298168,3.43492256722563,1,2361.27236619142,-0.463380560770462
"1688","SLC35F5",0.0639916006477436,0.947290845298168,3.43400808026245,1,2361.27236619142,0.373013975073373
"8939","ZNF213",0.0640532901612356,0.947290845298168,3.43241409664569,1,2361.27236619142,1.14644144608588
"2553","ABTB1",0.0640624904034758,0.947290845298168,3.43217651373114,1,2361.27236619142,-0.621218804839251
"79","TMEM201",0.0641758773252532,0.947290845298168,3.4292514472324,1,2361.27236619142,-10
"10148","NPLOC4",0.0641829924673471,0.947290845298168,3.4290680803575,1,2361.27236619142,0.335294726501148
"9820","STAT5A",0.0642138552130228,0.947290845298168,3.42827295656574,1,2361.27236619142,-0.454985401269875
"10004","PSMC5",0.0642835349186742,0.947290845298168,3.42647928181578,1,2361.27236619142,-0.421341580344646
"4066","UNC5CL",0.0643751253957043,0.947290845298168,3.42412474049978,1,2361.27236619142,-10
"7015","RAB39A",0.0643775461946152,0.947290845298168,3.42406255687778,1,2361.27236619142,0.466878070501186
"6571","LGR4",0.0644051625123429,0.947290845298168,3.42335334673594,1,2361.27236619142,1.02858873869952
"2186","UBP1",0.064413732043082,0.947290845298168,3.42313334001059,1,2361.27236619142,-0.415393612152826
"4923","WDR91",0.0645443618004605,0.947290845298168,3.4197835275013,1,2361.27236619142,0.420161924556562
"1138","MIA3",0.0646015476983976,0.947290845298168,3.418319354324,1,2361.27236619142,-0.413449340153704
"7347","ARID2",0.0646148131287427,0.947290845298168,3.41797990733982,1,2361.27236619142,-0.28630003043259
"1829","TTC30B",0.0646241328180248,0.947290845298168,3.4177414717889,1,2361.27236619142,-10
"7982","MBNL2",0.0647280648471848,0.947290845298168,3.41508495265761,1,2361.27236619142,-0.375149259902595
"8726","PPCDC",0.0647700761593687,0.947290845298168,3.41401242911584,1,2361.27236619142,0.613599859446539
"4235","RTN4IP1",0.0648138816990031,0.947290845298168,3.41289489077622,1,2361.27236619142,-1.12946812850371
"3574","CDKN2AIPNL",0.064899459010985,0.947290845298168,3.41071402310596,1,2361.27236619142,0.88886364172294
"5311","KLF10",0.0649385762889054,0.947290845298168,3.40971817372335,1,2361.27236619142,-0.869659929013901
"714","NBPF11",0.0651352709119466,0.947290845298168,3.40472040301594,1,2361.27236619142,-0.87419144968171
"10989","CIC",0.0651982484938238,0.947290845298168,3.40312362516481,1,2361.27236619142,-0.997437373305349
"201","LDLRAP1",0.0652367062112721,0.947290845298168,3.4021493510854,1,2361.27236619142,-2.09038494956478
"2851","ZBTB49",0.0653510663281741,0.947290845298168,3.3992558129874,1,2361.27236619142,-2.07512701427294
"10634","WDR83",0.0653527985088085,0.947290845298168,3.39921202696739,1,2361.27236619142,-1.1773199139758
"3268","BRD9",0.0653856873563611,0.947290845298168,3.39838089861266,1,2361.27236619142,0.585345977008267
"1284","ROCK2",0.0654144291513723,0.947290845298168,3.39765493525944,1,2361.27236619142,0.309724172965235
"3569","TCF7",0.0654315761307226,0.947290845298168,3.39722199725892,1,2361.27236619142,-10
"2403","ATXN7",0.0655007800386828,0.947290845298168,3.39547592308888,1,2361.27236619142,-0.368542030993506
"9242","BEAN1",0.0655927606503798,0.947290845298168,3.39315822095117,1,2361.27236619142,1.57235764466685
"6236","ALDH18A1",0.0656611759283557,0.947290845298168,3.39143656219885,1,2361.27236619142,-10
"11374","ITPA",0.0656834088135684,0.947290845298168,3.39087748801232,1,2361.27236619142,0.506065313209409
"11845","SNAP29",0.0657163084011933,0.947290845298168,3.39005055685674,1,2361.27236619142,-0.411827762477717
"7829","PSPC1",0.0658366831414103,0.947290845298168,3.38702870303003,1,2361.27236619142,0.282686450065348
"8162","NEMF",0.0659125797267065,0.947290845298168,3.38512644926822,1,2361.27236619142,0.265588859308604
"11914","CCDC157",0.0659353080274098,0.947290845298168,3.38455724796736,1,2361.27236619142,1.47689459970935
"4231","PREP",0.0659493746865687,0.947290845298168,3.3842050714532,1,2361.27236619142,-0.589425583420759
"9101","BOLA2",0.0660045256216378,0.947290845298168,3.38282507224996,1,2361.27236619142,-1.19771078253898
"4605","PURB",0.0660078535848072,0.947290845298168,3.3827418386238,1,2361.27236619142,0.44958748573775
"5871","SPACA9",0.0660740721450538,0.947290845298168,3.38108661890777,1,2361.27236619142,-10
"4135","PTCHD4",0.0661665996824295,0.947290845298168,3.37877673851081,1,2361.27236619142,-10
"1381","RASGRP3",0.0662124953944238,0.947290845298168,3.37763226704765,1,2361.27236619142,-0.346673399115845
"6132","PPA1",0.0662916424299384,0.947290845298168,3.37566061930351,1,2361.27236619142,-1.04913795655907
"7477","SPRYD4",0.0663904431311956,0.947290845298168,3.37320290281177,1,2361.27236619142,0.845041232113923
"3829","RIOK1",0.0663995927893059,0.947290845298168,3.37297549832953,1,2361.27236619142,0.818584409379132
"1498","GFPT1",0.0664228193925588,0.947290845298168,3.37239837757457,1,2361.27236619142,0.381225783000589
"307","AGO1",0.066600014275462,0.947290845298168,3.3680026326642,1,2361.27236619142,0.371995212663081
"4833","SLC26A5",0.0667082527089176,0.947290845298168,3.36532366475688,1,2361.27236619142,-10
"912","FCRLB",0.0667090830281677,0.947290845298168,3.36530313180906,1,2361.27236619142,-10
"11338","TRIM28",0.0667091653531695,0.947290845298168,3.36530109601066,1,2361.27236619142,-0.54962814871739
"2216","ZNF620",0.066715248164174,0.947290845298168,3.36515068283192,1,2361.27236619142,-2.10998814345255
"326","YRDC",0.0667351276436593,0.947290845298168,3.36465921370511,1,2361.27236619142,0.864340010707057
"5489","PLIN2",0.0667382510118835,0.947290845298168,3.36458201066696,1,2361.27236619142,-0.299018691946319
"11098","LMTK3",0.0667748809082287,0.947290845298168,3.36367688550745,1,2361.27236619142,-10
"7254","YBX3",0.0668888458171925,0.947290845298168,3.36086420267921,1,2361.27236619142,-0.333048753574209
"3867","KDM1B",0.0669622566642236,0.947290845298168,3.35905511635572,1,2361.27236619142,0.498434004236934
"10557","ZNF846",0.0671431823302757,0.947290845298168,3.35460554769158,1,2361.27236619142,-0.555541803295851
"5172","HOOK3",0.0672890522430382,0.947290845298168,3.35102744347054,1,2361.27236619142,-0.244225407777047
"3537","ALDH7A1",0.0672950876455889,0.947290845298168,3.3508795773148,1,2361.27236619142,-1.23196600251775
"12347","HNRNPH2",0.0673780507225088,0.947290845298168,3.34884843480613,1,2361.27236619142,0.386124203024759
"11292","ZNF17",0.0674458157972472,0.947290845298168,3.34719136097188,1,2361.27236619142,1.33850112922985
"7676","VPS29",0.0675407532602717,0.947290845298168,3.34487282757368,1,2361.27236619142,-0.254241550907984
"8413","TECPR2",0.067626235547865,0.947290845298168,3.34278818616213,1,2361.27236619142,0.460985446268704
"11181","ZNF615",0.0677248582561588,0.947290845298168,3.3403865909065,1,2361.27236619142,0.754028220006981
"7076","PHLDB1",0.0677437761654883,0.947290845298168,3.33992634211184,1,2361.27236619142,0.996704841738341
"9686","FAM222B",0.0679221467982867,0.947290845298168,3.3355935587165,1,2361.27236619142,0.369213097838524
"3686","GALNT10",0.0679558820832255,0.947290845298168,3.33477546727857,1,2361.27236619142,0.483450500509458
"6185","TMEM254",0.0682240480613338,0.947290845298168,3.32828777268724,1,2361.27236619142,-0.942841254539415
"1675","ZC3H8",0.0682531214368617,0.947290845298168,3.32758604552374,1,2361.27236619142,0.674206563221473
"5799","PTRH1",0.0682890878416764,0.947290845298168,3.32671838782822,1,2361.27236619142,-1.57566684760574
"9019","ABCC1",0.0685427892639036,0.947290845298168,3.32061192351587,1,2361.27236619142,0.2898447045629
"3640","NDFIP1",0.0685876066675198,0.947290845298168,3.31953570595512,1,2361.27236619142,-0.276954480025603
"736","ADAMTSL4",0.0686859765742916,0.947290845298168,3.31717614854583,1,2361.27236619142,0.56285994857451
"1942","PTH2R",0.0687035687579927,0.947290845298168,3.31675455359013,1,2361.27236619142,1.4909964818163
"9192","HEATR3",0.0688444506452404,0.947290845298168,3.31338249570762,1,2361.27236619142,-0.501099175133066
"6559","SPTY2D1OS",0.0688476973674026,0.947290845298168,3.3133048713727,1,2361.27236619142,-2.06047832324701
"12277","SPIN2B",0.0688629019444856,0.947290845298168,3.31294140451878,1,2361.27236619142,-10
"6398","DHX32",0.0688639357744106,0.947290845298168,3.31291669383624,1,2361.27236619142,0.444804373167661
"9190","N4BP1",0.0688975346449461,0.947290845298168,3.31211382717114,1,2361.27236619142,-0.218117032832104
"987","CEP350",0.0689462662438739,0.947290845298168,3.3109500987969,1,2361.27236619142,0.204672407560864
"9925","XYLT2",0.0690817510444766,0.947290845298168,3.30771929437763,1,2361.27236619142,-1.34544367324683
"8629","MYO1E",0.069175092159881,0.947290845298168,3.30549740354871,1,2361.27236619142,-0.363282928327986
"10769","SUGP1",0.0692102551067061,0.947290845298168,3.30466121755058,1,2361.27236619142,-0.749821094495128
"11255","TMEM238",0.0692237605421587,0.947290845298168,3.30434017493657,1,2361.27236619142,1.17850585899297
"11785","FAM207A",0.0692548963246808,0.947290845298168,3.30360029042642,1,2361.27236619142,-0.76653221367359
"6684","CCDC86",0.0692981680472187,0.947290845298168,3.30257260898768,1,2361.27236619142,-10
"2443","CPOX",0.0694859778958299,0.947290845298168,3.2981201707227,1,2361.27236619142,0.736603952722307
"5064","PDGFRL",0.0695753834576776,0.947290845298168,3.29600514482598,1,2361.27236619142,-10
"921","RGS5",0.0696393548908614,0.947290845298168,3.29449358818669,1,2361.27236619142,-10
"9738","SLFN12",0.0699204240039185,0.947290845298168,3.28786989075216,1,2361.27236619142,0.38990543944419
"12162","MBTPS2",0.0700734842386312,0.947290845298168,3.28427484668025,1,2361.27236619142,-1.0253128228336
"11208","ZNF677",0.0701001573206769,0.947290845298168,3.2836492162818,1,2361.27236619142,-1.33279828436918
"628","SLC16A4",0.0701200151644278,0.947290845298168,3.2831836062967,1,2361.27236619142,-10
"7259","TAS2R30",0.0701216937564526,0.947290845298168,3.28314425456194,1,2361.27236619142,-10
"7628","TXNRD1",0.0701901321675004,0.947290845298168,3.28154069136521,1,2361.27236619142,0.307425295982851
"5515","DNAJA1",0.0701970832241183,0.947290845298168,3.28137791663565,1,2361.27236619142,-0.233109868113535
"8379","TMEM251",0.0702888051904429,0.947290845298168,3.27923165529551,1,2361.27236619142,-0.704867142705327
"10411","MOB3A",0.070324712403388,0.947290845298168,3.27839225661591,1,2361.27236619142,-0.40854391301463
"5784","HSPA5",0.0704302777878113,0.947290845298168,3.27592712461168,1,2361.27236619142,0.334135363271314
"8190","CNIH1",0.0706532535508837,0.947290845298168,3.27073324993346,1,2361.27236619142,-0.44039027366087
"1643","RPL31",0.0707306303294237,0.947290845298168,3.26893498293252,1,2361.27236619142,0.285405107119089
"3934","DDR1",0.0707492863227974,0.947290845298168,3.26850172574775,1,2361.27236619142,-10
"12518","UTY",0.0707615445556759,0.947290845298168,3.26821711352289,1,2361.27236619142,0.257554047852175
"10502","DENND1C",0.0709173740617209,0.947290845298168,3.26460365634064,1,2361.27236619142,0.576687503472714
"9760","SYNRG",0.0709634169014037,0.947290845298168,3.26353761943655,1,2361.27236619142,0.286282492443272
"7068","SMIM35",0.0710296483624288,0.947290845298168,3.26200545211535,1,2361.27236619142,-10
"11794","LSS",0.0711200098798454,0.947290845298168,3.25991754010856,1,2361.27236619142,-1.09552235592724
"8557","MFAP1",0.0711242880528156,0.947290845298168,3.25981875828373,1,2361.27236619142,-0.536629222018975
"5828","PKN3",0.0711482342517395,0.947290845298168,3.25926596480651,1,2361.27236619142,2.4929227904882
"3875","DCDC2",0.071152074354165,0.947290845298168,3.25917733532816,1,2361.27236619142,2.49292279037585
"6196","SHLD2",0.0712167724370255,0.947290845298168,3.25768487567165,1,2361.27236619142,0.333356919784503
"3883","RIPOR2",0.0712341426678777,0.947290845298168,3.25728442558659,1,2361.27236619142,-1.37130301713743
"6889","LAMTOR1",0.0712715216919097,0.947290845298168,3.25642305146244,1,2361.27236619142,-0.295349275501324
"10394","GAMT",0.0714411911646665,0.947290845298168,3.25251921468604,1,2361.27236619142,-1.33652299372233
"3606","CXXC5",0.0718273012612824,0.947290845298168,3.24367234384245,1,2361.27236619142,0.327549571231133
"10273","RPRD1A",0.0718544552306848,0.947290845298168,3.24305209076015,1,2361.27236619142,-0.482417337103198
"10600","PLPPR2",0.0719199256047091,0.947290845298168,3.24155764475738,1,2361.27236619142,-1.54770988395528
"5442","ZNF251",0.0719735919778561,0.947290845298168,3.24033372837549,1,2361.27236619142,0.493224065095923
"11008","ZNF283",0.0720471836704863,0.947290845298168,3.2386569855755,1,2361.27236619142,-1.54946924255052
"139","PADI2",0.0720840818225213,0.947290845298168,3.23781697465699,1,2361.27236619142,0.547362253237681
"8103","NOP9",0.0722145257720258,0.947290845298168,3.23485102549227,1,2361.27236619142,0.726649312863729
"9964","MTMR4",0.0722287119871641,0.947290845298168,3.23452881522888,1,2361.27236619142,0.718383949675009
"10047","CD300LB",0.0723313979290135,0.947290845298168,3.23219854114345,1,2361.27236619142,0.541518320991267
"935","ADCY10",0.0724515888929652,0.947290845298168,3.22947552680358,1,2361.27236619142,-10
"1007","COLGALT2",0.0725303980134733,0.947290845298168,3.22769267848076,1,2361.27236619142,-1.09383372243668
"6172","SAMD8",0.0725451171858621,0.947290845298168,3.22735992646486,1,2361.27236619142,-0.395468397131374
"5653","FAM120A",0.0727781277178289,0.947290845298168,3.22210195734381,1,2361.27236619142,0.263476310335647
"4497","NDUFA4",0.0727925136054571,0.947290845298168,3.22177792685864,1,2361.27236619142,-0.19013714664547
"10127","TBC1D16",0.0728832237255725,0.947290845298168,3.21973633662331,1,2361.27236619142,0.643215627813546
"8606","FAM214A",0.0729674827742745,0.947290845298168,3.2178423810435,1,2361.27236619142,0.419592157414075
"2084","ARL8B",0.0730289895778731,0.947290845298168,3.21646132702528,1,2361.27236619142,0.237127525429471
"10997","XRCC1",0.0730679262573645,0.947290845298168,3.21558770061328,1,2361.27236619142,-0.73381905889604
"3009","CXCL9",0.0731926525933583,0.947290845298168,3.21279256363673,1,2361.27236619142,2.49256170104679
"9808","ACLY",0.0732448047797126,0.947290845298168,3.21162534069814,1,2361.27236619142,-0.60842531290173
"3020","CNOT6L",0.0733545436959196,0.947290845298168,3.20917217544492,1,2361.27236619142,-0.348832191448657
"4307","ECHDC1",0.0735147958372619,0.947290845298168,3.20559687925666,1,2361.27236619142,-0.37776681976596
"4882","WASL",0.0737608272159303,0.947290845298168,3.20012406686033,1,2361.27236619142,0.33011194661673
"11866","SLC2A11",0.0738445056931502,0.947290845298168,3.19826715892042,1,2361.27236619142,0.963091623672916
"6874","IGHMBP2",0.0739051285842023,0.947290845298168,3.1969232884493,1,2361.27236619142,0.764958737841753
"232","STX12",0.0739148185562677,0.947290845298168,3.19670859375153,1,2361.27236619142,-0.252570238419002
"4804","SERPINE1",0.0740405286201038,0.947290845298168,3.19392605106057,1,2361.27236619142,1.9156304158436
"5835","LRRC8A",0.0743619704691791,0.947290845298168,3.18683408033089,1,2361.27236619142,0.822841223439646
"5564","POLR1E",0.0743754163197129,0.947290845298168,3.186538142644,1,2361.27236619142,-10
"7389","LIMA1",0.0744292097580414,0.947290845298168,3.18535474578594,1,2361.27236619142,0.558082139966226
"10730","JAK3",0.0744838966250701,0.947290845298168,3.18415263615478,1,2361.27236619142,-10
"2057","RNPEPL1",0.0745579259640492,0.947290845298168,3.18252685638711,1,2361.27236619142,-0.527858735573263
"12401","UPF3B",0.0747303231216352,0.947290845298168,3.17874750650338,1,2361.27236619142,0.414805975615424
"1320","KIF3C",0.0748216129065263,0.947290845298168,3.17675001311504,1,2361.27236619142,1.33269765426919
"1482","CEP68",0.0748349008333529,0.947290845298168,3.17645948106435,1,2361.27236619142,0.532574957121856
"7284","MGST1",0.0748957620297953,0.947290845298168,3.17512949798864,1,2361.27236619142,0.507099196824592
"6307","ACTR1A",0.0749846455448997,0.947290845298168,3.17318923649071,1,2361.27236619142,-0.460594549610017
"11639","CDH26",0.0750405795302162,0.947290845298168,3.17196950584434,1,2361.27236619142,-2.04939866521174
"3768","B4GALT7",0.0751917664154318,0.947290845298168,3.16867751704574,1,2361.27236619142,-0.899177814926483
"8194","GCH1",0.0752188047993949,0.947290845298168,3.16808952526304,1,2361.27236619142,-0.552500345906678
"1533","TET3",0.0752205803214297,0.947290845298168,3.16805092172119,1,2361.27236619142,0.28726733027045
"8281","PSEN1",0.0752631299288974,0.947290845298168,3.1671260976829,1,2361.27236619142,-0.290436972332107
"9493","PLD2",0.075366256573958,0.947290845298168,3.16488695010049,1,2361.27236619142,-0.671714074468072
"5085","SORBS3",0.075505417144681,0.947290845298168,3.16187062874739,1,2361.27236619142,0.464330132558379
"10463","MPND",0.0755401104634771,0.947290845298168,3.16111957792987,1,2361.27236619142,0.634315336217835
"7635","APPL2",0.0756670900545279,0.947290845298168,3.15837384743749,1,2361.27236619142,-0.329878339652669
"5816","GOLGA2",0.0756706035654555,0.947290845298168,3.15829794384968,1,2361.27236619142,-0.532912823818658
"8381","UBR7",0.0757333998329319,0.947290845298168,3.15694197329162,1,2361.27236619142,0.615154351627319
"955","MYOCOS",0.0759772933108893,0.947290845298168,3.1516869840086,1,2361.27236619142,-10
"8835","IGF1R",0.0760061527742808,0.947290845298168,3.15106637161124,1,2361.27236619142,0.658327089908028
"1740","HNMT",0.0760284030585514,0.947290845298168,3.1505880602567,1,2361.27236619142,0.166981763226721
"12538","AL592183.1",0.0761385432549749,0.947290845298168,3.14822260665097,1,2361.27236619142,0.463763634452069
"11886","TPST2",0.0762522346789538,0.947290845298168,3.14578474196331,1,2361.27236619142,0.359909796151101
"629","LAMTOR5",0.0762760475114694,0.947290845298168,3.14527462298168,1,2361.27236619142,-0.298035848239091
"4927","SLC13A4",0.0762964771901413,0.947290845298168,3.1448371145194,1,2361.27236619142,-10
"10743","LSM4",0.0762967550724246,0.947290845298168,3.14483116444538,1,2361.27236619142,0.38369810449428
"11081","DHX34",0.0763212856226385,0.947290845298168,3.14430600298539,1,2361.27236619142,0.436483123601139
"12364","TCEAL9",0.076563528783142,0.947290845298168,3.13912967921687,1,2361.27236619142,0.399254868308883
"5384","TSNARE1",0.0768524610903189,0.947290845298168,3.13297868425791,1,2361.27236619142,-1.08148288747962
"11053","EML2",0.0769846595718299,0.947290845298168,3.13017264300752,1,2361.27236619142,0.643876874235562
"6790","FRMD8",0.0770485345874464,0.947290845298168,3.12881869146625,1,2361.27236619142,0.683295295215297
"3228","SCRG1",0.0771564708751135,0.947290845298168,3.12653352153546,1,2361.27236619142,-10
"5156","TM2D2",0.0772770131055647,0.947290845298168,3.12398552923454,1,2361.27236619142,-0.50496483594572
"5975","TAF3",0.0772786878582745,0.947290845298168,3.1239501588619,1,2361.27236619142,0.336103920228955
"3425","ANKDD1B",0.0773947967493373,0.947290845298168,3.121499976864,1,2361.27236619142,1.06145881476874
"4791","SAP25",0.0774623755681401,0.947290845298168,3.12007571953505,1,2361.27236619142,0.667073691146968
"4099","KLC4",0.0774727653307521,0.947290845298168,3.11985686875525,1,2361.27236619142,-1.15701499190696
"11080","C5AR2",0.0775183873029692,0.947290845298168,3.11889625781314,1,2361.27236619142,0.61858493742559
"12241","PRICKLE3",0.0775194493305805,0.947290845298168,3.11887390313377,1,2361.27236619142,0.953804614611654
"6195","GLUD1",0.0775522777347298,0.947290845298168,3.11818305878374,1,2361.27236619142,0.292131981167981
"10093","QRICH2",0.0776041552649967,0.947290845298168,3.11709198434523,1,2361.27236619142,1.14992045849151
"9888","GOSR2",0.0776232968600087,0.947290845298168,3.11668960173853,1,2361.27236619142,0.456882467613581
"12370","MORF4L2",0.0777515500064876,0.947290845298168,3.11399629776684,1,2361.27236619142,-0.388572425864269
"8783","HDGFL3",0.077807425466788,0.947290845298168,3.11282441416274,1,2361.27236619142,1.21075656070693
"10881","ZNF566",0.0778546679527321,0.947290845298168,3.11183429794186,1,2361.27236619142,-1.17450870039417
"4700","MAGI2",0.0780060069452607,0.947290845298168,3.10866686003998,1,2361.27236619142,-1.25831760186961
"415","POMGNT1",0.0780216325201218,0.947290845298168,3.10834020277096,1,2361.27236619142,-1.51652564960276
"1404","ARHGEF33",0.0780897151803158,0.947290845298168,3.1069177364867,1,2361.27236619142,2.42212401242884
"9547","FGF11",0.0781772952256935,0.947290845298168,3.10508987011045,1,2361.27236619142,-10
"9122","TBX6",0.0784790535948473,0.947290845298168,3.098808780272,1,2361.27236619142,-10
"1117","NSL1",0.0785889125618734,0.947290845298168,3.09652852790051,1,2361.27236619142,-0.318031583615598
"242","MED18",0.0786663082416535,0.947290845298168,3.09492415043458,1,2361.27236619142,0.810973224445373
"1773","TANC1",0.0787749562533488,0.947290845298168,3.09267479362673,1,2361.27236619142,-10
"3453","ZCCHC9",0.0789369295958594,0.947290845298168,3.08932763365262,1,2361.27236619142,0.567888503439875
"11738","MORC3",0.0790235574634612,0.947290845298168,3.08754051558477,1,2361.27236619142,-0.316405701845881
"6049","EPC1",0.0790361963783052,0.947290845298168,3.08727995344546,1,2361.27236619142,0.244196333485298
"4958","KEL",0.0790651555565804,0.947290845298168,3.08668310427984,1,2361.27236619142,-10
"7799","AACS",0.0791514666336528,0.947290845298168,3.08490562813131,1,2361.27236619142,0.928558307808339
"1732","CCNT2",0.0791881303535389,0.947290845298168,3.08415121361251,1,2361.27236619142,0.356876905333776
"1968","SLC11A1",0.0793421756843882,0.947290845298168,3.08098559418177,1,2361.27236619142,-0.25911906101254
"9202","CHD9",0.0793736743378831,0.947290845298168,3.08033911521671,1,2361.27236619142,0.194052248481813
"5809","FAM102A",0.0793847458441987,0.947290845298168,3.08011194909636,1,2361.27236619142,1.44236605173246
"6718","INTS5",0.0794105820269838,0.947290845298168,3.07958197289005,1,2361.27236619142,0.770424000075299
"7731","GCN1",0.0794396156955629,0.947290845298168,3.07898662860243,1,2361.27236619142,0.554989388503359
"11120","SLC6A16",0.0795018734668263,0.947290845298168,3.07771080431064,1,2361.27236619142,1.55187463228204
"215","HMGN2",0.0795267734940804,0.947290845298168,3.07720083925412,1,2361.27236619142,-0.251256739400048
"647","ST7L",0.0796296524780962,0.947290845298168,3.07509564946283,1,2361.27236619142,0.434128337194146
"3909","GABBR1",0.0797187830931906,0.947290845298168,3.073274158987,1,2361.27236619142,0.722966705467493
"749","BNIPL",0.0797556711879206,0.947290845298168,3.07252094912316,1,2361.27236619142,2.38655232022372
"979","ANGPTL1",0.0798381976322208,0.947290845298168,3.07083721927181,1,2361.27236619142,1.95122847355238
"3120","ZGRF1",0.0798488083901912,0.947290845298168,3.07062087150239,1,2361.27236619142,0.822585517404928
"8573","BLOC1S6",0.0798931126329772,0.947290845298168,3.06971786616378,1,2361.27236619142,-0.334741989649495
"9974","DHX40",0.0799165477065713,0.947290845298168,3.0692404328108,1,2361.27236619142,-0.800732141722131
"3457","ATP6AP1L",0.0799214746672689,0.947290845298168,3.06914007702474,1,2361.27236619142,0.618224593281347
"4642","KCTD7",0.0800085417563104,0.947290845298168,3.06736773346874,1,2361.27236619142,-0.534306866671511
"1639","REV1",0.0800301420327695,0.947290845298168,3.0669283587956,1,2361.27236619142,0.355009973615584
"6263","PYROXD2",0.0800638156331181,0.947290845298168,3.06624365375214,1,2361.27236619142,-1.15970023740827
"8021","DCUN1D2",0.0804857178901453,0.947290845298168,3.05769109961543,1,2361.27236619142,0.599398127134905
"6917","POLD3",0.0805221707326778,0.947290845298168,3.05695441990583,1,2361.27236619142,0.415174079438454
"1201","MAP10",0.0806038396438868,0.947290845298168,3.0553052686179,1,2361.27236619142,0.878885868642799
"1798","SSB",0.0807468647324762,0.947290845298168,3.0524214822859,1,2361.27236619142,-0.25171305767908
"614","SORT1",0.0807659770158945,0.947290845298168,3.05203654261499,1,2361.27236619142,0.506151779328032
"1137","TAF1A",0.0807716447010793,0.947290845298168,3.05192240890852,1,2361.27236619142,-2.03419811367382
"7377","MCRS1",0.08095579584876,0.947290845298168,3.04821873710102,1,2361.27236619142,0.648856422527897
"9257","C16orf70",0.080990564459901,0.947290845298168,3.04752048659945,1,2361.27236619142,-0.464596603379231
"684","SEC22B",0.0810199845082785,0.947290845298168,3.04692990274714,1,2361.27236619142,-0.275689740774141
"203","SELENON",0.0810808010067881,0.947290845298168,3.04570979372279,1,2361.27236619142,0.516717087481648
"3465","MEF2C",0.0813538534037328,0.947290845298168,3.04024392435695,1,2361.27236619142,0.21153192359642
"1027","CDC73",0.0813686665142928,0.947290845298168,3.03994796705212,1,2361.27236619142,-0.279151633088015
"8466","FAN1",0.0814012504434309,0.947290845298168,3.03929716377772,1,2361.27236619142,-0.760848790906753
"11048","ERCC1",0.08141278719171,0.947290845298168,3.03906680613178,1,2361.27236619142,-0.621269402955369
"5078","FAM160B2",0.0814625592886516,0.947290845298168,3.03807339581143,1,2361.27236619142,0.670752607460133
"4225","USP45",0.0815657887805408,0.947290845298168,3.03601510672615,1,2361.27236619142,-0.855273953814792
"1351","GPN1",0.0817406029802081,0.947290845298168,3.03253589823978,1,2361.27236619142,0.730225347800109
"2761","P3H2",0.0818798500121652,0.947290845298168,3.02977030230924,1,2361.27236619142,2.63074078023088
"3975","TNXB",0.0820025614197769,0.947290845298168,3.02733732811718,1,2361.27236619142,-10
"2195","CTDSPL",0.082152767002414,0.947290845298168,3.02436457861666,1,2361.27236619142,0.738999810672522
"305","CLSPN",0.0822510540599789,0.947290845298168,3.02242253474972,1,2361.27236619142,-10
"12540","AC004556.3",0.0823809304740269,0.947290845298168,3.01986016083898,1,2361.27236619142,-10
"6751","DNAJC4",0.08242440717886,0.947290845298168,3.01900336951207,1,2361.27236619142,-0.458590429988308
"4257","CDC40",0.0824313268215006,0.947290845298168,3.01886704979803,1,2361.27236619142,0.320052520797293
"11298","ZNF549",0.0824503198059992,0.947290845298168,3.0184929439617,1,2361.27236619142,0.883824933725392
"10741","IQCN",0.0824958433300602,0.947290845298168,3.01759664348924,1,2361.27236619142,-10
"5435","CYHR1",0.0825334285735018,0.947290845298168,3.0168570402625,1,2361.27236619142,-0.620621303465075
"10295","ZBTB7C",0.0826143988932796,0.947290845298168,3.0152649400544,1,2361.27236619142,-10
"6435","LMNTD2",0.0826623448401078,0.947290845298168,3.01432298469695,1,2361.27236619142,-10
"1924","RAPH1",0.0827403707465893,0.947290845298168,3.01279133380031,1,2361.27236619142,0.341812237302627
"1046","TIMM17A",0.0828599989757643,0.947290845298168,3.01044605588561,1,2361.27236619142,0.439126479591547
"8872","ANTKMT",0.0829798743146193,0.947290845298168,3.00809960044183,1,2361.27236619142,-0.567515963036828
"7917","RUBCNL",0.0830926179205449,0.947290845298168,3.00589608255753,1,2361.27236619142,-0.475165431541231
"9220","MT1X",0.0831599979203432,0.947290845298168,3.00458071579102,1,2361.27236619142,-1.00929442299103
"4272","MARCKS",0.0833492354066659,0.947290845298168,3.00089264454694,1,2361.27236619142,-0.199900637986362
"7337","GXYLT1",0.0833499646877392,0.947290845298168,3.00087844901537,1,2361.27236619142,-0.645740723020209
"2923","KLHL5",0.0836362456565338,0.947290845298168,2.99531630619783,1,2361.27236619142,0.319078773201821
"10160","ALYREF",0.0836580135898521,0.947290845298168,2.99489422001898,1,2361.27236619142,-0.830087136505033
"7328","YARS2",0.0838099303392167,0.947290845298168,2.99195181447533,1,2361.27236619142,0.701601301266947
"8044","RNASE2",0.0838256406659367,0.947290845298168,2.99164785743053,1,2361.27236619142,0.698887802249175
"9583","MYH10",0.0840689885653403,0.947290845298168,2.9869475113372,1,2361.27236619142,-10
"11564","SNX21",0.0840967458449305,0.947290845298168,2.98641230515033,1,2361.27236619142,-1.12685695049943
"3691","GEMIN5",0.0841869281756308,0.947290845298168,2.98467475853153,1,2361.27236619142,0.831762325680768
"8817","ZNF774",0.0841943656621017,0.947290845298168,2.98453155003335,1,2361.27236619142,-10
"9235","CFAP20",0.0842065060601064,0.947290845298168,2.98429781655533,1,2361.27236619142,0.967603260358004
"10539","ANGPTL4",0.0843535296917062,0.947290845298168,2.98147012811618,1,2361.27236619142,-10
"11050","PPM1N",0.0844281966253574,0.947290845298168,2.98003610787121,1,2361.27236619142,-10
"6299","ELOVL3",0.0845171128833494,0.947290845298168,2.97833020968491,1,2361.27236619142,-10
"5210","MTFR1",0.0845779573009536,0.947290845298168,2.97716400062233,1,2361.27236619142,0.555381259978235
"522","NEXN",0.0845845220694387,0.947290845298168,2.97703822750369,1,2361.27236619142,-1.22756748427943
"9669","VTN",0.0845968539145843,0.947290845298168,2.97680199263383,1,2361.27236619142,1.84756204376551
"3942","MICB",0.0847573474117236,0.947290845298168,2.97373089340894,1,2361.27236619142,-0.790626254575588
"6850","TBC1D10C",0.0847725200826816,0.947290845298168,2.97344088457892,1,2361.27236619142,0.746141528145571
"5672","TSTD2",0.0848356765977893,0.947290845298168,2.97223432068818,1,2361.27236619142,0.649017027290236
"6418","ECHS1",0.0848633728503849,0.947290845298168,2.97170550839754,1,2361.27236619142,-0.420567329799429
"1093","PFKFB2",0.0849507398449285,0.947290845298168,2.9700386086723,1,2361.27236619142,0.793615294269054
"11596","SNAI1",0.0850032994933175,0.947290845298168,2.96903670153706,1,2361.27236619142,2.12360002974789
"8679","IQCH",0.0852361220269781,0.947290845298168,2.96460661834382,1,2361.27236619142,-10
"9834","EZH1",0.0852847331617294,0.947290845298168,2.96368331151731,1,2361.27236619142,0.417517745333041
"10536","CD320",0.0852870749777488,0.947290845298168,2.96363884607374,1,2361.27236619142,-10
"8143","TRAPPC6B",0.0853970691226075,0.947290845298168,2.96155180954612,1,2361.27236619142,0.400603286153294
"3715","DOCK2",0.0855821987551628,0.947290845298168,2.95804570783441,1,2361.27236619142,0.185222034411049
"10354","NFATC1",0.0856575558182992,0.947290845298168,2.95662089850038,1,2361.27236619142,0.542865096993098
"1080","SLC41A1",0.0857575449933551,0.947290845298168,2.95473245215975,1,2361.27236619142,1.1384912591648
"2389","ARF4",0.0858430739633237,0.947290845298168,2.95311899908815,1,2361.27236619142,0.305563900849332
"4212","ANKRD6",0.0859808505923485,0.947290845298168,2.95052358138129,1,2361.27236619142,0.578917840563346
"1358","PLB1",0.0860090177061094,0.947290845298168,2.94999352744946,1,2361.27236619142,0.816012948238142
"4126","ENPP4",0.0860849068672716,0.947290845298168,2.94856636607892,1,2361.27236619142,-0.688522868195587
"2564","COPG1",0.0861151932870463,0.947290845298168,2.94799718401503,1,2361.27236619142,-0.568051078801945
"2097","ARPC4",0.0861606797798535,0.947290845298168,2.94714274937928,1,2361.27236619142,0.244196356948758
"8087","PSME1",0.0862584135385641,0.947290845298168,2.94530853440356,1,2361.27236619142,-0.287881190891502
"10961","ITPKC",0.0863553863333854,0.947290845298168,2.94349082376795,1,2361.27236619142,0.890199835198122
"5916","AJM1",0.0864048806216042,0.947290845298168,2.94256392786079,1,2361.27236619142,-10
"7256","PRR4",0.0864431416790737,0.947290845298168,2.94184779436456,1,2361.27236619142,-10
"10588","TMED1",0.0864776089934791,0.947290845298168,2.94120296234651,1,2361.27236619142,-0.737579883543339
"9313","NOB1",0.0865656696106683,0.947290845298168,2.93955674290056,1,2361.27236619142,-1.25420271074452
"10661","C19orf53",0.0865863623808021,0.947290845298168,2.93917017208883,1,2361.27236619142,0.236282769495346
"9508","RABEP1",0.0866881517051439,0.947290845298168,2.9372700562686,1,2361.27236619142,0.266805482930434
"10700","CHERP",0.0867859209155632,0.947290845298168,2.93544725861683,1,2361.27236619142,0.702272961379324
"10177","SECTM1",0.0868542783389571,0.947290845298168,2.93417413173517,1,2361.27236619142,-0.355905246966846
"6640","PSMC3",0.0868702074298982,0.947290845298168,2.93387761538189,1,2361.27236619142,-0.452281903410384
"9309","TERF2",0.086925229481616,0.947290845298168,2.9328538455286,1,2361.27236619142,-0.584749561150245
"3404","SMN1",0.0873050941748671,0.947290845298168,2.92580497913942,1,2361.27236619142,1.35013934744095
"421","MKNK1",0.087339305891747,0.947290845298168,2.92517176972602,1,2361.27236619142,0.231463570001846
"7672","ANAPC7",0.0875702918881916,0.947290845298168,2.92090357456936,1,2361.27236619142,-0.657840805524876
"4260","SLC22A16",0.0875914463813626,0.947290845298168,2.92051328861062,1,2361.27236619142,1.26960959385661
"10221","CHMP1B",0.0876313157227527,0.947290845298168,2.91977800411822,1,2361.27236619142,0.346826822682136
"2754","ST6GAL1",0.0876656667257259,0.947290845298168,2.91914478150323,1,2361.27236619142,-0.728857144372367
"3645","PRELID2",0.0879085974747305,0.947290845298168,2.9146742852454,1,2361.27236619142,1.08759435378944
"8058","OXA1L",0.0879572337625676,0.947290845298168,2.91378087240885,1,2361.27236619142,-0.45545749349612
"10891","ZNF568",0.0879744628749797,0.947290845298168,2.91346451474493,1,2361.27236619142,0.852247212948816
"5125","LEPROTL1",0.088054408221646,0.947290845298168,2.911997452019,1,2361.27236619142,0.28889760226204
"1819","GPR155",0.0882455343196444,0.947290845298168,2.90849597651016,1,2361.27236619142,0.270172498897271
"4770","ZNF3",0.0883475184112388,0.947290845298168,2.90663096669201,1,2361.27236619142,-0.866248437970002
"10904","ZNF607",0.0883999489176523,0.947290845298168,2.90567306468763,1,2361.27236619142,-10
"7012","CWF19L2",0.0884266265810234,0.947290845298168,2.90518590195228,1,2361.27236619142,-0.418808370614929
"3933","IER3",0.0884405156464328,0.947290845298168,2.90493233581436,1,2361.27236619142,-0.329410884448356
"4453","NUDT1",0.0884880530899951,0.947290845298168,2.9040647937927,1,2361.27236619142,-0.427368679445503
"9328","PHLPP2",0.088490561019638,0.947290845298168,2.90401903897492,1,2361.27236619142,0.843844851173184
"4037","FANCE",0.088561798497325,0.947290845298168,2.90271996518839,1,2361.27236619142,1.82323759836023
"1762","PRPF40A",0.0887621883979536,0.947290845298168,2.89907176039075,1,2361.27236619142,-0.236928932366494
"10327","RELCH",0.0890988766496431,0.947290845298168,2.89296224133542,1,2361.27236619142,0.278604079147713
"9589","GAS7",0.0891371980087406,0.947290845298168,2.89226845294647,1,2361.27236619142,0.159654125575206
"2202","XYLB",0.0892906139761938,0.947290845298168,2.88949417372734,1,2361.27236619142,-10
"466","PARS2",0.0892956892350688,0.947290845298168,2.88940248429335,1,2361.27236619142,1.53057917361102
"8494","RASGRP1",0.0894549436152269,0.947290845298168,2.8865282698647,1,2361.27236619142,3.90318785594943
"11882","ASPHD2",0.0895712315453043,0.947290845298168,2.88443301709105,1,2361.27236619142,1.01480469581463
"6327","GSTO1",0.0896420408830274,0.947290845298168,2.88315863414194,1,2361.27236619142,-0.183094567301943
"7459","RPS26",0.0897055518632703,0.947290845298168,2.88201653164206,1,2361.27236619142,-0.165461969786832
"12453","ATP11C",0.0897087906410573,0.947290845298168,2.88195831301013,1,2361.27236619142,0.387976755242969
"11035","APOC2",0.0898699705811521,0.947290845298168,2.87906390221044,1,2361.27236619142,-1.41701539461632
"4565","HERPUD2",0.0899688565291052,0.947290845298168,2.87729093190602,1,2361.27236619142,-0.39111298009294
"9935","LUC7L3",0.0901619293109669,0.947290845298168,2.87383533328911,1,2361.27236619142,0.227221683597024
"5198","FAM110B",0.0901979875229127,0.947290845298168,2.87319085712201,1,2361.27236619142,0.923683451667827
"7001","DCUN1D5",0.0902048088389924,0.947290845298168,2.87306896973893,1,2361.27236619142,-0.602639196998434
"1195","EXOC8",0.0902293253759102,0.947290845298168,2.87263097610072,1,2361.27236619142,-1.00381278773374
"10633","MAN2B1",0.0904013288605307,0.947290845298168,2.86956172263367,1,2361.27236619142,0.241809835607966
"3177","LSM6",0.0905222816882673,0.947290845298168,2.86740721898093,1,2361.27236619142,0.419960579913874
"1146","FBXO28",0.0905829711683767,0.947290845298168,2.86632734939218,1,2361.27236619142,-0.410706534425627
"7930","CAB39L",0.0907373634293921,0.947290845298168,2.86358373098231,1,2361.27236619142,0.440143456355377
"5604","VPS13A",0.0907637538739133,0.947290845298168,2.86311526860317,1,2361.27236619142,0.430869047773845
"12472","BCAP31",0.0908921941914481,0.947290845298168,2.86083740752532,1,2361.27236619142,0.238653384883735
"3816","PXDC1",0.0909531234885142,0.947290845298168,2.8597580621051,1,2361.27236619142,0.452419190909129
"6971","NAALAD2",0.0909767036008236,0.947290845298168,2.85934055781046,1,2361.27236619142,2.17273385221611
"7784","RILPL1",0.0910733272406491,0.947290845298168,2.85763098774148,1,2361.27236619142,-0.639030572663899
"10871","THAP8",0.091235729265712,0.947290845298168,2.85476202960852,1,2361.27236619142,0.848071374549181
"7014","SLC35F2",0.0914686797600824,0.947290845298168,2.85065645090768,1,2361.27236619142,-10
"11755","MX2",0.0914807502886876,0.947290845298168,2.85044402654038,1,2361.27236619142,-0.150865891016478
"1060","CHI3L1",0.0915595816336279,0.947290845298168,2.84905745405768,1,2361.27236619142,0.78238437884459
"102","AGTRAP",0.0916009618679988,0.947290845298168,2.84833013207556,1,2361.27236619142,-0.458380262309293
"11332","ZNF132",0.0917203126649796,0.947290845298168,2.84623435466305,1,2361.27236619142,-10
"12272","RRAGB",0.0917368975870159,0.947290845298168,2.84594336113073,1,2361.27236619142,0.474276916858234
"8060","MRPL52",0.0917418023573938,0.947290845298168,2.84585731461396,1,2361.27236619142,0.371444283574252
"2557","EEFSEC",0.0917422869867491,0.947290845298168,2.84584881282213,1,2361.27236619142,0.415939851187709
"8059","SLC7A7",0.0917552683906487,0.947290845298168,2.84562109984932,1,2361.27236619142,0.259649519956917
"1716","AMMECR1L",0.0918808273733126,0.947290845298168,2.84342041563136,1,2361.27236619142,0.825145696944931
"6860","NUDT8",0.0919357531204257,0.947290845298168,2.84245875434582,1,2361.27236619142,-10
"1059","PPFIA4",0.0921762400404843,0.947290845298168,2.83825555688163,1,2361.27236619142,-10
"6080","AGAP9",0.0922250858315593,0.947290845298168,2.83740329347005,1,2361.27236619142,-1.0203830302403
"11062","CCDC61",0.0922320763553491,0.947290845298168,2.83728136266072,1,2361.27236619142,-1.96604894943286
"4594","SPDYE1",0.0922792873234618,0.947290845298168,2.83645815778911,1,2361.27236619142,1.33769213802448
"8763","FAH",0.0923395296374929,0.947290845298168,2.83540839354674,1,2361.27236619142,0.501614190275535
"5599","OSTF1",0.0924093865389033,0.947290845298168,2.83419202042121,1,2361.27236619142,0.224619425939326
"7466","SMARCC2",0.0924744382175144,0.947290845298168,2.8330602162217,1,2361.27236619142,0.395977723207727
"2301","AMT",0.0925230585645623,0.947290845298168,2.83221485838798,1,2361.27236619142,0.873873782892388
"3988","HLA-DRB1",0.0925986590570203,0.947290845298168,2.8309013581226,1,2361.27236619142,-0.261238793411606
"2385","APPL1",0.0926922398707206,0.947290845298168,2.82927707790639,1,2361.27236619142,-0.264707706662621
"5364","MYC",0.0927063708976824,0.947290845298168,2.82903196095463,1,2361.27236619142,1.90129833432237
"6785","CAPN1",0.0929719381734787,0.947290845298168,2.82443297094582,1,2361.27236619142,0.355346135268017
"4557","LSM5",0.0930543279404684,0.947290845298168,2.82300908080963,1,2361.27236619142,-0.442240778150121
"2807","ZNF141",0.0931293004584104,0.947290845298168,2.82171456953068,1,2361.27236619142,-0.528054474957444
"4418","PRKN",0.0933199532140247,0.947290845298168,2.81842776856599,1,2361.27236619142,0.342334868839393
"6904","FAM168A",0.0933675976429267,0.947290845298168,2.81760753263945,1,2361.27236619142,-0.273639389497081
"8892","MAPK8IP3",0.0934564279118459,0.947290845298168,2.81607946576793,1,2361.27236619142,0.435315349427373
"1081","RAB7B",0.0935456245476036,0.947290845298168,2.81454668594415,1,2361.27236619142,0.322438332671619
"7742","POP5",0.0935985305485779,0.947290845298168,2.81363828570271,1,2361.27236619142,-0.759727591196507
"7916","LRRC63",0.0936314525998809,0.947290845298168,2.81307329344749,1,2361.27236619142,0.682143831282991
"9491","PSMB6",0.0938496647684917,0.947290845298168,2.80933389899387,1,2361.27236619142,-0.303904281693939
"4767","TRIM4",0.0939341854722431,0.947290845298168,2.80788805103583,1,2361.27236619142,0.363391408802002
"7213","C12orf57",0.0940083030715794,0.947290845298168,2.80662132792117,1,2361.27236619142,-0.590039185050761
"4159","LMBRD1",0.0941146900784997,0.947290845298168,2.80480499619005,1,2361.27236619142,0.260604223008948
"2797","DLG1",0.0941514380663856,0.947290845298168,2.8041781217822,1,2361.27236619142,-0.335313201227864
"8354","FOXN3",0.0941774615663931,0.947290845298168,2.80373435470816,1,2361.27236619142,-0.180050114474875
"2209","CSRNP1",0.0945816561513938,0.947290845298168,2.79685889489282,1,2361.27236619142,-0.871905519636427
"11939","FBXO7",0.0946019988701225,0.947290845298168,2.79651370570672,1,2361.27236619142,-0.322131402220731
"10532","SNAPC2",0.0946464600831362,0.947290845298168,2.79575953868702,1,2361.27236619142,0.739324905500182
"1840","UBE2E3",0.0948218226410225,0.947290845298168,2.79278873326784,1,2361.27236619142,-0.36357007051583
"186","CNR2",0.094945012106931,0.947290845298168,2.79070536452355,1,2361.27236619142,-1.99779369287878
"5840","MIGA2",0.094954272280348,0.947290845298168,2.79054887632171,1,2361.27236619142,-1.08431930950494
"7437","ITGA5",0.0950241728377169,0.947290845298168,2.78936815882639,1,2361.27236619142,0.384349636188578
"11847","AIFM3",0.0950374425758909,0.947290845298168,2.7891441213622,1,2361.27236619142,1.34906203259718
"5576","ZNF658",0.0952980796279162,0.947290845298168,2.78475059250428,1,2361.27236619142,0.760047073785177
"4128","TDRD6",0.0953506961236459,0.947290845298168,2.78386523034143,1,2361.27236619142,1.57720332952642
"1127","GPATCH2",0.0953564784600547,0.947290845298168,2.78376796514421,1,2361.27236619142,0.320430239895682
"11175","FPR2",0.0953839548025397,0.947290845298168,2.78330587092749,1,2361.27236619142,-0.570643193549916
"9784","ERBB2",0.0953976805690877,0.947290845298168,2.78307508675433,1,2361.27236619142,-10
"92","CASZ1",0.0954027343239024,0.947290845298168,2.78299012235161,1,2361.27236619142,-10
"5829","ZDHHC12",0.095433288628636,0.947290845298168,2.78247654370914,1,2361.27236619142,-0.458489987191833
"8146","FBXO33",0.0956117829177971,0.947290845298168,2.7794798596723,1,2361.27236619142,-0.451776401743747
"10901","ZNF540",0.0956770245363124,0.947290845298168,2.77838605975131,1,2361.27236619142,1.138330061638
"8133","PPP2R3C",0.0957580478854299,0.947290845298168,2.77702880415319,1,2361.27236619142,-0.330170965138444
"240","ATP5IF1",0.095783734910629,0.947290845298168,2.77659877143431,1,2361.27236619142,-0.19398843735184
"1276","TAF1B",0.0957901531857723,0.947290845298168,2.7764913411576,1,2361.27236619142,-0.521891249996583
"1715","POLR2D",0.0958120873507748,0.947290845298168,2.77612426224868,1,2361.27236619142,0.634690731814947
"3403","SMN2",0.0958241220427068,0.947290845298168,2.77592289473814,1,2361.27236619142,-10
"11458","TM9SF4",0.0959648124582685,0.947290845298168,2.77357086953355,1,2361.27236619142,0.394393162239621
"3128","C4orf3",0.0959901539850712,0.947290845298168,2.77314761602228,1,2361.27236619142,-0.180076215180831
"6268","CUTC",0.0960709002020325,0.947290845298168,2.77179980666022,1,2361.27236619142,0.512337176115777
"5083","SLC39A14",0.0960766498916338,0.947290845298168,2.77170388039823,1,2361.27236619142,-10
"6124","SRGN",0.0961909960302055,0.947290845298168,2.76979745900943,1,2361.27236619142,-0.133512283442955
"8896","SPSB3",0.0962286612033462,0.947290845298168,2.76917003204153,1,2361.27236619142,0.556626543623265
"4119","HSP90AB1",0.0962754485854658,0.947290845298168,2.76839101990297,1,2361.27236619142,-0.230548539147488
"11924","TUG1",0.0963457954338528,0.947290845298168,2.76722051793345,1,2361.27236619142,0.351698074326961
"470","DAB1",0.096379274077799,0.947290845298168,2.7666637935845,1,2361.27236619142,0.874114363047378
"3741","ARL10",0.0964115145317809,0.947290845298168,2.76612785863259,1,2361.27236619142,1.10504934660522
"10815","ZNF507",0.0964519454174977,0.947290845298168,2.76545604973788,1,2361.27236619142,-10
"3564","AFF4",0.0964756474740918,0.947290845298168,2.76506235365209,1,2361.27236619142,-0.250344479247172
"10087","TEN1",0.0965399912811736,0.947290845298168,2.76399412113447,1,2361.27236619142,-0.792509726048847
"7013","ALKBH8",0.0965819275109991,0.947290845298168,2.76329831580034,1,2361.27236619142,0.944128461986364
"8015","ATP11A",0.0965980367653605,0.947290845298168,2.76303111884927,1,2361.27236619142,0.258642066352571
"5755","PHF19",0.0966071917321003,0.947290845298168,2.7628792911874,1,2361.27236619142,-0.85835687764279
"1950","BARD1",0.0967777846994165,0.947290845298168,2.76005301227759,1,2361.27236619142,-0.535934534548774
"308","AGO3",0.0968031206915053,0.947290845298168,2.75963372458114,1,2361.27236619142,0.253812982290384
"6749","TRPT1",0.0969354583489035,0.947290845298168,2.75744559964392,1,2361.27236619142,-1.07656819510214
"1462","REL",0.0969484168208271,0.947290845298168,2.75723151411195,1,2361.27236619142,0.262884399897568
"9386","GSE1",0.0969700283329471,0.947290845298168,2.75687454204219,1,2361.27236619142,0.491146041721769
"1526","CCT7",0.0969747732120207,0.947290845298168,2.75679617925811,1,2361.27236619142,0.444252802559855
"9298","PRMT7",0.0969901526555667,0.947290845298168,2.75654221290285,1,2361.27236619142,-0.742321582155068
"8371","NDUFB1",0.0971752834480156,0.947290845298168,2.75348852278184,1,2361.27236619142,-0.243175324284539
"4943","SLC37A3",0.0972891624902561,0.947290845298168,2.7516132645749,1,2361.27236619142,-10
"11003","CADM4",0.0974958634965069,0.947290845298168,2.74821560691118,1,2361.27236619142,-10
"6596","CAT",0.0975013024654657,0.947290845298168,2.74812630974227,1,2361.27236619142,0.260484739912632
"4819","RASA4B",0.0975895372931818,0.947290845298168,2.7466784262413,1,2361.27236619142,-10
"7096","NECTIN1",0.0976058408565972,0.947290845298168,2.74641105035073,1,2361.27236619142,-10
"4878","CPED1",0.0976450410475934,0.947290845298168,2.74576837273517,1,2361.27236619142,0.462452323333894
"856","RRNAD1",0.097691647236935,0.947290845298168,2.74500464179497,1,2361.27236619142,0.732324261416847
"2694","TNIK",0.0978080134155873,0.947290845298168,2.74309949517773,1,2361.27236619142,0.285722737644437
"3559","KIF3A",0.0978477539515139,0.947290845298168,2.74244942980607,1,2361.27236619142,0.895327170513265
"10781","ZNF506",0.0979123763828986,0.947290845298168,2.74139296778577,1,2361.27236619142,0.571408483095187
"8753","IREB2",0.0981079482167377,0.947290845298168,2.73820034581679,1,2361.27236619142,0.281117008815471
"8840","ADAMTS17",0.0981548084664577,0.947290845298168,2.73743640490307,1,2361.27236619142,-10
"4166","OOEP",0.0981721450332792,0.947290845298168,2.73715387577153,1,2361.27236619142,-1.48759647377031
"4904","AHCYL2",0.0982008467258382,0.947290845298168,2.73668625208649,1,2361.27236619142,-0.346656296630931
"11045","ERCC2",0.0982009503071639,0.947290845298168,2.73668456475301,1,2361.27236619142,0.853718563101485
"558","LRRC8C",0.0983175851339935,0.947290845298168,2.7347858222254,1,2361.27236619142,-0.515023340814601
"12479","HCFC1",0.0983237472482696,0.947290845298168,2.73468557522545,1,2361.27236619142,-0.717896105450145
"8667","DENND4A",0.098352929795867,0.947290845298168,2.73421091850137,1,2361.27236619142,0.347540448182702
"10507","GPR108",0.0986180605226679,0.947290845298168,2.72990557465406,1,2361.27236619142,0.441902304729832
"6371","SEC23IP",0.0986212345716435,0.947290845298168,2.72985410921491,1,2361.27236619142,0.330666039450776
"2304","APEH",0.0986324676852448,0.947290845298168,2.72967198504884,1,2361.27236619142,-0.703962079119413
"9364","C16orf46",0.0986427814519602,0.947290845298168,2.72950478633385,1,2361.27236619142,-10
"8008","NAXD",0.0989772311051689,0.947290845298168,2.72409327185321,1,2361.27236619142,0.580020374699779
"5206","GGH",0.0989796990654015,0.947290845298168,2.72405341363276,1,2361.27236619142,1.75040114644756
"8761","BCL2A1",0.0990086064426208,0.947290845298168,2.72358663252174,1,2361.27236619142,-0.93764833119263
"2151","SATB1",0.0990420806370267,0.947290845298168,2.72304629478186,1,2361.27236619142,0.296529757328436
"7560","OSBPL8",0.0991277145434268,0.947290845298168,2.7216649064536,1,2361.27236619142,0.205010186514267
"10000","LIMD2",0.0991823875620905,0.947290845298168,2.72078363978124,1,2361.27236619142,-0.714165377555093
"386","CCDC24",0.0992019962149325,0.947290845298168,2.72046769994077,1,2361.27236619142,1.18591436504509
"5011","KMT2C",0.0992389133316134,0.947290845298168,2.71987306657503,1,2361.27236619142,0.175078763070195
"6839","RCE1",0.0992940487125088,0.947290845298168,2.71898543675063,1,2361.27236619142,1.06703061455104
"1327","SLC35F6",0.0995429201560727,0.947290845298168,2.71498552020941,1,2361.27236619142,0.367269608167235
"11655","YTHDF1",0.0996487425468071,0.947290845298168,2.71328802864165,1,2361.27236619142,0.478969500777132
"8705","ARIH1",0.099673672575859,0.947290845298168,2.71288841396001,1,2361.27236619142,-0.222612593472082
"4500","SCIN",0.0997153189809387,0.947290845298168,2.71222108847905,1,2361.27236619142,-10
"1874","DNAH7",0.0997550337876316,0.947290845298168,2.71158499777148,1,2361.27236619142,2.48235817961212
"6742","MARK2",0.0999655156859616,0.947290845298168,2.7082184353852,1,2361.27236619142,-0.364361529616227
"3956","LY6G5C",0.100023750749313,0.947290845298168,2.70728835991786,1,2361.27236619142,-10
"6437","PHRF1",0.100057732541569,0.947290845298168,2.70674590817561,1,2361.27236619142,0.519565304371681
"4981","ZNF862",0.100064705013264,0.947290845298168,2.70663463142313,1,2361.27236619142,0.585160424300512
"5298","NIPAL2",0.100107070344289,0.947290845298168,2.70595868652792,1,2361.27236619142,0.573573074001043
"4381","RMND1",0.100138351108436,0.947290845298168,2.70545979808629,1,2361.27236619142,0.557156831406429
"6008","HACD1",0.100151989542973,0.947290845298168,2.70524233570176,1,2361.27236619142,-10
"12227","PQBP1",0.100246378404445,0.947290845298168,2.70373820886268,1,2361.27236619142,0.537875823145724
"10121","CEP295NL",0.100495515081719,0.947290845298168,2.69977553301532,1,2361.27236619142,-10
"3373","ZSWIM6",0.10051319401728,0.947290845298168,2.69949474656148,1,2361.27236619142,0.155674948617564
"11518","SAMHD1",0.100521260756837,0.947290845298168,2.69936664416116,1,2361.27236619142,-0.133580781584004
"967","DARS2",0.100653130120525,0.947290845298168,2.69727410865381,1,2361.27236619142,-1.45877840812058
"4370","PPIL4",0.100653652213289,0.947290845298168,2.69726582991531,1,2361.27236619142,-0.382366897947132
"3799","TRIM52",0.100656124326863,0.947290845298168,2.69722663065716,1,2361.27236619142,-0.899902650685343
"2665","SHOX2",0.100680329260699,0.947290845298168,2.69684287886842,1,2361.27236619142,-1.26561129383211
"12302","MED12",0.100790833219998,0.947290845298168,2.69509219873033,1,2361.27236619142,0.644787858936557
"4","HES4",0.10103863045347,0.947290845298168,2.69117404171842,1,2361.27236619142,-0.639338544296826
"3084","PPP3CA",0.101046510619559,0.947290845298168,2.69104961339172,1,2361.27236619142,0.206172270068369
"2647","SIAH2",0.10109362266966,0.947290845298168,2.69030593241177,1,2361.27236619142,-0.778412552219936
"7193","GAPDH",0.101262623091757,0.947290845298168,2.68764131393406,1,2361.27236619142,-0.137802809206074
"8969","ZNF500",0.101333583764374,0.947290845298168,2.68652393125962,1,2361.27236619142,0.816131547086354
"10135","ENDOV",0.101396658930631,0.947290845298168,2.68553143601494,1,2361.27236619142,-0.893454190185982
"2586","SRPRB",0.101625961864966,0.947290845298168,2.68192900908698,1,2361.27236619142,0.738750398709278
"7839","MRPL57",0.10167052136608,0.947290845298168,2.68122999612414,1,2361.27236619142,-0.276271408498466
"9407","PIEZO1",0.101711695256765,0.947290845298168,2.68058439172228,1,2361.27236619142,0.797034877787976
"5703","FKTN",0.101779759657277,0.947290845298168,2.67951777234794,1,2361.27236619142,-0.768536308140336
"7249","OLR1",0.101821958554829,0.947290845298168,2.67885687633635,1,2361.27236619142,0.531126542871844
"8559","FRMD5",0.101837673209851,0.947290845298168,2.67861083859842,1,2361.27236619142,1.80853832864298
"1669","MTLN",0.101867600700197,0.947290845298168,2.67814239135102,1,2361.27236619142,-0.563218005647988
"11263","FIZ1",0.101899138353737,0.947290845298168,2.67764890356811,1,2361.27236619142,1.15939191875118
"6279","NDUFB8",0.102007510858644,0.947290845298168,2.67595440971971,1,2361.27236619142,-0.231956826814631
"10765","BORCS8",0.102012439727019,0.947290845298168,2.67587738962223,1,2361.27236619142,-0.787673850437062
"976","SEC16B",0.102021801911177,0.947290845298168,2.67573110430617,1,2361.27236619142,-1.942977910257
"7038","SDHD",0.102062628070603,0.947290845298168,2.675093362043,1,2361.27236619142,-0.385392430984776
"726","PLEKHO1",0.102118815858424,0.947290845298168,2.67421611332933,1,2361.27236619142,0.193701630723577
"4198","ZNF292",0.102465316955936,0.947290845298168,2.66881790819574,1,2361.27236619142,-0.230095268965626
"12020","RANGAP1",0.102831838656861,0.947290845298168,2.66312950298183,1,2361.27236619142,0.507126523229781
"7486","MYO1A",0.103072959522641,0.947290845298168,2.65939940695305,1,2361.27236619142,1.45394349655669
"2868","GRPEL1",0.103376799214604,0.947290845298168,2.65471264627026,1,2361.27236619142,0.523645790606769
"5900","TMEM250",0.10337953107942,0.947290845298168,2.65467057541818,1,2361.27236619142,-0.894296056262321
"1797","KLHL23",0.103435406802076,0.947290845298168,2.65381035361409,1,2361.27236619142,-1.94680370059425
"7859","FLT1",0.103454058937659,0.947290845298168,2.65352331227096,1,2361.27236619142,1.8377908782834
"11383","MAVS",0.103462499220913,0.947290845298168,2.65339344173888,1,2361.27236619142,0.381317932304204
"480","ATG4C",0.10350726605967,0.947290845298168,2.65270480891225,1,2361.27236619142,-0.321967753556897
"6936","CAPN5",0.10355443241587,0.947290845298168,2.651979617995,1,2361.27236619142,-10
"12289","VSIG4",0.103582932756505,0.947290845298168,2.65154159565973,1,2361.27236619142,-0.406788279931676
"5137","MAK16",0.103586976929748,0.947290845298168,2.65147945137236,1,2361.27236619142,-1.4464673436768
"7208","TPI1",0.103753552337769,0.947290845298168,2.64892209776229,1,2361.27236619142,0.190208520368886
"10603","RGL3",0.10376386864191,0.947290845298168,2.64876386435408,1,2361.27236619142,-10
"3517","TICAM2",0.103774052858479,0.947290845298168,2.64860767383486,1,2361.27236619142,0.393635323822349
"9685","TRAF4",0.103774698585668,0.947290845298168,2.64859777118813,1,2361.27236619142,-10
"953","FMO4",0.103832012593997,0.947290845298168,2.64771909238334,1,2361.27236619142,-0.791945689390463
"3","PLEKHN1",0.103852253977368,0.947290845298168,2.64740889950241,1,2361.27236619142,1.10622374011617
"5557","GNE",0.103867484294037,0.947290845298168,2.64717554332386,1,2361.27236619142,-0.920774147661228
"5216","SGK3",0.103975959646242,0.947290845298168,2.64551458713013,1,2361.27236619142,0.200537138246799
"8200","ATG14",0.103988361687076,0.947290845298168,2.6453248101429,1,2361.27236619142,0.402568237968292
"2387","DNAH12",0.104000968708013,0.947290845298168,2.6451319219517,1,2361.27236619142,1.39692867133985
"8340","NRXN3",0.104179825885407,0.947290845298168,2.64239815322602,1,2361.27236619142,2.16736353315499
"11063","PPP5C",0.104425332769,0.947290845298168,2.63865403139806,1,2361.27236619142,-0.985330172873606
"11496","CEP250",0.104462283031781,0.947290845298168,2.63809135393012,1,2361.27236619142,0.474821107877953
"8078","NGDN",0.10480922617881,0.947290845298168,2.63281873180244,1,2361.27236619142,0.620456269412163
"10423","TIMM13",0.104894241574528,0.947290845298168,2.63152964030445,1,2361.27236619142,-0.422201486838228
"8507","CHST14",0.104944562196807,0.947290845298168,2.63076716647075,1,2361.27236619142,-10
"11853","YDJC",0.1050124398512,0.947290845298168,2.62973929781589,1,2361.27236619142,0.872473241958344
"6574","METTL15",0.105102340413529,0.947290845298168,2.62837905798112,1,2361.27236619142,0.308611841628399
"12339","CSTF2",0.105254755040627,0.947290845298168,2.62607586211545,1,2361.27236619142,-1.41496662042889
"3541","SLC12A2",0.10526803129876,0.947290845298168,2.62587541268309,1,2361.27236619142,0.964774463367449
"9421","VPS9D1",0.105406769104422,0.947290845298168,2.6237823596601,1,2361.27236619142,0.523393840611358
"5774","DENND1A",0.105532325334804,0.947290845298168,2.6218907720003,1,2361.27236619142,-0.209788501299667
"3543","SLC27A6",0.105537046792966,0.947290845298168,2.62181968827564,1,2361.27236619142,-10
"2572","PIK3R4",0.10557875270679,0.947290845298168,2.62119193801199,1,2361.27236619142,-0.584844391821772
"8621","ALDH1A2",0.105580289661075,0.947290845298168,2.62116880923666,1,2361.27236619142,0.668217236577995
"1513","TEX261",0.105798047860634,0.947290845298168,2.61789561432449,1,2361.27236619142,-0.698257122140709
"3533","PRDM6",0.105810361972213,0.947290845298168,2.61771073771565,1,2361.27236619142,3.20147186257406
"11191","ZNF880",0.105938690943349,0.947290845298168,2.61578548796843,1,2361.27236619142,0.808772963070586
"12343","TIMM8A",0.106143521800409,0.947290845298168,2.61271781757528,1,2361.27236619142,-1.9179849208815
"6476","NUP98",0.106204183111936,0.947290845298168,2.61181056383038,1,2361.27236619142,-0.303885745879756
"116","TMEM51",0.106229473606368,0.947290845298168,2.61143248582448,1,2361.27236619142,0.238063434153261
"10628","ZNF443",0.106244212225201,0.947290845298168,2.61121219770165,1,2361.27236619142,-10
"8261","EXD2",0.106270352442433,0.947290845298168,2.61082158010708,1,2361.27236619142,-1.07713383123337
"9867","FZD2",0.10627417495383,0.947290845298168,2.61076446852352,1,2361.27236619142,-0.736872742742096
"9691","PIPOX",0.106391377137754,0.947290845298168,2.6090144612624,1,2361.27236619142,0.615086054512062
"10433","ZNF57",0.106405568276022,0.947290845298168,2.60880270954978,1,2361.27236619142,1.48047588675158
"11852","UBE2L3",0.106465090628601,0.947290845298168,2.60791488998287,1,2361.27236619142,-0.227372240161064
"1866","NEMP2",0.106747020979079,0.947290845298168,2.603717080699,1,2361.27236619142,0.86464244172141
"494","WDR78",0.106756063754134,0.947290845298168,2.60358263957182,1,2361.27236619142,-0.865178581675243
"1901","NIF3L1",0.106872326650583,0.947290845298168,2.601855243756,1,2361.27236619142,0.678760846014171
"3527","PRR16",0.106942411183927,0.947290845298168,2.60081494722816,1,2361.27236619142,1.47659043358666
"7231","FAM90A1",0.106955653219614,0.947290845298168,2.60061847375985,1,2361.27236619142,1.53261473304493
"7851","CDK8",0.106960085174653,0.947290845298168,2.60055272234461,1,2361.27236619142,0.342651971449886
"4451","MAD1L1",0.10713554286388,0.947290845298168,2.59795207513234,1,2361.27236619142,-0.340815421115083
"3396","CDK7",0.107150498605922,0.947290845298168,2.59773061632509,1,2361.27236619142,-0.743909182287234
"6533","USP47",0.107173894564792,0.947290845298168,2.59738424614401,1,2361.27236619142,0.234249000539992
"3434","WDR41",0.107301817739715,0.947290845298168,2.59549184876213,1,2361.27236619142,0.380372671470618
"12444","MMGT1",0.107558231447175,0.947290845298168,2.59170611044717,1,2361.27236619142,-0.671677334273604
"8614","NEDD4",0.107618977799324,0.947290845298168,2.59081069262945,1,2361.27236619142,-1.1718166002998
"811","FLAD1",0.107630184525961,0.947290845298168,2.59064556307716,1,2361.27236619142,-0.818760962041289
"4851","BCAP29",0.107891443883813,0.947290845298168,2.58680128658773,1,2361.27236619142,-0.41653931826747
"3444","CMYA5",0.108218566900493,0.947290845298168,2.58200225991756,1,2361.27236619142,0.889614967759321
"11632","NELFCD",0.10823167263353,0.947290845298168,2.58181032574344,1,2361.27236619142,-0.970031810168577
"11047","CD3EAP",0.108239831847135,0.947290845298168,2.5816908465149,1,2361.27236619142,-10
"3304","AMACR",0.108279731495205,0.947290845298168,2.5811067195768,1,2361.27236619142,-0.960578914066493
"586","MFSD14A",0.108354533481875,0.947290845298168,2.58001226295533,1,2361.27236619142,-0.462460012202203
"263","HCRTR1",0.108614949449951,0.947290845298168,2.57620848419472,1,2361.27236619142,-10
"7484","ZBTB39",0.10863954993173,0.947290845298168,2.57584967432794,1,2361.27236619142,-1.8892984674214
"6715","ROM1",0.10864553817101,0.947290845298168,2.57576234649153,1,2361.27236619142,-10
"8342","TSHR",0.108658562674872,0.947290845298168,2.57557242549743,1,2361.27236619142,-10
"5736","ALAD",0.108680387395053,0.947290845298168,2.57525423740764,1,2361.27236619142,-0.701371143794605
"11295","ZNF772",0.108680788235781,0.947290845298168,2.57524839410661,1,2361.27236619142,1.13106886369254
"5465","INSL6",0.108689178604933,0.947290845298168,2.57512608798943,1,2361.27236619142,-1.86534910810007
"11721","TMEM50B",0.108732768577736,0.947290845298168,2.57449084545832,1,2361.27236619142,0.469644268624646
"10999","IRGQ",0.108823076744124,0.947290845298168,2.57317566273124,1,2361.27236619142,-0.949534042096696
"98","UBIAD1",0.108924053044678,0.947290845298168,2.57170653709286,1,2361.27236619142,0.88303552063504
"5960","AKR1E2",0.108951351766167,0.947290845298168,2.57130961929923,1,2361.27236619142,-10
"12317","RLIM",0.108975610961055,0.947290845298168,2.5709569873419,1,2361.27236619142,0.390163245043847
"5017","RBM33",0.109318368898558,0.947290845298168,2.56598385872578,1,2361.27236619142,0.255810165339454
"2479","CD200R1",0.109439989245589,0.947290845298168,2.56422337023475,1,2361.27236619142,-0.586675348468941
"3602","PAIP2",0.109522984064268,0.947290845298168,2.56302323174365,1,2361.27236619142,-0.255597277122646
"6465","CD81",0.109523697671493,0.947290845298168,2.56301291703345,1,2361.27236619142,0.181312448696176
"12066","PPARA",0.109568394611341,0.947290845298168,2.56236700024188,1,2361.27236619142,0.340873026220075
"4897","CALU",0.109579333145619,0.947290845298168,2.56220897130175,1,2361.27236619142,-0.366150446190087
"1624","ACTR1B",0.109631956786653,0.947290845298168,2.56144896031572,1,2361.27236619142,-0.958218685653594
"9553","SENP3",0.109697515747838,0.947290845298168,2.56050269357492,1,2361.27236619142,0.808734908682665
"8920","TBC1D24",0.109736505122502,0.947290845298168,2.55994022260303,1,2361.27236619142,0.804242809083302
"3507","APC",0.109756803246498,0.947290845298168,2.5596474835354,1,2361.27236619142,-0.252972895166736
"6632","ARFGAP2",0.109766516388336,0.947290845298168,2.55950742189848,1,2361.27236619142,-0.452694140608245
"10150","PDE6G",0.109836751381227,0.947290845298168,2.5584950523611,1,2361.27236619142,1.30571712780975
"6959","TMEM126B",0.109897698713275,0.947290845298168,2.55761713242528,1,2361.27236619142,-0.382523009890766
"7524","LLPH",0.109906094164798,0.947290845298168,2.55749624155409,1,2361.27236619142,-0.415235270510599
"8691","GLCE",0.110147193528299,0.947290845298168,2.55402884374541,1,2361.27236619142,0.504079037988681
"5863","RAPGEF1",0.110186441862319,0.947290845298168,2.55346517979723,1,2361.27236619142,0.159372723564948
"918","UAP1",0.110209816210661,0.947290845298168,2.5531295946434,1,2361.27236619142,-1.42838724952918
"4807","ZNHIT1",0.110315665665355,0.947290845298168,2.55161089541478,1,2361.27236619142,-0.253089854652147
"1741","SPOPL",0.110398441585738,0.947290845298168,2.55042436590278,1,2361.27236619142,-0.321175390160618
"12363","BEX2",0.11040520978012,0.947290845298168,2.55032739231438,1,2361.27236619142,-10
"10593","SMARCA4",0.110534709674907,0.947290845298168,2.54847319803232,1,2361.27236619142,0.370627241469783
"11326","ZSCAN22",0.110559195456498,0.947290845298168,2.54812287658577,1,2361.27236619142,1.69636774240153
"10424","LMNB2",0.110572526315645,0.947290845298168,2.54793218604875,1,2361.27236619142,-1.3995694108893
"5427","DGAT1",0.110607251304312,0.947290845298168,2.54743558314869,1,2361.27236619142,-0.734201704289099
"3648","TCERG1",0.110772882080913,0.947290845298168,2.54506925241647,1,2361.27236619142,0.356360579777758
"11213","ZNF813",0.110773307618235,0.947290845298168,2.5450631778747,1,2361.27236619142,-1.05616919236607
"3393","CCNB1",0.110863866718569,0.947290845298168,2.54377103154425,1,2361.27236619142,-10
"10669","SAMD1",0.110882570313372,0.947290845298168,2.54350430328581,1,2361.27236619142,0.537567252300344
"3170","GYPE",0.110906017791641,0.947290845298168,2.54316999340336,1,2361.27236619142,2.13213270891935
"11334","ZNF324",0.11091965621713,0.947290845298168,2.5429755750018,1,2361.27236619142,1.03661650959612
"3306","RAI14",0.110934991818099,0.947290845298168,2.54275699446526,1,2361.27236619142,0.713123287111177
"3766","FAM193B",0.110944122183996,0.947290845298168,2.54262687383858,1,2361.27236619142,0.415074742861809
"6143","ASCC1",0.110946987778945,0.947290845298168,2.54258603748853,1,2361.27236619142,-0.386915098494977
"3030","TMEM150C",0.111007043525255,0.947290845298168,2.54173047618578,1,2361.27236619142,1.89796213897925
"9172","ITGAX",0.111031196222862,0.947290845298168,2.54138653765623,1,2361.27236619142,0.252009153057846
"10733","ARRDC2",0.111164867402087,0.947290845298168,2.53948452557477,1,2361.27236619142,0.514525347961482
"9149","TMEM265",0.111197363350331,0.947290845298168,2.53902252003741,1,2361.27236619142,-1.20350772916951
"8131","SRP54",0.111264422772124,0.947290845298168,2.53806958404642,1,2361.27236619142,-0.338047693019075
"3446","THBS4",0.111305405716895,0.947290845298168,2.53748751450074,1,2361.27236619142,-10
"10578","CDC37",0.111336487701028,0.947290845298168,2.53704622293423,1,2361.27236619142,0.284113937274647
"2767","OPA1",0.111352588918551,0.947290845298168,2.53681767659605,1,2361.27236619142,0.297041803481978
"1644","TBC1D8",0.111408637262752,0.947290845298168,2.53602239044339,1,2361.27236619142,0.218671908426096
"9713","EVI2B",0.11158845871425,0.947290845298168,2.53347382335372,1,2361.27236619142,-0.223811532828114
"3246","PRIMPOL",0.111614343962801,0.947290845298168,2.53310733027025,1,2361.27236619142,-0.663515469748114
"9017","NDE1",0.111812590454478,0.947290845298168,2.53030358225836,1,2361.27236619142,0.423006785912907
"1245","ZNF670",0.112033049541361,0.947290845298168,2.52719211090453,1,2361.27236619142,-1.12079705191082
"6913","P4HA3",0.112080487083626,0.947290845298168,2.5265234782839,1,2361.27236619142,-10
"8765","CEMIP",0.11210920267154,0.947290845298168,2.52611888326881,1,2361.27236619142,-10
"2834","MXD4",0.112276892033601,0.947290845298168,2.52375846268055,1,2361.27236619142,0.375047150101502
"6055","CREM",0.112379240028688,0.947290845298168,2.52231970516815,1,2361.27236619142,-0.188583708779053
"1994","CHPF",0.112437159650622,0.947290845298168,2.52150613940053,1,2361.27236619142,2.10821082120083
"9683","TLCD1",0.112438288294427,0.947290845298168,2.52149029053608,1,2361.27236619142,2.10821082151107
"12133","RAB9A",0.112484942547939,0.947290845298168,2.52083530634996,1,2361.27236619142,-0.272146861656313
"8050","RPGRIP1",0.112535643933587,0.947290845298168,2.52012384341616,1,2361.27236619142,-10
"11816","DGCR6",0.112748760831667,0.947290845298168,2.51713715701185,1,2361.27236619142,-10
"5336","SAMD12",0.112905987572177,0.947290845298168,2.51493771864298,1,2361.27236619142,-10
"6444","SLC25A22",0.112979454030216,0.947290845298168,2.51391115651589,1,2361.27236619142,-10
"8764","ABHD17C",0.113121587184238,0.947290845298168,2.51192718784463,1,2361.27236619142,-2.23856115754125
"3193","TMEM131L",0.113152042680012,0.947290845298168,2.51150243169496,1,2361.27236619142,0.698873551226843
"9828","PSMC3IP",0.11323448752904,0.947290845298168,2.51035322357189,1,2361.27236619142,-10
"11777","PFKL",0.113465079597565,0.947290845298168,2.50714386707138,1,2361.27236619142,0.291407110334458
"2334","MANF",0.113652609026038,0.947290845298168,2.50453915067962,1,2361.27236619142,0.556229381356564
"11182","ZNF614",0.113694281266847,0.947290845298168,2.50396098191723,1,2361.27236619142,-1.38990148967137
"12087","PPP6R2",0.113782853516101,0.947290845298168,2.50273288930858,1,2361.27236619142,0.25162005194507
"561","ZNF644",0.113811248160573,0.947290845298168,2.50233940845596,1,2361.27236619142,0.231757435237691
"659","HIPK1",0.113889879746303,0.947290845298168,2.50125033042773,1,2361.27236619142,0.356075265414457
"4940","TBXAS1",0.113915062627473,0.947290845298168,2.50090171308325,1,2361.27236619142,0.187696059455912
"12071","GRAMD4",0.113947473958463,0.947290845298168,2.50045315433283,1,2361.27236619142,-0.301442160553499
"6158","PPP3CB",0.11411206162307,0.947290845298168,2.49817750260027,1,2361.27236619142,0.311826505698024
"6293","KCNIP2",0.114446098089964,0.947290845298168,2.49357009991562,1,2361.27236619142,1.15210853580004
"9334","DHODH",0.114508800113258,0.947290845298168,2.49270689807127,1,2361.27236619142,-10
"914","ATF6",0.114510673040235,0.947290845298168,2.4926811220144,1,2361.27236619142,0.213238414785472
"7796","UBC",0.114678571230854,0.947290845298168,2.49037232063592,1,2361.27236619142,-0.117826879320814
"7711","SDSL",0.114739710276237,0.947290845298168,2.48953251194026,1,2361.27236619142,-0.376630900881026
"10393","NDUFS7",0.114759304754234,0.947290845298168,2.48926346581283,1,2361.27236619142,-0.37858285101778
"1598","ZNF514",0.114767034860882,0.947290845298168,2.48915733989438,1,2361.27236619142,0.714805456465222
"2374","ACTR8",0.115146770927356,0.947290845298168,2.48395367072538,1,2361.27236619142,-0.817702180908472
"6469","SLC22A18AS",0.115234659377313,0.947290845298168,2.48275200126959,1,2361.27236619142,-0.946116985729322
"7033","DIXDC1",0.115426683784694,0.947290845298168,2.48013003275351,1,2361.27236619142,0.785597093641618
"11699","LTN1",0.115637556134806,0.947290845298168,2.47725625123714,1,2361.27236619142,-0.459307885210341
"3937","CCHCR1",0.11570291417125,0.947290845298168,2.4763667225964,1,2361.27236619142,-1.16209236274548
"5251","LRRCC1",0.115790567416775,0.947290845298168,2.47517462504343,1,2361.27236619142,-1.25336187947152
"636","OVGP1",0.11597950642248,0.947290845298168,2.47260841212456,1,2361.27236619142,-10
"5183","ST18",0.116004279793596,0.947290845298168,2.47227227699715,1,2361.27236619142,0.329741816358719
"11778","CFAP410",0.116017503680534,0.947290845298168,2.47209288240712,1,2361.27236619142,-1.02757435385052
"12280","ZXDB",0.116196379376892,0.947290845298168,2.46966848070857,1,2361.27236619142,-10
"7180","NDUFA9",0.116222687143394,0.947290845298168,2.46931226476945,1,2361.27236619142,-0.394680239997611
"11107","PPP1R15A",0.116318084124342,0.947290845298168,2.46802130465674,1,2361.27236619142,-0.448010192042284
"8419","EIF5",0.116323410442777,0.947290845298168,2.4679492607112,1,2361.27236619142,-0.20809810806519
"9743","TAF15",0.116411190213729,0.947290845298168,2.4667624736218,1,2361.27236619142,-0.287623672594722
"1992","SPEGNB",0.116702300969149,0.947290845298168,2.46283370743406,1,2361.27236619142,1.73717914311691
"2119","TSEN2",0.116718153700736,0.947290845298168,2.46262007353154,1,2361.27236619142,0.923421385546452
"2458","PCNP",0.116843104020524,0.947290845298168,2.46093734513984,1,2361.27236619142,0.263466436798634
"5494","FOCAD",0.117084948838447,0.947290845298168,2.4576860210675,1,2361.27236619142,0.396327265364447
"5741","WHRN",0.117144896530217,0.947290845298168,2.45688124178836,1,2361.27236619142,-0.667021090282013
"1446","PSME4",0.11721079228727,0.947290845298168,2.45599713672002,1,2361.27236619142,-0.303120575255959
"981","TOR3A",0.117228298934341,0.947290845298168,2.45576234728826,1,2361.27236619142,0.537820010771273
"930","POU2F1",0.117338707399913,0.947290845298168,2.45428250288602,1,2361.27236619142,0.267371026110008
"2061","SNED1",0.117449602254466,0.947290845298168,2.45279768825738,1,2361.27236619142,0.571130859804096
"6977","C11orf54",0.117490114960172,0.947290845298168,2.45225563436063,1,2361.27236619142,-0.514118560465593
"11749","HMGN1",0.1175405657842,0.947290845298168,2.4515808988303,1,2361.27236619142,-0.220826583423603
"2144","BTD",0.117797026302442,0.947290845298168,2.44815590930016,1,2361.27236619142,0.504331044112441
"1107","RCOR3",0.117872073487387,0.947290845298168,2.44715522564027,1,2361.27236619142,-0.325372969257486
"8187","FERMT2",0.117904613904201,0.947290845298168,2.44672154878135,1,2361.27236619142,-10
"9624","RAI1",0.11797224897916,0.947290845298168,2.44582057726899,1,2361.27236619142,0.659369410460197
"10816","DPY19L3",0.118004399192608,0.947290845298168,2.44539250238838,1,2361.27236619142,0.601864213544762
"7586","CEP83",0.118033981061573,0.947290845298168,2.44499873855116,1,2361.27236619142,0.68647819459376
"9684","NEK8",0.118038977701783,0.947290845298168,2.4449322391216,1,2361.27236619142,0.711704843871993
"5886","SLC2A6",0.118111054243157,0.947290845298168,2.44397333106804,1,2361.27236619142,-1.92901293338956
"7134","ETS1",0.118192061484107,0.947290845298168,2.44289638112904,1,2361.27236619142,-10
"8841","LINS1",0.118221741472369,0.947290845298168,2.4425020052241,1,2361.27236619142,-0.869933352195261
"8822","FES",0.118293114688619,0.947290845298168,2.4415540745288,1,2361.27236619142,-0.389330248253685
"3399","TAF9",0.11856871841226,0.947290845298168,2.43789962341994,1,2361.27236619142,-0.556790365380376
"9446","PITPNA",0.118650904652081,0.947290845298168,2.43681166931177,1,2361.27236619142,0.275974135517322
"7947","NEK5",0.11865844110366,0.947290845298168,2.43671194601981,1,2361.27236619142,-10
"4571","GPR141",0.118749983765011,0.947290845298168,2.4355012012026,1,2361.27236619142,-1.87114251038767
"9342","MLKL",0.11885388983982,0.947290845298168,2.43412818874759,1,2361.27236619142,0.339488873996013
"8510","KNL1",0.118918161825546,0.947290845298168,2.4332795651321,1,2361.27236619142,1.34466528128004
"7734","SIRT4",0.118922103903219,0.947290845298168,2.43322753191629,1,2361.27236619142,-10
"1517","PAIP2B",0.118970286677374,0.947290845298168,2.43259170054277,1,2361.27236619142,1.68337977612659
"45","MEGF6",0.118971529368226,0.947290845298168,2.43257530546893,1,2361.27236619142,-10
"8455","UBE3A",0.118983200021825,0.947290845298168,2.43242134140523,1,2361.27236619142,-0.2425262197671
"4383","CCDC170",0.119110964554647,0.947290845298168,2.43073691160393,1,2361.27236619142,-0.449244829761514
"163","EIF4G3",0.119138274694667,0.947290845298168,2.43037711799111,1,2361.27236619142,-0.157519743082923
"9477","P2RX1",0.119160436358312,0.947290845298168,2.43008521936211,1,2361.27236619142,-0.90911505365452
"2637","WWTR1",0.119242176981685,0.947290845298168,2.4290091059018,1,2361.27236619142,1.31950203595447
"10176","CD7",0.11926108575393,0.947290845298168,2.42876028865659,1,2361.27236619142,-10
"4835","LHFPL3",0.119294261932381,0.947290845298168,2.42832383462273,1,2361.27236619142,1.63509033061158
"3322","FYB1",0.119346183878737,0.947290845298168,2.42764103759426,1,2361.27236619142,0.142406410106107
"1591","PLGLB2",0.119360573643922,0.947290845298168,2.4274518638943,1,2361.27236619142,-10
"12526","MT-ATP8",0.1193915653281,0.947290845298168,2.42704452036758,1,2361.27236619142,0.147776825748054
"9481","ANKFY1",0.119455742832787,0.947290845298168,2.42620136651196,1,2361.27236619142,-0.270578592484382
"5570","SLC25A51",0.119485668420407,0.947290845298168,2.42580838035763,1,2361.27236619142,0.448610161188766
"11054","GIPR",0.119486914431488,0.947290845298168,2.42579201996467,1,2361.27236619142,2.14285162186932
"3552","P4HA2",0.119783021511973,0.947290845298168,2.42190941853032,1,2361.27236619142,-0.852888584083475
"9384","ZDHHC7",0.119788466529512,0.947290845298168,2.42183812218845,1,2361.27236619142,0.309335545083165
"10444","MFSD12",0.119856954330205,0.947290845298168,2.42094165834806,1,2361.27236619142,0.253502759604006
"1621","ANKRD36",0.119921545780722,0.947290845298168,2.42009671509968,1,2361.27236619142,-0.550006122467535
"6649","FNBP4",0.120023912541549,0.947290845298168,2.41875865187157,1,2361.27236619142,0.254360738465323
"11339","CHMP2A",0.120098512250598,0.947290845298168,2.41778433525379,1,2361.27236619142,-0.306094706956863
"11570","PLTP",0.120227090739215,0.947290845298168,2.41610659625462,1,2361.27236619142,-0.732857938608883
"6543","CALCB",0.120387524508813,0.947290845298168,2.41401598343586,1,2361.27236619142,1.01588940577811
"8680","C15orf61",0.120457619867054,0.947290845298168,2.41310353945526,1,2361.27236619142,-0.850384667806371
"6585","QSER1",0.120511623003171,0.947290845298168,2.41240097199773,1,2361.27236619142,-0.301543186395573
"10452","MATK",0.120664817874925,0.947290845298168,2.41040984161564,1,2361.27236619142,0.615430470432755
"7754","KDM2B",0.120705155692424,0.947290845298168,2.4098860220113,1,2361.27236619142,0.292193722000363
"1656","C2orf49",0.120713188294782,0.947290845298168,2.40978173525239,1,2361.27236619142,-0.606103230551414
"8627","SLTM",0.120794075007629,0.947290845298168,2.40873201673621,1,2361.27236619142,-0.232766396181499
"10132","SGSH",0.120840554823585,0.947290845298168,2.40812917088689,1,2361.27236619142,-0.599422631738423
"5548","TPM2",0.121052467790442,0.947290845298168,2.40538390102278,1,2361.27236619142,1.04217904860716
"2855","EVC2",0.121094663103282,0.947290845298168,2.40483790919669,1,2361.27236619142,-0.963534391032017
"2724","YEATS2",0.121172316214462,0.947290845298168,2.40383365750133,1,2361.27236619142,0.226040023660512
"1625","C2orf92",0.121233748588177,0.947290845298168,2.40303968644323,1,2361.27236619142,1.12997602292716
"6537","FAR1",0.121312703416277,0.947290845298168,2.40201990453294,1,2361.27236619142,0.224003190821338
"11899","GAS2L1",0.121425795384658,0.947290845298168,2.40056048793966,1,2361.27236619142,0.589286998760175
"2457","TRMT10C",0.121429381524458,0.947290845298168,2.40051423457965,1,2361.27236619142,0.408900102417159
"1109","SLC30A1",0.121546943130023,0.947290845298168,2.39899878514329,1,2361.27236619142,-0.481278294757098
"6234","TBC1D12",0.121649225491188,0.947290845298168,2.39768161726292,1,2361.27236619142,0.355415135909155
"5291","CPQ",0.121771408792465,0.947290845298168,2.39610977875585,1,2361.27236619142,0.172317872367329
"6656","RTN4RL2",0.121804112270291,0.947290845298168,2.39568935854005,1,2361.27236619142,-10
"1133","IARS2",0.121840509350121,0.947290845298168,2.39522160232846,1,2361.27236619142,0.400918541849693
"3419","GFM2",0.122169272943293,0.947290845298168,2.39100351462841,1,2361.27236619142,-0.67342713886905
"12480","TMEM187",0.122279478435507,0.947290845298168,2.38959237845489,1,2361.27236619142,0.780433869670958
"9215","MT1E",0.122524212372485,0.947290845298168,2.38646370039348,1,2361.27236619142,-1.93599020904207
"5582","TJP2",0.122547166720153,0.947290845298168,2.38617060782026,1,2361.27236619142,0.81066812766597
"3182","NR3C2",0.122617202203622,0.947290845298168,2.38527673615081,1,2361.27236619142,0.618988627850427
"3696","MED7",0.12277956249909,0.947290845298168,2.38320668873381,1,2361.27236619142,-0.702695335061242
"11376","C20orf194",0.122938044093074,0.947290845298168,2.38118902164959,1,2361.27236619142,0.191793409659916
"10216","PPP4R1",0.12325770335835,0.947290845298168,2.37712813341114,1,2361.27236619142,0.319773568462392
"9147","FBRS",0.123262250824099,0.947290845298168,2.37707044767857,1,2361.27236619142,-0.538340820269931
"1991","DNPEP",0.123292625816491,0.947290845298168,2.37668519394507,1,2361.27236619142,-0.559328543835047
"7762","BCL7A",0.123496985262562,0.947290845298168,2.37409598766463,1,2361.27236619142,1.09232226699003
"6272","ERLIN1",0.123518563342431,0.947290845298168,2.37382287405559,1,2361.27236619142,0.651372676626412
"10043","RPL38",0.12352875630579,0.947290845298168,2.37369388021171,1,2361.27236619142,0.166060396280992
"2689","PHC3",0.123664322885495,0.947290845298168,2.37197938311152,1,2361.27236619142,-0.245274542695452
"8348","GPR65",0.123740695023818,0.947290845298168,2.37101443113201,1,2361.27236619142,-0.274217058710849
"8898","HAGH",0.123789208365742,0.947290845298168,2.37040181485836,1,2361.27236619142,0.274946554097897
"5705","ZNF462",0.123819220538272,0.947290845298168,2.37002296094621,1,2361.27236619142,-0.948922232586415
"10793","ZNF431",0.123841338707007,0.947290845298168,2.36974382101514,1,2361.27236619142,-0.385086464749457
"1197","EGLN1",0.124041168852631,0.947290845298168,2.36722439382689,1,2361.27236619142,-0.33577400870339
"551","GBP3",0.124048016377136,0.947290845298168,2.36713814121682,1,2361.27236619142,-0.369356983141589
"2205","SCN11A",0.124065047994548,0.947290845298168,2.36692363093571,1,2361.27236619142,-10
"8007","RAB20",0.124095109989907,0.947290845298168,2.36654508510792,1,2361.27236619142,-0.268669882295301
"6734","WDR74",0.1242682686496,0.947290845298168,2.36436662290486,1,2361.27236619142,-1.16204919250057
"9046","NPIPB3",0.124297273003758,0.947290845298168,2.36400205673895,1,2361.27236619142,-10
"5665","CDC14B",0.124440392288048,0.947290845298168,2.36220452173506,1,2361.27236619142,-10
"4420","QKI",0.124538433170288,0.947290845298168,2.3609744830877,1,2361.27236619142,0.115781650364091
"2478","CCDC80",0.12459880647766,0.947290845298168,2.3602175638413,1,2361.27236619142,2.05049829506794
"7009","KBTBD3",0.124649917820286,0.947290845298168,2.35957708327569,1,2361.27236619142,0.71821139990727
"7773","ABCB9",0.124653393845624,0.947290845298168,2.35953353550702,1,2361.27236619142,-10
"6296","LDB1",0.124696887853594,0.947290845298168,2.35898875509136,1,2361.27236619142,-0.840584116475774
"7376","SPATS2",0.12470601392078,0.947290845298168,2.35887447413293,1,2361.27236619142,0.241703664899814
"10568","S1PR2",0.124728721307994,0.947290845298168,2.35859016174774,1,2361.27236619142,-0.497915329743702
"10467","HDGFL2",0.12473697717592,0.947290845298168,2.35848680676021,1,2361.27236619142,-0.508930067954704
"10029","SLC16A6",0.124779476943564,0.947290845298168,2.35795487359088,1,2361.27236619142,0.440449524032649
"4116","MRPL14",0.124873726890496,0.947290845298168,2.35677594584729,1,2361.27236619142,0.327364210500417
"4362","RAB32",0.124878046976201,0.947290845298168,2.35672193165701,1,2361.27236619142,-0.28778181241397
"8953","TRAP1",0.124974872261687,0.947290845298168,2.35551186618846,1,2361.27236619142,-0.854736979496707
"7021","POGLUT3",0.125062911844456,0.947290845298168,2.35441250345096,1,2361.27236619142,0.930106055554514
"11985","TMEM184B",0.125260206661548,0.947290845298168,2.35195197617107,1,2361.27236619142,0.516307258846727
"3839","PAK1IP1",0.12551227726876,0.947290845298168,2.34881458406785,1,2361.27236619142,0.615915503719779
"11693","NCAM2",0.125525941493167,0.947290845298168,2.34864471278069,1,2361.27236619142,1.83015934234044
"11257","UBE2S",0.125704617437266,0.947290845298168,2.34642533472334,1,2361.27236619142,-0.361024601358695
"11633","CTSZ",0.125763490426945,0.947290845298168,2.34569482707367,1,2361.27236619142,0.131500083079126
"10922","HNRNPL",0.125822455927586,0.947290845298168,2.34496355264617,1,2361.27236619142,0.387594296226544
"1251","TRIM58",0.125902401980885,0.947290845298168,2.34397269147586,1,2361.27236619142,-10
"5876","SURF6",0.125936375148483,0.947290845298168,2.34355183573478,1,2361.27236619142,0.555445370542179
"4846","PIK3CG",0.126017805682464,0.947290845298168,2.34254359740912,1,2361.27236619142,-0.495938921262277
"9503","KIF1C",0.126120522111048,0.947290845298168,2.34127283928774,1,2361.27236619142,-0.635375874455882
"12389","DOCK11",0.126183879320677,0.947290845298168,2.3404895883849,1,2361.27236619142,-0.273459893535557
"1999","ACSL3",0.126424320101148,0.947290845298168,2.33752112486637,1,2361.27236619142,-0.289764171790607
"8988","NUBP1",0.126430769330952,0.947290845298168,2.33744158968792,1,2361.27236619142,-0.475512675873193
"5088","CCAR2",0.126507267911726,0.947290845298168,2.33649851452821,1,2361.27236619142,-0.778838621244462
"3065","TIGD2",0.126526404580151,0.947290845298168,2.33626269673695,1,2361.27236619142,0.977288886483206
"12200","SLC9A7",0.126642818074728,0.947290845298168,2.33482900830597,1,2361.27236619142,0.421528574926493
"9999","STRADA",0.126706918539588,0.947290845298168,2.33404020605927,1,2361.27236619142,0.292226638187046
"2329","C3orf18",0.126858347739555,0.947290845298168,2.33217852346469,1,2361.27236619142,1.3641645261806
"7167","ITFG2",0.126907101532958,0.947290845298168,2.33157966674914,1,2361.27236619142,0.467800491933707
"7931","SETDB2",0.126953258991597,0.947290845298168,2.33101293747919,1,2361.27236619142,0.314428217578494
"3724","STK10",0.127193546671365,0.947290845298168,2.32806634387108,1,2361.27236619142,-0.272259331825933
"11362","SNRPB",0.127276722804637,0.947290845298168,2.32704781721167,1,2361.27236619142,-0.324202761125326
"2731","ABCF3",0.127302502360041,0.947290845298168,2.32673228615878,1,2361.27236619142,0.552873371782089
"1552","DOK1",0.127424750897834,0.947290845298168,2.32523698274726,1,2361.27236619142,-0.566546703013574
"4455","EIF3B",0.127453116515624,0.947290845298168,2.32489025225508,1,2361.27236619142,-0.471671595964907
"7832","GJB2",0.127593593724956,0.947290845298168,2.32317437794651,1,2361.27236619142,-10
"11925","SMTN",0.128121966227684,0.947290845298168,2.31673930053188,1,2361.27236619142,1.3749267951161
"6843","GRK2",0.128165924186977,0.947290845298168,2.31620526653911,1,2361.27236619142,-0.327627344331927
"12166","PRDX4",0.128249279910982,0.947290845298168,2.31519315927335,1,2361.27236619142,0.403884801917428
"4167","DDX43",0.128280639947019,0.947290845298168,2.31481257464405,1,2361.27236619142,1.37369378071758
"4103","DNPH1",0.128384985850334,0.947290845298168,2.31354698116967,1,2361.27236619142,0.336373633321657
"1640","AFF3",0.128392999313546,0.947290845298168,2.313449834645,1,2361.27236619142,-10
"5470","ERMP1",0.128554701384091,0.947290845298168,2.31149097668559,1,2361.27236619142,-0.59704905357657
"4560","FKBP9",0.12859137091972,0.947290845298168,2.31104714403101,1,2361.27236619142,-0.683198572371841
"8655","PLEKHO2",0.128628228454246,0.947290845298168,2.3106011780158,1,2361.27236619142,0.20840266951999
"7082","RPS25",0.12894569342594,0.947290845298168,2.3067658253277,1,2361.27236619142,0.146384760975375
"9941","UTP18",0.128951371245945,0.947290845298168,2.30669732636651,1,2361.27236619142,0.332530516631765
"3884","CARMIL1",0.128967748202952,0.947290845298168,2.30649976856742,1,2361.27236619142,0.444046439677114
"3130","MAD2L1",0.129104402170505,0.947290845298168,2.3048523797116,1,2361.27236619142,-10
"5615","C9orf64",0.129108865321884,0.947290845298168,2.30479860837839,1,2361.27236619142,-0.994835684113129
"8556","HYPK",0.12912380479328,0.947290845298168,2.30461863509407,1,2361.27236619142,-10
"2784","UBXN7",0.129197215620991,0.947290845298168,2.3037346044205,1,2361.27236619142,-0.345035870756097
"7005","CASP1",0.129209695261723,0.947290845298168,2.30358437730329,1,2361.27236619142,-0.269295690001882
"8018","LAMP1",0.129266741469834,0.947290845298168,2.30289787374716,1,2361.27236619142,-0.165339629166353
"12443","INTS6L",0.129282969687954,0.947290845298168,2.30270264237733,1,2361.27236619142,-0.481278245354872
"5589","CEMIP2",0.129322867709132,0.947290845298168,2.3022227707982,1,2361.27236619142,-0.414067165297285
"12361","BEX4",0.129388210789904,0.947290845298168,2.30143721637404,1,2361.27236619142,-0.316151729253163
"1249","NLRP3",0.129402908561563,0.947290845298168,2.30126058071864,1,2361.27236619142,0.366144531849551
"2971","PAICS",0.12941030498151,0.947290845298168,2.30117170009353,1,2361.27236619142,-1.36480574051658
"9287","PSMB10",0.12947825807276,0.947290845298168,2.3003553925448,1,2361.27236619142,-0.279432773285986
"9357","WWOX",0.129588880207326,0.947290845298168,2.29902753117267,1,2361.27236619142,0.285503395562997
"381","ST3GAL3",0.129649394006769,0.947290845298168,2.29830168381488,1,2361.27236619142,-0.719779336563442
"11961","MPST",0.129797721398305,0.947290845298168,2.29652413195931,1,2361.27236619142,-0.546817109832723
"7270","FAM234B",0.129803752982104,0.947290845298168,2.29645189754498,1,2361.27236619142,0.778981735680014
"11524","BLCAP",0.129941922631515,0.947290845298168,2.29479819835736,1,2361.27236619142,-0.40261364206562
"3232","WDR17",0.130004252182753,0.947290845298168,2.29405284183707,1,2361.27236619142,-1.95753975355301
"5690","TEX10",0.130032830736572,0.947290845298168,2.29371122370531,1,2361.27236619142,0.530663649249358
"791","CREB3L4",0.130100008985921,0.947290845298168,2.29290852789184,1,2361.27236619142,1.35836600205956
"5803","FPGS",0.130106553791464,0.947290845298168,2.29283035039236,1,2361.27236619142,-0.524278223258092
"11463","NOL4L",0.130128275829965,0.947290845298168,2.2925709127538,1,2361.27236619142,-1.86371221915179
"566","EVI5",0.130137559860192,0.947290845298168,2.29246004347325,1,2361.27236619142,0.185098267440061
"2948","CORIN",0.130182289374394,0.947290845298168,2.29192601017636,1,2361.27236619142,-2.2282808579229
"12242","SYP",0.130255399503361,0.947290845298168,2.29105357644674,1,2361.27236619142,-10
"2745","IGF2BP2",0.130295913014502,0.947290845298168,2.29057035807537,1,2361.27236619142,-0.599414215471596
"8530","SPTBN5",0.130329998935436,0.947290845298168,2.29016393357643,1,2361.27236619142,-10
"11405","JAG1",0.130414718125025,0.947290845298168,2.28915429524884,1,2361.27236619142,-1.3796343533595
"10209","LAMA1",0.130562493468266,0.947290845298168,2.28739493744877,1,2361.27236619142,1.04917845303859
"10074","LLGL2",0.130600453513884,0.947290845298168,2.28694335806819,1,2361.27236619142,-0.919738156046951
"600","VAV3",0.130621411521498,0.947290845298168,2.28669410067399,1,2361.27236619142,-0.158945828856421
"3595","KDM3B",0.130717078676975,0.947290845298168,2.28555688034662,1,2361.27236619142,0.263761884892953
"7506","TSFM",0.130746121380888,0.947290845298168,2.28521182595707,1,2361.27236619142,-0.798803780795274
"8009","CARS2",0.130846074519508,0.947290845298168,2.28402494297685,1,2361.27236619142,-0.491923281366422
"8696","UACA",0.130877943690256,0.947290845298168,2.28364672861574,1,2361.27236619142,0.470173655053753
"383","DPH2",0.13089002176108,0.947290845298168,2.28350341632515,1,2361.27236619142,1.57924678119101
"8855","AXIN1",0.131004621078885,0.947290845298168,2.2821443726679,1,2361.27236619142,0.552984650169349
"4829","NAPEPLD",0.131155037462543,0.947290845298168,2.28036258378649,1,2361.27236619142,-0.962612534861856
"3212","TRIM61",0.131163233286524,0.947290845298168,2.28026556397141,1,2361.27236619142,-10
"6615","CD82",0.131262511724681,0.947290845298168,2.27909087150835,1,2361.27236619142,-0.327191064665257
"4955","CLEC5A",0.131267857639678,0.947290845298168,2.27902764517282,1,2361.27236619142,0.51407047514826
"8838","MEF2A",0.131293044509108,0.947290845298168,2.27872979780355,1,2361.27236619142,0.147669849982115
"2515","EAF2",0.131420628329294,0.947290845298168,2.27722203447181,1,2361.27236619142,0.352032741321272
"2175","OSBPL10",0.131478658045646,0.947290845298168,2.27653679003247,1,2361.27236619142,-10
"665","NRAS",0.131497000923118,0.947290845298168,2.2763202582355,1,2361.27236619142,0.396497578756697
"3473","POU5F2",0.131519396764618,0.947290845298168,2.27605592821874,1,2361.27236619142,1.18030531049889
"4961","ZYX",0.131529439070523,0.947290845298168,2.27593741883506,1,2361.27236619142,0.237140197511973
"9053","EEF2K",0.131603518382364,0.947290845298168,2.27506351994862,1,2361.27236619142,-0.438632914924797
"764","PSMB4",0.131633416179871,0.947290845298168,2.27471097715957,1,2361.27236619142,-0.350661132258995
"7344","TWF1",0.131723046181613,0.947290845298168,2.2736546318808,1,2361.27236619142,-0.377794250546951
"5343","SNTB1",0.131750525312298,0.947290845298168,2.27333093401188,1,2361.27236619142,-0.251588546472425
"5785","GAPVD1",0.131770333864926,0.947290845298168,2.27309764055874,1,2361.27236619142,-0.270262718049481
"9570","GUCY2D",0.131818480753885,0.947290845298168,2.27253075814745,1,2361.27236619142,2.05049829688517
"10091","EXOC7",0.132123888463728,0.947290845298168,2.26894025941162,1,2361.27236619142,0.363334392235642
"6781","ZNHIT2",0.132157172529954,0.947290845298168,2.26854951854797,1,2361.27236619142,0.844785876506485
"2148","RFTN1",0.132164942436514,0.947290845298168,2.26845831895727,1,2361.27236619142,0.296878489320793
"9578","SLC25A35",0.132216983946578,0.947290845298168,2.26784763400617,1,2361.27236619142,-1.81927834420385
"10437","GNA11",0.132235475764052,0.947290845298168,2.26763070506297,1,2361.27236619142,0.711750954971075
"2903","SEPSECS",0.132256721133669,0.947290845298168,2.26738151581766,1,2361.27236619142,0.488589101319546
"11317","C19orf18",0.132296199011532,0.947290845298168,2.26691859423869,1,2361.27236619142,1.08890641084749
"8586","ATP8B4",0.132459864222849,0.947290845298168,2.26500108430948,1,2361.27236619142,0.14508702422567
"9715","RAB11FIP4",0.132481100061599,0.947290845298168,2.26475247817916,1,2361.27236619142,1.01647353380093
"8339","ADCK1",0.132496080394108,0.947290845298168,2.26457713150278,1,2361.27236619142,0.642803322100381
"5973","KIN",0.132505089457347,0.947290845298168,2.26447168995099,1,2361.27236619142,0.32809891998088
"11403","MKKS",0.132633588095976,0.947290845298168,2.26296862076336,1,2361.27236619142,0.627301396632935
"11954","FOXRED2",0.132633869995501,0.947290845298168,2.26296532512848,1,2361.27236619142,0.847972902356144
"6026","MSRB2",0.132694845771408,0.947290845298168,2.26225265258442,1,2361.27236619142,-0.33014802238637
"645","CTTNBP2NL",0.132737124643103,0.947290845298168,2.26175872049647,1,2361.27236619142,0.300994170212535
"3267","ZDHHC11",0.132761801456763,0.947290845298168,2.26147050952087,1,2361.27236619142,1.95622278706721
"11679","FP565260.3",0.132762945174157,0.947290845298168,2.26145715301196,1,2361.27236619142,1.9562227870972
"6621","PEX16",0.132780971753604,0.947290845298168,2.26124665280901,1,2361.27236619142,-0.653997892001539
"4147","LRRC1",0.132847456124236,0.947290845298168,2.26047057669806,1,2361.27236619142,-10
"6111","CTNNA3",0.13287939784724,0.947290845298168,2.2600978733775,1,2361.27236619142,-10
"1077","SLC45A3",0.132973701843509,0.947290845298168,2.25899809676985,1,2361.27236619142,-10
"7164","DCP1B",0.13305858526674,0.947290845298168,2.25800892847757,1,2361.27236619142,-0.586978939666178
"6242","BLNK",0.133088300934271,0.947290845298168,2.25766281086413,1,2361.27236619142,0.36115443680245
"8751","DNAJA4",0.133108158725421,0.947290845298168,2.25743156246755,1,2361.27236619142,-1.12405429612398
"3820","CDYL",0.133134875647166,0.947290845298168,2.25712049880838,1,2361.27236619142,0.251857795262001
"2250","SACM1L",0.133139733118644,0.947290845298168,2.25706395103041,1,2361.27236619142,-0.39316604633041
"5938","TUBB4B",0.133243677201986,0.947290845298168,2.25585444859871,1,2361.27236619142,0.346255587303173
"7090","HINFP",0.133360118220842,0.947290845298168,2.25450078280785,1,2361.27236619142,-0.892603265304583
"5340","DEPTOR",0.133380843800014,0.947290845298168,2.25425997955503,1,2361.27236619142,1.03648583251307
"5671","TMOD1",0.133386604655983,0.947290845298168,2.25419305361548,1,2361.27236619142,-10
"4749","BAIAP2L1",0.133439563668717,0.947290845298168,2.25357796105519,1,2361.27236619142,-10
"3765","DDX41",0.133774187353208,0.947290845298168,2.24969777417922,1,2361.27236619142,-0.588410498125775
"7801","GLT1D1",0.134047076714237,0.947290845298168,2.24654146535791,1,2361.27236619142,-0.970105352057155
"4541","HOXA1",0.134145426224667,0.947290845298168,2.24540569105918,1,2361.27236619142,1.93843757257873
"11452","HM13",0.134157054259169,0.947290845298168,2.24527146805878,1,2361.27236619142,0.222532363383989
"12433","HPRT1",0.134316711760403,0.947290845298168,2.24342984838215,1,2361.27236619142,0.414965090794597
"10050","RAB37",0.134356901806379,0.947290845298168,2.24296664948252,1,2361.27236619142,-10
"10584","SLC44A2",0.134363830133204,0.947290845298168,2.24288681469546,1,2361.27236619142,-1.34766530400451
"4454","SNX8",0.134625099406265,0.947290845298168,2.23987957840076,1,2361.27236619142,-0.358543274402979
"4218","MANEA",0.134633560295569,0.947290845298168,2.23978230188542,1,2361.27236619142,-0.730857369974581
"4761","ZKSCAN5",0.134792670992745,0.947290845298168,2.23795424774534,1,2361.27236619142,-0.824045343892393
"10716","ABHD8",0.134916042988923,0.947290845298168,2.23653846405619,1,2361.27236619142,-0.520784793961546
"2237","ZNF197",0.134978160837942,0.947290845298168,2.23582616477622,1,2361.27236619142,0.52659053472971
"11365","IDH3B",0.135083286451777,0.947290845298168,2.23462153520883,1,2361.27236619142,-0.610626264889438
"5314","BAALC",0.135221650078947,0.947290845298168,2.23303763139296,1,2361.27236619142,1.37176952167161
"10412","IZUMO4",0.13524472498315,0.947290845298168,2.23277366025662,1,2361.27236619142,-10
"1779","TANK",0.135324887059205,0.947290845298168,2.23185701783578,1,2361.27236619142,0.179647179841181
"6412","INPP5A",0.135334457145742,0.947290845298168,2.23174762582167,1,2361.27236619142,-0.862315643761344
"10368","RNF126",0.13555479463615,0.947290845298168,2.22923142447363,1,2361.27236619142,0.538659671643007
"5173","FNTA",0.135624392037372,0.947290845298168,2.22843759046286,1,2361.27236619142,-0.332969742021669
"8297","LIN52",0.135647206045522,0.947290845298168,2.22817747117423,1,2361.27236619142,-0.620307761037013
"8436","CLBA1",0.135691017726918,0.947290845298168,2.22767807932031,1,2361.27236619142,1.60825703645338
"3973","DXO",0.135778540205141,0.947290845298168,2.22668098602469,1,2361.27236619142,1.35807074500579
"10694","HSH2D",0.135892497120465,0.947290845298168,2.22538381861941,1,2361.27236619142,-0.452197657095624
"5281","INTS8",0.135953379277059,0.947290845298168,2.22469129849143,1,2361.27236619142,0.354963591699992
"6423","BET1L",0.136049333841226,0.947290845298168,2.22360054289274,1,2361.27236619142,-0.574225867750771
"8080","AP1G2",0.136099596104438,0.947290845298168,2.2230295346235,1,2361.27236619142,0.594418211199523
"6374","ATE1",0.136119436484049,0.947290845298168,2.22280420150406,1,2361.27236619142,0.260905760929566
"765","POGZ",0.136177244760638,0.947290845298168,2.22214786535369,1,2361.27236619142,-0.257887985292913
"338","MACF1",0.136457335451198,0.947290845298168,2.21897222180858,1,2361.27236619142,0.138618200385718
"1175","IBA57",0.136647740054088,0.947290845298168,2.21681759840633,1,2361.27236619142,1.07082939982064
"10448","CACTIN",0.136715265373422,0.947290845298168,2.21605428817254,1,2361.27236619142,-1.7503953500166
"2805","ZNF595",0.136805902211665,0.947290845298168,2.21503038787101,1,2361.27236619142,0.725554988757992
"12262","FAM120C",0.136966676930571,0.947290845298168,2.21321602762983,1,2361.27236619142,0.593889618535478
"8482","EMC4",0.137113143878454,0.947290845298168,2.21156520893752,1,2361.27236619142,-0.431298202882382
"4154","KHDRBS2",0.13714329808482,0.947290845298168,2.21122558837514,1,2361.27236619142,1.13159372634991
"8365","CCDC88C",0.137238823453673,0.947290845298168,2.21015025838886,1,2361.27236619142,-0.642408872642471
"3526","HSD17B4",0.137249751921434,0.947290845298168,2.2100272900165,1,2361.27236619142,0.2206844843897
"281","ZBTB8OS",0.137287035475152,0.947290845298168,2.20960785378805,1,2361.27236619142,0.26876849421281
"1330","TMEM214",0.13743714558714,0.947290845298168,2.20792042138772,1,2361.27236619142,0.545871320214989
"5680","TBC1D2",0.137717578801084,0.947290845298168,2.20477351789478,1,2361.27236619142,0.286004296274087
"8929","ZG16B",0.137758998667487,0.947290845298168,2.20430933072009,1,2361.27236619142,1.20768409133206
"7430","CALCOCO1",0.137838475880824,0.947290845298168,2.20341907787575,1,2361.27236619142,0.426272739257306
"11032","APOE",0.13787125312194,0.947290845298168,2.20305209587646,1,2361.27236619142,0.14362384551902
"1862","C2orf88",0.137931541081509,0.947290845298168,2.20237735260794,1,2361.27236619142,-10
"1497","ANTXR1",0.137980129171528,0.947290845298168,2.20183379505238,1,2361.27236619142,1.13271347502206
"9644","EPN2",0.138003738878441,0.947290845298168,2.2015697495064,1,2361.27236619142,0.670677250212136
"9177","ZNF267",0.138012244839995,0.947290845298168,2.20147463319976,1,2361.27236619142,-0.249964192714195
"6962","SYTL2",0.138081437146622,0.947290845298168,2.20070114754419,1,2361.27236619142,1.9172883994753
"3044","WDFY3",0.138321283279119,0.947290845298168,2.19802332213265,1,2361.27236619142,-0.181931354843784
"9001","GSPT1",0.138406095863702,0.947290845298168,2.19707765620507,1,2361.27236619142,-0.306448034635795
"7701","DTX1",0.138479410102436,0.947290845298168,2.19626072140096,1,2361.27236619142,-10
"4774","TAF6",0.138485931978136,0.947290845298168,2.19618807215945,1,2361.27236619142,-1.12205035910778
"4967","CNTNAP2",0.138541216137101,0.947290845298168,2.19557239854304,1,2361.27236619142,1.35853287435802
"7118","CCDC15",0.138551873792444,0.947290845298168,2.19545374095626,1,2361.27236619142,-1.36228942102033
"8088","EMC9",0.138555842173314,0.947290845298168,2.19540956138836,1,2361.27236619142,0.562864879891598
"3255","C4orf47",0.138559080965764,0.947290845298168,2.19537350530415,1,2361.27236619142,1.59006100147659
"7489","STAT6",0.138631030437034,0.947290845298168,2.19457276655536,1,2361.27236619142,-0.335614575255366
"3833","TXNDC5",0.138801758060531,0.947290845298168,2.19267457266295,1,2361.27236619142,0.567979300436551
"6811","C11orf68",0.13880599447254,0.947290845298168,2.19262750446096,1,2361.27236619142,-0.620991303393737
"10033","ABCA10",0.138851297301442,0.947290845298168,2.19212427301852,1,2361.27236619142,-10
"9464","METTL16",0.138964027896288,0.947290845298168,2.19087284203853,1,2361.27236619142,0.400323744594932
"197","RSRP1",0.139221137782103,0.947290845298168,2.18802290387057,1,2361.27236619142,-0.221025723419016
"7384","ASIC1",0.139244358330761,0.947290845298168,2.18776580632634,1,2361.27236619142,1.53390478165914
"53","NPHP4",0.139247104270484,0.947290845298168,2.18773540650822,1,2361.27236619142,-0.994423399873047
"2555","SEC61A1",0.139282648835373,0.947290845298168,2.1873419595836,1,2361.27236619142,0.303362470247994
"94","TARDBP",0.139330032817146,0.947290845298168,2.18681763604865,1,2361.27236619142,0.350536327344554
"10064","SUMO2",0.139343937220072,0.947290845298168,2.18666381602017,1,2361.27236619142,-0.14735445115519
"8634","ICE2",0.139364206379389,0.947290845298168,2.1864396155667,1,2361.27236619142,-0.40796214791913
"11126","RPS11",0.139368585633305,0.947290845298168,2.18639118073962,1,2361.27236619142,-0.154018425702106
"2431","CGGBP1",0.139455865578752,0.947290845298168,2.18542621525579,1,2361.27236619142,0.29293880781685
"12160","EIF1AX",0.139539390608482,0.947290845298168,2.18450339885084,1,2361.27236619142,-0.313359975363533
"11424","RBBP9",0.139670488348856,0.947290845298168,2.18305623111619,1,2361.27236619142,-1.32207505911263
"10155","MRPL12",0.139670993004591,0.947290845298168,2.18305066324714,1,2361.27236619142,0.510261180608749
"9521","XAF1",0.139767924736592,0.947290845298168,2.18198163373764,1,2361.27236619142,0.140676304986954
"7574","DUSP6",0.139891738438429,0.947290845298168,2.1806173419201,1,2361.27236619142,0.228801216071337
"5577","CBWD3",0.140158537209106,0.947290845298168,2.17768211543116,1,2361.27236619142,-1.31008145952907
"9072","LCMT1",0.140174429232384,0.947290845298168,2.17750747507699,1,2361.27236619142,0.359877871673192
"627","RBM15",0.140203339219426,0.947290845298168,2.17718983496619,1,2361.27236619142,0.593156313389859
"2010","FBXO36",0.140260737115373,0.947290845298168,2.17655941022763,1,2361.27236619142,-1.01197096132934
"11037","RELB",0.140275453823725,0.947290845298168,2.17639781724154,1,2361.27236619142,0.403479285435365
"4087","TBCC",0.140306651338519,0.947290845298168,2.17605532402808,1,2361.27236619142,0.47913502300843
"2671","IQCJ-SCHIP1",0.140527218162706,0.947290845298168,2.17363633107603,1,2361.27236619142,-10
"2579","DNAJC13",0.14076548952311,0.947290845298168,2.17102795892577,1,2361.27236619142,0.215070367511668
"1515","MCEE",0.140774120427177,0.947290845298168,2.17093356899918,1,2361.27236619142,0.499448749427977
"1269","MBOAT2",0.140794247750852,0.947290845298168,2.17071347635235,1,2361.27236619142,1.40329270849561
"9420","SPATA2L",0.140916193455066,0.947290845298168,2.16938075363892,1,2361.27236619142,-1.33681711843088
"4859","DNAJB9",0.141015525047368,0.947290845298168,2.16829613418994,1,2361.27236619142,0.696110247152948
"1261","ADI1",0.141036083557571,0.947290845298168,2.16807175940369,1,2361.27236619142,-0.302824745537575
"12415","SMARCA1",0.141251781108346,0.947290845298168,2.16571985893951,1,2361.27236619142,-10
"11044","BLOC1S3",0.14128926821259,0.947290845298168,2.16531152282522,1,2361.27236619142,-1.10315091553504
"1518","ZNF638",0.141315338467309,0.947290845298168,2.16502761893642,1,2361.27236619142,-0.170207823689116
"6694","TMEM138",0.141319155751641,0.947290845298168,2.16498605382622,1,2361.27236619142,0.31107222309304
"8616","TEX9",0.141452027926641,0.947290845298168,2.16354004015092,1,2361.27236619142,1.18428756299157
"3296","DROSHA",0.141512491223388,0.947290845298168,2.16288253921828,1,2361.27236619142,-0.474560947461456
"1510","SNRPG",0.141682160988977,0.947290845298168,2.16103917130684,1,2361.27236619142,-0.233973925732466
"7303","ITPR2",0.141689690017343,0.947290845298168,2.16095743012317,1,2361.27236619142,-0.175501172735736
"11711","EVA1C",0.141694253521035,0.947290845298168,2.16090788743676,1,2361.27236619142,-1.87800423350519
"8734","IMP3",0.141700599253751,0.947290845298168,2.1608389993507,1,2361.27236619142,0.364989702225036
"253","PTPRU",0.141776001532097,0.947290845298168,2.16002071179483,1,2361.27236619142,-10
"7761","PSMD9",0.141810733884946,0.947290845298168,2.15964395079968,1,2361.27236619142,-0.338016483448129
"3669","RBM22",0.141853161934547,0.947290845298168,2.1591838511432,1,2361.27236619142,-0.409399280390897
"3036","PLAC8",0.142010760627578,0.947290845298168,2.15747616855256,1,2361.27236619142,0.771548347751368
"7729","CIT",0.142017083371758,0.947290845298168,2.15740770206182,1,2361.27236619142,-10
"12127","MSL3",0.142397926376493,0.947290845298168,2.15329001640667,1,2361.27236619142,0.293692277700565
"7453","DGKA",0.142425068965999,0.947290845298168,2.15299702307614,1,2361.27236619142,-0.578884045983914
"7597","ELK3",0.142715940615394,0.947290845298168,2.14986111981692,1,2361.27236619142,-0.790170455352767
"6271","DNMBP",0.142847941236806,0.947290845298168,2.14844038585024,1,2361.27236619142,0.363825537560472
"3794","MGAT1",0.14293078494092,0.947290845298168,2.14754948651044,1,2361.27236619142,0.152317845122405
"7349","SLC38A2",0.142959574591766,0.947290845298168,2.14724001933816,1,2361.27236619142,-0.289274445427996
"4313","MED23",0.142996115913566,0.947290845298168,2.14684732852821,1,2361.27236619142,0.369840898925682
"6053","PARD3",0.143046780906229,0.947290845298168,2.14630304473987,1,2361.27236619142,-10
"11606","MOCS3",0.143154476559917,0.947290845298168,2.14514681267622,1,2361.27236619142,1.01087464944624
"5485","SH3GL2",0.143254431974842,0.947290845298168,2.14407455656046,1,2361.27236619142,1.8875750122449
"11228","LILRA6",0.143421338765156,0.947290845298168,2.1422859663768,1,2361.27236619142,-0.419435295250972
"526","IFI44L",0.143530020451398,0.947290845298168,2.14112258186798,1,2361.27236619142,0.10999728226444
"12322","ATRX",0.14353669071215,0.947290845298168,2.14105121228911,1,2361.27236619142,0.159675337630571
"10125","CBX8",0.143641045246467,0.947290845298168,2.13993513943103,1,2361.27236619142,-10
"5574","CBWD6",0.143647260808178,0.947290845298168,2.13986869274878,1,2361.27236619142,-1.7307855253831
"10126","CBX4",0.143651857236698,0.947290845298168,2.13981955728933,1,2361.27236619142,0.437232225507926
"9378","TAF1C",0.143667670502499,0.947290845298168,2.13965052824495,1,2361.27236619142,0.657785137551832
"11582","EYA2",0.14370005146188,0.947290845298168,2.13930447140284,1,2361.27236619142,0.934691454637583
"4264","RPF2",0.143950818532952,0.947290845298168,2.13662748218773,1,2361.27236619142,-0.645956170431285
"6932","GVQW3",0.144024006750051,0.947290845298168,2.1358471733554,1,2361.27236619142,-10
"2986","GRSF1",0.144243828828466,0.947290845298168,2.13350618537927,1,2361.27236619142,0.31486661210478
"9972","GDPD1",0.144249123151273,0.947290845298168,2.13344985324211,1,2361.27236619142,0.496521121756661
"1350","CCDC121",0.144655661100853,0.947290845298168,2.12913119196386,1,2361.27236619142,1.52781818721035
"8094","TM9SF1",0.144685398842115,0.947290845298168,2.12881582430366,1,2361.27236619142,-0.607369129741514
"5026","WDR60",0.144803337834571,0.947290845298168,2.12756580462944,1,2361.27236619142,-0.429466701202099
"11059","SYMPK",0.144831932531048,0.947290845298168,2.12726290609045,1,2361.27236619142,-0.395844375100946
"7095","USP2",0.145050963604568,0.947290845298168,2.12494498234575,1,2361.27236619142,1.4226176506953
"11894","XBP1",0.145117352914176,0.947290845298168,2.12424318834003,1,2361.27236619142,0.544319983265026
"8227","SNAPC1",0.145191881245238,0.947290845298168,2.12345578877526,1,2361.27236619142,0.471514360581517
"2146","DPH3",0.145232875625821,0.947290845298168,2.12302287312696,1,2361.27236619142,0.388305619153414
"10304","CXXC1",0.145354723606136,0.947290845298168,2.1217369268496,1,2361.27236619142,-0.711634533619338
"9845","IFI35",0.145410475079036,0.947290845298168,2.12114894813482,1,2361.27236619142,-0.215563082973398
"1323","HADHB",0.145419019789085,0.947290845298168,2.12105885446002,1,2361.27236619142,-0.2255863848123
"5313","ATP6V1C1",0.145437162158801,0.947290845298168,2.12086758481709,1,2361.27236619142,0.214498998462008
"7047","ZW10",0.145508390682586,0.947290845298168,2.12011690364304,1,2361.27236619142,0.549520648806094
"5849","C9orf78",0.145597289152837,0.947290845298168,2.11918057913286,1,2361.27236619142,0.271598188279005
"11597","UBE2V1",0.14569659700147,0.947290845298168,2.11813537982429,1,2361.27236619142,-0.216536456423451
"5773","STRBP",0.145704993071375,0.947290845298168,2.11804704936504,1,2361.27236619142,0.649453882140229
"1783","IFIH1",0.145811340483645,0.947290845298168,2.11692872305222,1,2361.27236619142,-0.175891836388717
"11176","FPR3",0.145859564969346,0.947290845298168,2.11642190797715,1,2361.27236619142,0.128214807309396
"3704","PWWP2A",0.146041240276831,0.947290845298168,2.11451428791588,1,2361.27236619142,0.42072425368973
"5895","C9orf116",0.146061456539474,0.947290845298168,2.11430217943517,1,2361.27236619142,-10
"4788","C7orf61",0.146188446640258,0.947290845298168,2.1129705597818,1,2361.27236619142,1.05022842469174
"681","ZNF697",0.146268687607593,0.947290845298168,2.11212982477945,1,2361.27236619142,0.833782633969406
"2036","SH3BP4",0.146453910679871,0.947290845298168,2.11019111191449,1,2361.27236619142,-10
"3603","SPATA24",0.146590795428606,0.947290845298168,2.108760129039,1,2361.27236619142,-10
"1337","ATRAID",0.146671383765427,0.947290845298168,2.10791836972634,1,2361.27236619142,-0.326317324573434
"10185","FN3KRP",0.146678796039981,0.947290845298168,2.10784097343438,1,2361.27236619142,0.6537411637925
"6193","BMPR1A",0.146692805062594,0.947290845298168,2.10769470833858,1,2361.27236619142,0.599007906130547
"5093","TNFRSF10B",0.146935245478149,0.947290845298168,2.10516593637897,1,2361.27236619142,-0.417406385494942
"1484","ACTR2",0.147008786917544,0.947290845298168,2.10439979420495,1,2361.27236619142,0.125369705652758
"2354","BAP1",0.147044826415159,0.947290845298168,2.10402449882574,1,2361.27236619142,0.492013334043673
"3428","IQGAP2",0.147056523922123,0.947290845298168,2.10390270978564,1,2361.27236619142,-0.136872108816791
"10579","PDE4A",0.147188215537865,0.947290845298168,2.10253235174606,1,2361.27236619142,-0.320389636871707
"4328","PDE7B",0.147298033385048,0.947290845298168,2.1013906661364,1,2361.27236619142,0.623324527734894
"1042","CSRP1",0.147363216225543,0.947290845298168,2.10071346834883,1,2361.27236619142,-0.510506445977995
"7767","ZCCHC8",0.147409671374231,0.947290845298168,2.1002310427694,1,2361.27236619142,0.348062725607542
"5596","C9orf40",0.147436739348415,0.947290845298168,2.09995002750477,1,2361.27236619142,1.11597875904014
"10796","ZNF493",0.147564730232011,0.947290845298168,2.09862203580796,1,2361.27236619142,0.634352343229472
"5811","SLC25A25",0.147818242416391,0.947290845298168,2.09599551212693,1,2361.27236619142,-0.623159564893657
"10267","ZSCAN30",0.147827048152149,0.947290845298168,2.0959043713868,1,2361.27236619142,0.513838590129678
"4887","ARF5",0.147948146946903,0.947290845298168,2.09465160171598,1,2361.27236619142,0.573173317136912
"11530","RALGAPB",0.14808572747304,0.947290845298168,2.09322973309329,1,2361.27236619142,-0.336433959322579
"1378","BIRC6",0.148105054958993,0.947290845298168,2.09303010675925,1,2361.27236619142,0.148390427204445
"7245","CLEC2B",0.148252143957263,0.947290845298168,2.0915118435461,1,2361.27236619142,0.228412926651957
"12085","PLXNB2",0.148264903227152,0.947290845298168,2.09138022167957,1,2361.27236619142,0.250487045488413
"266","PTP4A2",0.148381508797718,0.947290845298168,2.09017793652687,1,2361.27236619142,-0.149352796799022
"6364","PRDX3",0.148486856833358,0.947290845298168,2.08909264216052,1,2361.27236619142,0.278366348416335
"2275","ATRIP",0.148616511959851,0.947290845298168,2.08775813035063,1,2361.27236619142,0.922762190751674
"5348","ZHX1",0.14866485815509,0.947290845298168,2.08726085033908,1,2361.27236619142,0.352857766063615
"7556","KRR1",0.148751959649482,0.947290845298168,2.08636540164493,1,2361.27236619142,-0.427010083097898
"2383","IL17RD",0.14879006245291,0.947290845298168,2.08597387132285,1,2361.27236619142,-10
"842","SLC25A44",0.148800112798434,0.947290845298168,2.08587061657805,1,2361.27236619142,-0.657674844542502
"4562","RP9",0.148814431469697,0.947290845298168,2.08572352373462,1,2361.27236619142,-0.731207419236376
"2932","N4BP2",0.148849714046283,0.947290845298168,2.08536114116133,1,2361.27236619142,-0.549783100165055
"6519","TMEM41B",0.14885128036541,0.947290845298168,2.08534505596049,1,2361.27236619142,-0.392405053259438
"7815","PXMP2",0.14900285518848,0.947290845298168,2.08378937386246,1,2361.27236619142,-1.3263549007755
"3767","TMED9",0.149012331521995,0.947290845298168,2.08369217332498,1,2361.27236619142,0.237929153125739
"808","PYGO2",0.149061836552425,0.947290845298168,2.0831845044985,1,2361.27236619142,-0.967698233171936
"5976","CELF2",0.149603856467822,0.947290845298168,2.07763858724719,1,2361.27236619142,0.163917611139021
"3721","RANBP17",0.149616140092282,0.947290845298168,2.07751316534491,1,2361.27236619142,-1.01827487449828
"2068","FARP2",0.149620987256436,0.947290845298168,2.07746367659794,1,2361.27236619142,-0.460261670580022
"7250","TMEM52B",0.149625457348497,0.947290845298168,2.07741803930217,1,2361.27236619142,-10
"11741","HLCS",0.14964653636801,0.947290845298168,2.07720285434746,1,2361.27236619142,-0.507410511595919
"2253","XCR1",0.149659509979611,0.947290845298168,2.07707043041011,1,2361.27236619142,-10
"11358","SIRPD",0.149797685825138,0.947290845298168,2.07566085034148,1,2361.27236619142,0.498506619252657
"7063","DSCAML1",0.149804537355394,0.947290845298168,2.07559099376554,1,2361.27236619142,-10
"1100","LAMB3",0.149881942448671,0.947290845298168,2.07480204079446,1,2361.27236619142,0.928418236169475
"7302","SSPN",0.149938100802256,0.947290845298168,2.07422993411493,1,2361.27236619142,1.86917576890138
"4475","OCM",0.149939296490357,0.947290845298168,2.07421775581764,1,2361.27236619142,1.8691757701843
"3101","AIMP1",0.149949116721743,0.947290845298168,2.07411773916018,1,2361.27236619142,0.331204511667348
"9776","CACNB1",0.150072902605611,0.947290845298168,2.07285764526926,1,2361.27236619142,1.4852429028851
"41","TNFRSF14",0.150081241580048,0.947290845298168,2.07277279991823,1,2361.27236619142,0.244095435783891
"1213","TBCE",0.150169054675596,0.947290845298168,2.07187966448682,1,2361.27236619142,0.654683632219839
"10045","GPRC5C",0.150324391928503,0.947290845298168,2.07030119616272,1,2361.27236619142,1.49526368907342
"1223","MTR",0.150455951599412,0.947290845298168,2.06896578807656,1,2361.27236619142,-0.31138317995054
"354","RIMS3",0.150505826422262,0.947290845298168,2.06845987470118,1,2361.27236619142,0.958327131866211
"2236","ZNF660",0.150535451576585,0.947290845298168,2.06815945695151,1,2361.27236619142,-10
"5055","DLC1",0.150626873834172,0.947290845298168,2.06723279931671,1,2361.27236619142,-10
"5050","NEIL2",0.150780062489849,0.947290845298168,2.06568150257999,1,2361.27236619142,-1.7378615769073
"9783","PGAP3",0.150854050794468,0.947290845298168,2.06493288348372,1,2361.27236619142,-1.27888284217316
"6449","CD151",0.150982102981203,0.947290845298168,2.06363822380426,1,2361.27236619142,0.395141831112174
"3097","ARHGEF38",0.151143547576074,0.947290845298168,2.06200772395908,1,2361.27236619142,-10
"2841","ADD1",0.151288039049321,0.947290845298168,2.06055011260601,1,2361.27236619142,-0.241622022009952
"2153","RAB5A",0.151293616332724,0.947290845298168,2.06049388129369,1,2361.27236619142,0.257382363638122
"10826","WDR88",0.151304194698217,0.947290845298168,2.06038723449701,1,2361.27236619142,1.85318110517128
"10271","GALNT1",0.151327477304185,0.947290845298168,2.06015253843483,1,2361.27236619142,-0.257319067095203
"12116","PUDP",0.15133018347514,0.947290845298168,2.06012526202499,1,2361.27236619142,-0.515537129584559
"1066","SOX13",0.151353152156588,0.947290845298168,2.0598937751764,1,2361.27236619142,-10
"11995","APOBEC3A",0.151371708496236,0.947290845298168,2.05970678658965,1,2361.27236619142,-0.695874979351636
"3410","PTCD2",0.151417501792832,0.947290845298168,2.05924544760367,1,2361.27236619142,-1.31051086354447
"12132","TCEANC",0.151519599370252,0.947290845298168,2.05821744665971,1,2361.27236619142,-1.28071113865169
"7327","DNM1L",0.151609426786951,0.947290845298168,2.05731364021014,1,2361.27236619142,-0.310955330799247
"4556","MINDY4",0.151851888972147,0.947290845298168,2.05487711083703,1,2361.27236619142,1.75024626956216
"8068","ACIN1",0.151904172061899,0.947290845298168,2.05435228991912,1,2361.27236619142,0.210651432818537
"9441","ABR",0.151932047580129,0.947290845298168,2.05407255736557,1,2361.27236619142,0.155358943490475
"1662","RANBP2",0.152058627559876,0.947290845298168,2.05280305056308,1,2361.27236619142,0.236257359866814
"11753","DSCAM",0.152220155913459,0.947290845298168,2.05118477444607,1,2361.27236619142,2.93843745761603
"2928","UGDH",0.152254588961974,0.947290845298168,2.0508400576541,1,2361.27236619142,-0.867527062232278
"8692","PAQR5",0.152275883327844,0.947290845298168,2.05062691930229,1,2361.27236619142,0.71329709902965
"9938","NME1",0.152280991632527,0.947290845298168,2.05057579457388,1,2361.27236619142,-0.720713971576469
"10130","EIF4A3",0.152325058335464,0.947290845298168,2.05013484866326,1,2361.27236619142,-0.508435198499252
"7749","P2RX7",0.152367708704275,0.947290845298168,2.04970821270984,1,2361.27236619142,0.548484776811045
"5779","ARPC5L",0.152434436120929,0.947290845298168,2.04904100306482,1,2361.27236619142,0.345837098782846
"8505","IVD",0.152603024039042,0.947290845298168,2.04735676058367,1,2361.27236619142,0.426144054777166
"8320","TGFB3",0.15263533508579,0.947290845298168,2.04703420464912,1,2361.27236619142,1.837791081238
"2508","HGD",0.152747852637477,0.947290845298168,2.04591156398817,1,2361.27236619142,-10
"8089","PSME2",0.152919533562682,0.947290845298168,2.04420042775945,1,2361.27236619142,-0.202832636537397
"10676","GIPC1",0.153168566504398,0.947290845298168,2.04172219487243,1,2361.27236619142,-0.562921044399384
"8284","HEATR4",0.153184718556011,0.947290845298168,2.04156161673318,1,2361.27236619142,1.51995707282827
"10073","TSEN54",0.153191176490502,0.947290845298168,2.0414974195437,1,2361.27236619142,-1.08208847146475
"6025","PIP4K2A",0.153275730078556,0.947290845298168,2.0406571702592,1,2361.27236619142,-0.170934723086385
"1049","ARL8A",0.153411988645648,0.947290845298168,2.03930420951471,1,2361.27236619142,-0.293537065943087
"9790","MED24",0.15344179281485,0.947290845298168,2.0390084547673,1,2361.27236619142,-0.554710380232577
"11667","SLC2A4RG",0.153529288516175,0.947290845298168,2.03814058778814,1,2361.27236619142,-0.817643815221006
"2112","SEC13",0.153605184168048,0.947290845298168,2.03738823557889,1,2361.27236619142,0.399030486110963
"1502","GMCL1",0.153893500304803,0.947290845298168,2.0345340020244,1,2361.27236619142,0.418296766337701
"3381","PPWD1",0.153914443633118,0.947290845298168,2.03432690645501,1,2361.27236619142,0.368910649776305
"11996","APOBEC3C",0.154064980821635,0.947290845298168,2.0328392779341,1,2361.27236619142,-0.386359328756172
"2570","TMCC1",0.15413105601102,0.947290845298168,2.03218683491165,1,2361.27236619142,-0.18195597314198
"4531","MPP6",0.154299967533853,0.947290845298168,2.03052040190878,1,2361.27236619142,-10
"10165","ASPSCR1",0.154357516259361,0.947290845298168,2.02995311536656,1,2361.27236619142,-0.692160772904514
"9516","PITPNM3",0.154471283129012,0.947290845298168,2.0288323645107,1,2361.27236619142,-10
"5507","MOB3B",0.154503442717232,0.947290845298168,2.02851572080896,1,2361.27236619142,-0.252161170513659
"8942","ZNF263",0.154582154565108,0.947290845298168,2.02774103852535,1,2361.27236619142,-0.797326705048763
"8825","UNC45A",0.15464041043933,0.947290845298168,2.02716797229829,1,2361.27236619142,0.482635775642588
"836","ARHGEF2",0.154775646484901,0.947290845298168,2.02583859221699,1,2361.27236619142,0.227526174394738
"8520","OIP5",0.154811625364341,0.947290845298168,2.02548513931969,1,2361.27236619142,1.45990442631498
"12148","TXLNG",0.154857397264949,0.947290845298168,2.02503561553998,1,2361.27236619142,-0.761124726836219
"4200","C6orf163",0.154901032659368,0.947290845298168,2.02460721473111,1,2361.27236619142,-10
"11698","N6AMT1",0.154994459491713,0.947290845298168,2.02369043529694,1,2361.27236619142,-1.69058234724615
"11172","SIGLEC14",0.155007484211342,0.947290845298168,2.02356267608154,1,2361.27236619142,-0.741774793684644
"9861","UBTF",0.155057312513003,0.947290845298168,2.02307402376383,1,2361.27236619142,-0.383107793326775
"730","CIART",0.15508836973182,0.947290845298168,2.02276954444365,1,2361.27236619142,-10
"4678","SPDYE5",0.155142512853234,0.947290845298168,2.02223890067756,1,2361.27236619142,-10
"10658","CACNA1A",0.155186725002917,0.947290845298168,2.02180574394803,1,2361.27236619142,-1.69769038728898
"2902","CCDC149",0.155205299583628,0.947290845298168,2.02162380626035,1,2361.27236619142,-0.501474420431078
"2833","HAUS3",0.155256219856686,0.947290845298168,2.02112516988145,1,2361.27236619142,-0.8508377124361
"9769","PCGF2",0.155257876763531,0.947290845298168,2.02110894775438,1,2361.27236619142,-1.74182450212869
"2196","VILL",0.155280176933638,0.947290845298168,2.02089063463781,1,2361.27236619142,-10
"4304","TRMT11",0.155528739286375,0.947290845298168,2.01845967894539,1,2361.27236619142,-0.383260438670223
"3722","NPM1",0.155545457361373,0.947290845298168,2.01829633352099,1,2361.27236619142,0.192137063635301
"11916","SEC14L2",0.155597396014788,0.947290845298168,2.01778898953291,1,2361.27236619142,1.11672501105912
"851","IQGAP3",0.155774467406071,0.947290845298168,2.01606077651921,1,2361.27236619142,1.01017665313939
"7568","METTL25",0.155952500363466,0.947290845298168,2.01432542740079,1,2361.27236619142,0.380114211034276
"9038","ACSM3",0.155976463116032,0.947290845298168,2.01409202601339,1,2361.27236619142,1.31653455731567
"2072","DTYMK",0.15601120410441,0.947290845298168,2.01375371508014,1,2361.27236619142,0.670751141581029
"945","CCDC181",0.156040705502739,0.947290845298168,2.01346649496488,1,2361.27236619142,-10
"11566","ZSWIM3",0.156058712885248,0.947290845298168,2.0132912087726,1,2361.27236619142,-1.27908590369118
"710","CHD1L",0.156188189393103,0.947290845298168,2.01203154410136,1,2361.27236619142,-10
"12344","BTK",0.156251256342517,0.947290845298168,2.01141840147732,1,2361.27236619142,0.282994239617292
"872","TAGLN2",0.156482174461871,0.947290845298168,2.0091757926331,1,2361.27236619142,-0.256273506505476
"7055","SIK3",0.156530775383523,0.947290845298168,2.00870427396635,1,2361.27236619142,-0.184250544054498
"9832","PLEKHH3",0.156651576934251,0.947290845298168,2.00753299649835,1,2361.27236619142,0.788650125510175
"2152","EFHB",0.156777019743025,0.947290845298168,2.00631780427324,1,2361.27236619142,1.27301154646615
"3261","SDHA",0.156869784242876,0.947290845298168,2.00541988488443,1,2361.27236619142,0.286418683635192
"1179","RHOU",0.157102700377242,0.947290845298168,2.00316801825051,1,2361.27236619142,-0.462485275017543
"4442","ADAP1",0.157310666164381,0.947290845298168,2.0011605813806,1,2361.27236619142,-0.605661729644983
"4672","GTF2IRD2",0.157408640814566,0.947290845298168,2.00021590462312,1,2361.27236619142,-0.948145226006041
"1274","ADAM17",0.157425123055697,0.947290845298168,2.0000570477082,1,2361.27236619142,0.253800473305811
"9373","OSGIN1",0.15758307661225,0.947290845298168,1.9985356398439,1,2361.27236619142,0.805844448085803
"8241","FNTB",0.157714103403258,0.947290845298168,1.99727490637382,1,2361.27236619142,0.427971250300999
"12332","HDX",0.15772113710755,0.947290845298168,1.99720726211592,1,2361.27236619142,0.392918541719811
"2337","RAD54L2",0.15776323819404,0.947290845298168,1.99680244098742,1,2361.27236619142,-0.404396261349122
"1668","NPHP1",0.157791964291183,0.947290845298168,1.99652629701775,1,2361.27236619142,1.40074405194722
"9","TNFRSF4",0.157840887451167,0.947290845298168,1.99605613032917,1,2361.27236619142,-10
"6451","TSPAN4",0.157901915292171,0.947290845298168,1.99546986630687,1,2361.27236619142,0.239746846688373
"2448","TBC1D23",0.15803697621885,0.947290845298168,1.99417331963325,1,2361.27236619142,0.291129924124898
"8234","AKAP5",0.158255451782084,0.947290845298168,1.99207868358698,1,2361.27236619142,1.90411885555419
"3547","LYRM7",0.158259920895661,0.947290845298168,1.99203587028619,1,2361.27236619142,0.619034994044862
"6014","NSUN6",0.158337092832205,0.947290845298168,1.99129679405545,1,2361.27236619142,0.369589939141899
"7737","GATC",0.158386448479841,0.947290845298168,1.99082432958636,1,2361.27236619142,0.46635297687942
"10987","GSK3A",0.15843159101042,0.947290845298168,1.99039234254836,1,2361.27236619142,-0.588852999624018
"9395","ZCCHC14",0.158448896198396,0.947290845298168,1.9902267793939,1,2361.27236619142,0.452711559450017
"369","TMEM269",0.158510607907918,0.947290845298168,1.98963653525376,1,2361.27236619142,1.5572446553456
"11928","LIMK2",0.158604410644561,0.947290845298168,1.98873985605912,1,2361.27236619142,0.432377947029096
"126","UQCRHL",0.158615481253405,0.947290845298168,1.98863406972167,1,2361.27236619142,-10
"1546","TTC31",0.158639913834525,0.947290845298168,1.98840063143478,1,2361.27236619142,-0.699424023324052
"1073","NUAK2",0.158642375953533,0.947290845298168,1.98837710967222,1,2361.27236619142,-1.07518570429111
"2762","IL1RAP",0.158722855998597,0.947290845298168,1.98760847531354,1,2361.27236619142,-0.556620876601064
"7920","SUCLA2",0.158735826279024,0.947290845298168,1.98748464261103,1,2361.27236619142,0.340480485370073
"7490","LRP1",0.158762223824365,0.947290845298168,1.98723264976582,1,2361.27236619142,0.161525523276917
"6494","SMPD1",0.159066400201362,0.947290845298168,1.9843323983062,1,2361.27236619142,0.520631588772818
"1463","PUS10",0.1594743688512,0.947290845298168,1.9804524137111,1,2361.27236619142,0.404971256839055
"1657","NCK2",0.1594765980533,0.947290845298168,1.9804312439631,1,2361.27236619142,-0.616450311513511
"6955","PCF11",0.159501216879379,0.947290845298168,1.98019747226103,1,2361.27236619142,0.304941875742794
"7805","ADGRD1",0.159755183758243,0.947290845298168,1.97778828909612,1,2361.27236619142,1.52596019608252
"10795","ZNF738",0.159786602549378,0.947290845298168,1.97749054720606,1,2361.27236619142,-1.06613515539887
"56","ICMT",0.159832716713304,0.947290845298168,1.9770536646096,1,2361.27236619142,0.509505485141951
"8070","CEBPE",0.159881765468814,0.947290845298168,1.97658913749786,1,2361.27236619142,-1.0598728540262
"10070","GRB2",0.160048820005452,0.947290845298168,1.97500822818056,1,2361.27236619142,-0.10050050694412
"10347","ZNF407",0.160151500702707,0.947290845298168,1.97403744930623,1,2361.27236619142,0.236878178205903
"2989","COX18",0.160294008995615,0.947290845298168,1.97269130151725,1,2361.27236619142,-0.670593570431347
"12193","GPR82",0.160402009132206,0.947290845298168,1.971672029693,1,2361.27236619142,-0.483407871137449
"12078","PIM3",0.160436739929104,0.947290845298168,1.97134441743997,1,2361.27236619142,0.331586212810292
"7632","C12orf45",0.160480769667819,0.947290845298168,1.97092920537412,1,2361.27236619142,-0.385562183987767
"4973","ZNF398",0.160558702476934,0.947290845298168,1.97019459670175,1,2361.27236619142,0.401672555044043
"2278","COL7A1",0.160579062774367,0.947290845298168,1.97000274385633,1,2361.27236619142,1.44927303462733
"7081","CCDC84",0.160694951970572,0.947290845298168,1.96891126067934,1,2361.27236619142,0.345603184782476
"10055","FDXR",0.160777815349522,0.947290845298168,1.96813137588431,1,2361.27236619142,-0.64990287688942
"9566","RNF227",0.160807359314899,0.947290845298168,1.96785342795129,1,2361.27236619142,-10
"1145","TP53BP2",0.160868959428309,0.947290845298168,1.96727408486476,1,2361.27236619142,-0.449128826523164
"9666","POLDIP2",0.161012126598406,0.947290845298168,1.96592858829254,1,2361.27236619142,-0.472449367337434
"4027","RPS10-NUDT3",0.161035512720697,0.947290845298168,1.9657089332884,1,2361.27236619142,1.45351581050397
"7409","ATG101",0.161087220197742,0.947290845298168,1.96522339806063,1,2361.27236619142,-0.698033734401148
"10668","MISP3",0.161140623032693,0.947290845298168,1.9647221299296,1,2361.27236619142,1.4988206186867
"8446","CRIP1",0.161171582119648,0.947290845298168,1.96443161781822,1,2361.27236619142,0.47462046063104
"9136","ZNF771",0.161210710650572,0.947290845298168,1.96406453680034,1,2361.27236619142,1.47675959084036
"5382","DENND3",0.161355300462809,0.947290845298168,1.96270896084333,1,2361.27236619142,-0.584418152720484
"9294","NFATC3",0.16136057151634,0.947290845298168,1.96265956920568,1,2361.27236619142,0.2232527083954
"11128","RCN3",0.161409267117122,0.947290845298168,1.96220336122173,1,2361.27236619142,0.358058174985737
"10590","CARM1",0.161447490240644,0.947290845298168,1.96184537532845,1,2361.27236619142,-0.473509444328945
"7861","SLC46A3",0.161498897818709,0.947290845298168,1.96136406038767,1,2361.27236619142,-0.433647037949651
"12513","RPS4Y1",0.161500675481488,0.947290845298168,1.96134741974959,1,2361.27236619142,-0.212726351659527
"11272","ZNF787",0.161647560998329,0.947290845298168,1.95997315127503,1,2361.27236619142,-0.503269769692689
"626","KCNC4",0.161674950858177,0.947290845298168,1.95971704796264,1,2361.27236619142,1.48293176080561
"2432","ZNF654",0.161680326049044,0.947290845298168,1.9596667941455,1,2361.27236619142,0.247883746213035
"9468","TRPV1",0.161780190432586,0.947290845298168,1.95873348712087,1,2361.27236619142,0.714545373182075
"5261","CNBD1",0.162296611198624,0.947290845298168,1.95391761961806,1,2361.27236619142,1.78907490693351
"6935","ACER3",0.162314965634692,0.947290845298168,1.95374677785962,1,2361.27236619142,-0.276735890202794
"519","PIGK",0.162496416225864,0.947290845298168,1.95205903483472,1,2361.27236619142,0.456473088285193
"6354","ENO4",0.162597607419493,0.947290845298168,1.95111875028178,1,2361.27236619142,-10
"9096","CD19",0.162799593480521,0.947290845298168,1.94924386049113,1,2361.27236619142,-10
"4800","TRIP6",0.162810116845496,0.947290845298168,1.94914625256109,1,2361.27236619142,-0.499211235123963
"6328","GSTO2",0.162846877519965,0.947290845298168,1.94880534085093,1,2361.27236619142,1.48520207896975
"619","AMPD2",0.162904542570424,0.947290845298168,1.94827074285671,1,2361.27236619142,0.353823995693689
"11418","MGME1",0.162967019126641,0.947290845298168,1.94769178251073,1,2361.27236619142,-0.342401301858783
"1456","PPP4R3B",0.163018397747303,0.947290845298168,1.94721585491434,1,2361.27236619142,0.211930437111743
"1091","IL19",0.163210337078666,0.947290845298168,1.94543940761954,1,2361.27236619142,-1.35825606885482
"7089","C2CD2L",0.163326141851999,0.947290845298168,1.94436875900329,1,2361.27236619142,0.510668448054051
"11573","MMP9",0.163359880369189,0.947290845298168,1.94405699979869,1,2361.27236619142,0.251248975604486
"845","PAQR6",0.163566258002741,0.947290845298168,1.94215157684625,1,2361.27236619142,-10
"12268","FAM104B",0.163706827873307,0.947290845298168,1.94085530950054,1,2361.27236619142,0.699596875469198
"4291","ASF1A",0.163710493501184,0.947290845298168,1.94082152387313,1,2361.27236619142,-0.515553031283975
"834","RIT1",0.163755612326742,0.947290845298168,1.94040574017768,1,2361.27236619142,-0.31075021468769
"109","TNFRSF8",0.163782490134815,0.947290845298168,1.94015811522893,1,2361.27236619142,0.65582117479365
"9071","ARHGAP17",0.163798926695884,0.947290845298168,1.9400067082579,1,2361.27236619142,0.231153180946729
"3290","ANKH",0.163887766151756,0.947290845298168,1.93918865549028,1,2361.27236619142,-0.245534772667145
"11067","STRN4",0.163912698943664,0.947290845298168,1.93895916007663,1,2361.27236619142,0.438113401767442
"7406","ACVRL1",0.163933694724016,0.947290845298168,1.93876593407347,1,2361.27236619142,-0.692330406333037
"9766","EPOP",0.164026948643466,0.947290845298168,1.93790805180932,1,2361.27236619142,-1.70117891418728
"9537","CLDN7",0.164043124060988,0.947290845298168,1.93775930404012,1,2361.27236619142,-1.09976232270432
"7404","GALNT6",0.164062168754597,0.947290845298168,1.93758419214145,1,2361.27236619142,0.337500680600188
"8170","ATL1",0.164096216589746,0.947290845298168,1.9372711874539,1,2361.27236619142,1.0363359638412
"4589","COA1",0.164346055804448,0.947290845298168,1.93497666291875,1,2361.27236619142,0.272068124871003
"2100","JAGN1",0.164402008878816,0.947290845298168,1.93446333620621,1,2361.27236619142,0.460378187377565
"6548","PIK3C2A",0.164428079891785,0.947290845298168,1.93422422279993,1,2361.27236619142,-0.279186003103522
"4146","GCLC",0.164439482468113,0.947290845298168,1.93411965633696,1,2361.27236619142,0.291023709858926
"3359","SLC38A9",0.164472877391427,0.947290845298168,1.9338134584146,1,2361.27236619142,0.291805120332555
"3877","ALDH5A1",0.164508080148815,0.947290845298168,1.93349076142958,1,2361.27236619142,1.29059176177096
"5506","EQTN",0.164618609271844,0.947290845298168,1.93247807494616,1,2361.27236619142,1.95622278708491
"5966","FBH1",0.164740440273699,0.947290845298168,1.931362739295,1,2361.27236619142,0.362079756709366
"12256","KDM5C",0.164920689598864,0.947290845298168,1.9297143261557,1,2361.27236619142,-0.489703534350515
"11673","SAMD10",0.164975763028029,0.947290845298168,1.92921108053303,1,2361.27236619142,-10
"7693","NAA25",0.165012442590303,0.947290845298168,1.92887601953851,1,2361.27236619142,0.344416550121101
"11599","CEBPB",0.165080770393379,0.947290845298168,1.92825208486738,1,2361.27236619142,0.171102755803295
"5409","PUF60",0.165118064279562,0.947290845298168,1.92791166072968,1,2361.27236619142,-0.498153385661558
"4971","ZNF786",0.165151083486145,0.947290845298168,1.92761032991406,1,2361.27236619142,0.596002074556128
"723","MTMR11",0.165173497714193,0.947290845298168,1.92740581861398,1,2361.27236619142,-10
"11681","FP565260.1",0.165213549466812,0.947290845298168,1.92704045853194,1,2361.27236619142,-10
"11153","NAPSA",0.16521475810824,0.947290845298168,1.92702943463881,1,2361.27236619142,-10
"1614","LMAN2L",0.165322709134624,0.947290845298168,1.92604519651731,1,2361.27236619142,0.5849350864979
"12413","XIAP",0.165383349718049,0.947290845298168,1.92549263152323,1,2361.27236619142,0.228595590630488
"1750","EPC2",0.165451161180098,0.947290845298168,1.92487499905763,1,2361.27236619142,0.253063465194547
"211","SH3BGRL3",0.165960661956987,0.947290845298168,1.92024366949647,1,2361.27236619142,0.149218932085302
"10190","USP14",0.165985322974765,0.947290845298168,1.92001991548884,1,2361.27236619142,0.287901207299667
"2176","GPD1L",0.165988382689446,0.947290845298168,1.9199921567815,1,2361.27236619142,-1.66366831322709
"4293","MAN1A1",0.166020734834986,0.947290845298168,1.91969868363756,1,2361.27236619142,-0.294445853930675
"12306","TAF1",0.166087955420383,0.947290845298168,1.91908912080271,1,2361.27236619142,0.31461817349764
"12157","PDHA1",0.166264358048225,0.947290845298168,1.91749082682377,1,2361.27236619142,0.459326047110118
"2434","PROS1",0.166292072041538,0.947290845298168,1.91723990099633,1,2361.27236619142,-1.95250689276428
"3809","SERPINB6",0.166448977001177,0.947290845298168,1.91582016707165,1,2361.27236619142,0.195630548936288
"8155","LRR1",0.166483910081975,0.947290845298168,1.91550428826677,1,2361.27236619142,0.595533750774734
"1823","ATP5MC3",0.166777733570481,0.947290845298168,1.91285042021529,1,2361.27236619142,-0.226399137070143
"8866","WDR90",0.166822328075203,0.947290845298168,1.91244810251679,1,2361.27236619142,1.20509558166795
"1459","FANCL",0.167179853910886,0.947290845298168,1.90922706294236,1,2361.27236619142,-0.385043114356726
"2045","UBE2F",0.167212870172079,0.947290845298168,1.90893000932834,1,2361.27236619142,0.228400527818649
"536","WDR63",0.167220290053775,0.947290845298168,1.9088632604833,1,2361.27236619142,-1.65941290316636
"8430","TDRD9",0.167486606417128,0.947290845298168,1.90646973776311,1,2361.27236619142,0.854418648378756
"2789","PIGX",0.16762027661333,0.947290845298168,1.90527001815017,1,2361.27236619142,-0.446072488186736
"4522","KLHL7",0.167641968185499,0.947290845298168,1.90507543490152,1,2361.27236619142,-0.449868354693665
"4820","SPDYE2",0.167662428878131,0.947290845298168,1.9048919196485,1,2361.27236619142,0.813694485257007
"12531","MT-ND4",0.167747322783224,0.947290845298168,1.90413076664488,1,2361.27236619142,0.0894015503579493
"1210","RBM34",0.167785338351281,0.947290845298168,1.90379006476209,1,2361.27236619142,-1.65028478587853
"10619","ZNF433",0.167798797439558,0.947290845298168,1.90366946337068,1,2361.27236619142,1.12094560135251
"346","RLF",0.167811907324038,0.947290845298168,1.90355200171275,1,2361.27236619142,0.22330118770969
"5129","SMIM18",0.167835972026675,0.947290845298168,1.90333641468857,1,2361.27236619142,-10
"4011","PFDN6",0.167921597815096,0.947290845298168,1.90256961128778,1,2361.27236619142,0.491849126170506
"6231","SLC35G1",0.167922202367407,0.947290845298168,1.90256419894285,1,2361.27236619142,1.03785481834158
"2327","TMEM115",0.168048097544826,0.947290845298168,1.90143759001828,1,2361.27236619142,-0.616716184922125
"10014","SMURF2",0.168146512125812,0.947290845298168,1.90055757276389,1,2361.27236619142,0.21882106676145
"4873","CAPZA2",0.168239273670193,0.947290845298168,1.89972864514688,1,2361.27236619142,0.157505915187891
"4105","ABCC10",0.168263678973592,0.947290845298168,1.89951064368655,1,2361.27236619142,0.521568645530917
"8052","CHD8",0.168283679132933,0.947290845298168,1.89933201840337,1,2361.27236619142,0.232883577801426
"2392","FLNB",0.16866353446139,0.947290845298168,1.89594407229347,1,2361.27236619142,0.40396279063029
"594","SLC30A7",0.168820221154685,0.947290845298168,1.89454912568568,1,2361.27236619142,0.285678703163689
"12295","PJA1",0.168838984337618,0.947290845298168,1.89438218084707,1,2361.27236619142,-1.64531845779977
"4928","MTPN",0.168884788730757,0.947290845298168,1.89397472706552,1,2361.27236619142,0.177465765479548
"10779","ZNF101",0.16894439940998,0.947290845298168,1.89344464905354,1,2361.27236619142,0.540452811959236
"9924","PPP1R9B",0.1691372455046,0.947290845298168,1.89173126634363,1,2361.27236619142,-0.374097813736421
"3556","AC116366.2",0.169344471775306,0.947290845298168,1.88989261680188,1,2361.27236619142,1.21025658502293
"1018","PTGS2",0.169391386669304,0.947290845298168,1.88947671506263,1,2361.27236619142,-1.65909864105965
"10518","MCOLN1",0.169540069628717,0.947290845298168,1.88815950974779,1,2361.27236619142,-0.277676473366187
"8013","TEX29",0.169583793471258,0.947290845298168,1.88777240574968,1,2361.27236619142,-10
"7736","TRIAP1",0.169614806175614,0.947290845298168,1.88749790779124,1,2361.27236619142,-0.444118400337086
"9833","CCR10",0.169651417216414,0.947290845298168,1.88717393228674,1,2361.27236619142,1.76853131273705
"393","RPS8",0.16975792952067,0.947290845298168,1.88623184831518,1,2361.27236619142,-0.155359320824615
"792","JTB",0.169831514441369,0.947290845298168,1.88558139795269,1,2361.27236619142,-0.219829721761206
"3710","HMMR",0.169899893707518,0.947290845298168,1.88497725270319,1,2361.27236619142,-10
"4795","MOSPD3",0.169912215918941,0.947290845298168,1.88486841305161,1,2361.27236619142,0.596427574225096
"9891","EFCAB13",0.169959783325601,0.947290845298168,1.88444834457922,1,2361.27236619142,-0.48110924860986
"8325","LRRC74A",0.169966632090121,0.947290845298168,1.88438787415578,1,2361.27236619142,-10
"9991","TLK2",0.169979110456391,0.947290845298168,1.88427770496674,1,2361.27236619142,-0.224161977343246
"4248","CEP57L1",0.17001696662176,0.947290845298168,1.88394353669454,1,2361.27236619142,0.391917193450553
"195","RUNX3",0.170099257240148,0.947290845298168,1.88321742617254,1,2361.27236619142,-0.228046484620824
"7700","OAS2",0.170272639231548,0.947290845298168,1.88168886910141,1,2361.27236619142,0.161872370197998
"12140","PIGA",0.170273723536323,0.947290845298168,1.88167931536168,1,2361.27236619142,-1.2473083743216
"2918","TLR10",0.170346786191825,0.947290845298168,1.88103572592823,1,2361.27236619142,-10
"6428","IFITM2",0.170394986384472,0.947290845298168,1.88061131684218,1,2361.27236619142,-0.228791430966466
"9756","AATF",0.170513005893959,0.947290845298168,1.87957272134081,1,2361.27236619142,-0.335622677860985
"11618","GCNT7",0.170523461445148,0.947290845298168,1.87948075019957,1,2361.27236619142,-10
"11193","ZNF578",0.170656600943242,0.947290845298168,1.87831016894251,1,2361.27236619142,-10
"6746","MACROD1",0.17069343274725,0.947290845298168,1.87798652377806,1,2361.27236619142,0.983536474653884
"4822","RASA4",0.17080404390668,0.947290845298168,1.87701505327173,1,2361.27236619142,1.06391987120606
"6778","ZFPL1",0.170816963128625,0.947290845298168,1.87690163407862,1,2361.27236619142,-0.711897616324929
"12236","PRAF2",0.170987909005478,0.947290845298168,1.87540180984974,1,2361.27236619142,-1.66015435247059
"8102","DHRS1",0.170987981547206,0.947290845298168,1.8754011737577,1,2361.27236619142,-0.589143699338638
"8362","RPS6KA5",0.171314339968593,0.947290845298168,1.87254259036451,1,2361.27236619142,0.426442152745876
"2656","PLCH1",0.171320963950068,0.947290845298168,1.87248463552942,1,2361.27236619142,-10
"3331","OXCT1",0.171370004972745,0.947290845298168,1.87205564372586,1,2361.27236619142,1.24380453679677
"8551","MAP1A",0.171403861427211,0.947290845298168,1.87175956295188,1,2361.27236619142,-10
"11005","SMG9",0.171494212720996,0.947290845298168,1.87096975363536,1,2361.27236619142,0.505337613537411
"8978","TMEM114",0.171514964605618,0.947290845298168,1.87078841778427,1,2361.27236619142,1.83779087828792
"3337","ZNF131",0.171561990902494,0.947290845298168,1.87037758199328,1,2361.27236619142,-0.257644498029286
"6066","RASGEF1A",0.171800444033675,0.947290845298168,1.86829637488294,1,2361.27236619142,1.18086413311235
"9970","PRR11",0.17190766167219,0.947290845298168,1.86736166682401,1,2361.27236619142,0.636889730952796
"3251","SNX25",0.171971315563649,0.947290845298168,1.86680705836845,1,2361.27236619142,0.548052899452213
"6431","SIGIRR",0.171972106515941,0.947290845298168,1.86680016838428,1,2361.27236619142,-0.452561062824942
"11396","MCM8",0.172095902922654,0.947290845298168,1.86572222707574,1,2361.27236619142,1.20650812899953
"8165","SOS2",0.172266489205621,0.947290845298168,1.86423832914042,1,2361.27236619142,-0.215063678997913
"3528","SRFBP1",0.172276487983739,0.947290845298168,1.86415140409442,1,2361.27236619142,0.326800458956567
"1993","GMPPA",0.172388742728371,0.947290845298168,1.86317590808483,1,2361.27236619142,-0.66999802802996
"12310","RTL5",0.172520601844447,0.947290845298168,1.86203098254967,1,2361.27236619142,-1.04111269755993
"8739","TMEM266",0.172576003244837,0.947290845298168,1.8615502355148,1,2361.27236619142,0.408964091292823
"2407","LRIG1",0.172660302422727,0.947290845298168,1.86081906783383,1,2361.27236619142,-10
"9272","ATP6V0D1",0.17317028196444,0.947290845298168,1.85640450934966,1,2361.27236619142,-0.208326428381686
"10191","THOC1",0.173234242393488,0.947290845298168,1.8558519019727,1,2361.27236619142,0.36280105680357
"848","GLMP",0.173289555665024,0.947290845298168,1.85537419392706,1,2361.27236619142,0.309864342637661
"9612","TRPV2",0.173397810482571,0.947290845298168,1.85443976875779,1,2361.27236619142,0.336179458836995
"10065","NUP85",0.173398999001032,0.947290845298168,1.85442951352775,1,2361.27236619142,-0.442165714126239
"3747","CDHR2",0.17347386037199,0.947290845298168,1.85378372900955,1,2361.27236619142,1.72852489021061
"9113","KCTD13",0.173576748664024,0.947290845298168,1.85289669623927,1,2361.27236619142,-0.582664027318184
"11759","ZBTB21",0.17360911278845,0.947290845298168,1.85261779995969,1,2361.27236619142,0.472516443428781
"6192","WAPL",0.173627256229364,0.947290845298168,1.85246147591913,1,2361.27236619142,0.203983982896793
"1387","GPATCH11",0.17366382040855,0.947290845298168,1.85214649578179,1,2361.27236619142,-0.666831370735716
"11158","CLEC11A",0.173754519233925,0.947290845298168,1.85136550520412,1,2361.27236619142,0.47817447368757
"10233","LDLRAD4",0.173793011422646,0.947290845298168,1.85103419806431,1,2361.27236619142,0.190360860896758
"4993","GIMAP1",0.173798095785893,0.947290845298168,1.85099044262435,1,2361.27236619142,-0.299186383638855
"1130","LYPLAL1",0.173840539861121,0.947290845298168,1.85062523134557,1,2361.27236619142,-0.270155118306935
"12028","DESI1",0.174011255079449,0.947290845298168,1.84915734374976,1,2361.27236619142,-0.345537593333102
"3969","C2",0.174027223268876,0.947290845298168,1.84902012677795,1,2361.27236619142,-0.397313297676548
"11979","MICALL1",0.17406340617824,0.947290845298168,1.84870925543246,1,2361.27236619142,0.611998871251111
"6297","PPRC1",0.174131353204062,0.947290845298168,1.84812567859533,1,2361.27236619142,0.753329983433521
"1422","PREPL",0.174228246684953,0.947290845298168,1.84729394280908,1,2361.27236619142,0.39987696602801
"1112","PPP2R5A",0.17433314176336,0.947290845298168,1.84639412158265,1,2361.27236619142,-0.323098790258961
"1916","BMPR2",0.174414862746031,0.947290845298168,1.8456935267999,1,2361.27236619142,0.169848204250891
"5949","ARRDC1",0.174488757082481,0.947290845298168,1.8450603554508,1,2361.27236619142,0.391619424299519
"5977","USP6NL",0.174505962794561,0.947290845298168,1.84491297084956,1,2361.27236619142,-0.329127017226386
"8474","GREM1",0.174725705494553,0.947290845298168,1.84303212005706,1,2361.27236619142,-2.14759599348055
"6720","LBHD1",0.174850354607184,0.947290845298168,1.84196641814633,1,2361.27236619142,-10
"1961","CXCR2",0.174852369860016,0.947290845298168,1.84194919570355,1,2361.27236619142,-10
"11220","PRPF31",0.174963203659286,0.947290845298168,1.84100235711189,1,2361.27236619142,-0.460428692452072
"9545","NLGN2",0.175238071998446,0.947290845298168,1.83865717322267,1,2361.27236619142,-10
"6933","EMSY",0.175269602761255,0.947290845298168,1.83838842306963,1,2361.27236619142,-0.377383761971035
"3847","ADTRP",0.175319578303618,0.947290845298168,1.83796257435021,1,2361.27236619142,-1.33542190716659
"7819","CHFR",0.175471978362802,0.947290845298168,1.83666481537064,1,2361.27236619142,-0.279371702587136
"2276","SHISA5",0.175618214921007,0.947290845298168,1.83542076280037,1,2361.27236619142,-0.240075973701689
"2819","FGFRL1",0.175633086761177,0.947290845298168,1.83529431313079,1,2361.27236619142,-10
"8915","E4F1",0.175666572274468,0.947290845298168,1.83500964358633,1,2361.27236619142,-0.754053775200736
"8095","CHMP4A",0.17566767661918,0.947290845298168,1.83500025631461,1,2361.27236619142,-0.263236264092303
"3429","S100Z",0.175696904463683,0.947290845298168,1.8347518353265,1,2361.27236619142,-0.515535504149236
"4168","CGAS",0.175779323484078,0.947290845298168,1.83405157450167,1,2361.27236619142,-0.315913445546377
"275","HDAC1",0.175814273708777,0.947290845298168,1.83375473949549,1,2361.27236619142,0.382873279173357
"8032","CCNB1IP1",0.176121404575178,0.947290845298168,1.83114917633237,1,2361.27236619142,-0.932888647906388
"7970","SLAIN1",0.176288054214087,0.947290845298168,1.82973758679595,1,2361.27236619142,1.50954536611594
"2069","STK25",0.176448622065373,0.947290845298168,1.828378968037,1,2361.27236619142,-0.478606362703828
"11479","ITCH",0.176529220989209,0.947290845298168,1.82769753101942,1,2361.27236619142,0.181169201401013
"7388","CERS5",0.176672937940105,0.947290845298168,1.82648334256218,1,2361.27236619142,0.353661636352278
"3244","IRF2",0.176716693304368,0.947290845298168,1.82611390298325,1,2361.27236619142,-0.189618479535934
"11379","C20orf27",0.176797093440728,0.947290845298168,1.82543533582166,1,2361.27236619142,0.511363915803624
"12367","TCEAL4",0.176847069985338,0.947290845298168,1.82501371947672,1,2361.27236619142,-0.310773574964525
"296","ZMYM6",0.17696798602181,0.947290845298168,1.8239942060542,1,2361.27236619142,0.258068739621883
"1835","FKBP7",0.177140277810869,0.947290845298168,1.8225429021802,1,2361.27236619142,-10
"5956","WDR37",0.177245320874335,0.947290845298168,1.82165886894667,1,2361.27236619142,-0.239103860295979
"6926","KLHL35",0.177403957885135,0.947290845298168,1.82032493972499,1,2361.27236619142,-10
"11692","CHODL",0.177416925332956,0.947290845298168,1.82021596139547,1,2361.27236619142,1.60839722132622
"8685","FEM1B",0.177556477384658,0.947290845298168,1.81904374887211,1,2361.27236619142,-0.308468093415153
"2551","MCM2",0.177632954740417,0.947290845298168,1.81840180385494,1,2361.27236619142,-10
"911","FCGR2B",0.177674064755508,0.947290845298168,1.81805686146105,1,2361.27236619142,0.417015491694279
"11425","SEC23B",0.177678538687695,0.947290845298168,1.81801932753598,1,2361.27236619142,0.32567968327724
"9788","GSDMA",0.177819317516788,0.947290845298168,1.81683882490077,1,2361.27236619142,-1.63604371666786
"10105","SRSF2",0.177876451110636,0.947290845298168,1.81636003836432,1,2361.27236619142,0.309571888383632
"2248","LARS2",0.177907126068869,0.947290845298168,1.81610305173338,1,2361.27236619142,0.465226126623371
"5608","TLE4",0.178066779428721,0.947290845298168,1.81476634441671,1,2361.27236619142,-0.222771799722983
"8460","CHRFAM7A",0.178121733674837,0.947290845298168,1.81430655699478,1,2361.27236619142,-10
"9862","RUNDC3A",0.178122384806158,0.947290845298168,1.81430111013636,1,2361.27236619142,3.3072620665202
"7252","KLRD1",0.17812833336903,0.947290845298168,1.81425135014903,1,2361.27236619142,-0.698814637054333
"5429","FBXL6",0.178130115870943,0.947290845298168,1.81423643981679,1,2361.27236619142,0.863675960836875
"10419","LINGO3",0.178158733678725,0.947290845298168,1.81399708021011,1,2361.27236619142,-10
"8742","RCN2",0.178353552885025,0.947290845298168,1.81236879034174,1,2361.27236619142,-0.621766906342529
"11149","VRK3",0.178481550053377,0.947290845298168,1.81130011433239,1,2361.27236619142,-0.430072846676913
"7478","RBMS2",0.178494643305502,0.947290845298168,1.81119084587923,1,2361.27236619142,-0.306708865222461
"4668","CLIP2",0.178536496798554,0.947290845298168,1.81084162377571,1,2361.27236619142,-0.554008820032646
"5257","ATP6V0D2",0.178574383445137,0.947290845298168,1.81052558229438,1,2361.27236619142,-0.363815738036989
"9815","RAB5C",0.17860585278905,0.947290845298168,1.81026313135428,1,2361.27236619142,0.158935804911521
"9396","KLHDC4",0.178617163966444,0.947290845298168,1.81016881041039,1,2361.27236619142,-0.834455616662678
"5107","PPP2R2A",0.178644212989181,0.947290845298168,1.80994328369063,1,2361.27236619142,-0.205327084171596
"1997","SGPP2",0.178668353572868,0.947290845298168,1.80974204000149,1,2361.27236619142,1.09376602833065
"6769","ATG2A",0.178671306090337,0.947290845298168,1.80971742902096,1,2361.27236619142,-0.69516316357115
"3039","HELQ",0.178672346573849,0.947290845298168,1.8097087560871,1,2361.27236619142,-0.343357543735409
"6517","SCUBE2",0.178755741591716,0.947290845298168,1.8090138080304,1,2361.27236619142,-10
"513","CRYZ",0.178849833377478,0.947290845298168,1.80823017140681,1,2361.27236619142,-0.924273974350667
"9561","WRAP53",0.179019286020456,0.947290845298168,1.80682009867726,1,2361.27236619142,-1.63293128183135
"1928","NRP2",0.179206593543385,0.947290845298168,1.80526324401436,1,2361.27236619142,-0.224397224951353
"5122","KIF13B",0.179468284241934,0.947290845298168,1.80309128256556,1,2361.27236619142,0.2209109589598
"7255","PRH1",0.179678671365345,0.947290845298168,1.80134778126188,1,2361.27236619142,0.294028119963685
"8904","GFER",0.179800770168649,0.947290845298168,1.8003370175901,1,2361.27236619142,0.494812613152164
"9993","TANC2",0.17982197958726,0.947290845298168,1.80016152179721,1,2361.27236619142,0.214727020318278
"5285","PLEKHF2",0.179822804600889,0.947290845298168,1.80015469576577,1,2361.27236619142,0.361086537634793
"12251","MAGED1",0.179841102404883,0.947290845298168,1.80000331196031,1,2361.27236619142,-0.446732005734616
"9989","MED13",0.179855690880677,0.947290845298168,1.79988262942465,1,2361.27236619142,0.176406678366336
"10094","PRPSAP1",0.179914395939093,0.947290845298168,1.79939710882155,1,2361.27236619142,0.341764971901105
"1182","NUP133",0.179989474492798,0.947290845298168,1.7987764381488,1,2361.27236619142,-0.484315210678896
"6324","STN1",0.180071328888627,0.947290845298168,1.79810009316821,1,2361.27236619142,0.578546046941072
"4386","FBXO5",0.180102291044649,0.947290845298168,1.79784435236778,1,2361.27236619142,-1.2153665508719
"11137","TSKS",0.180106691545358,0.947290845298168,1.79780800930026,1,2361.27236619142,-10
"8906","SLC9A3R2",0.180109071601866,0.947290845298168,1.79778835320292,1,2361.27236619142,-10
"3904","ZSCAN31",0.180110205534195,0.947290845298168,1.79777898853761,1,2361.27236619142,-10
"2743","TMEM41A",0.180195319481799,0.947290845298168,1.79707626329753,1,2361.27236619142,-0.808899731211285
"2189","TRANK1",0.180287837877685,0.947290845298168,1.79631284036816,1,2361.27236619142,0.256938460818291
"4051","PPIL1",0.180411467181867,0.947290845298168,1.79529341073232,1,2361.27236619142,0.841603943382288
"2930","UBE2K",0.180414414668573,0.947290845298168,1.79526911604555,1,2361.27236619142,-0.196627546491221
"698","ANKRD35",0.180420130052059,0.947290845298168,1.79522200825272,1,2361.27236619142,-1.65838191952408
"145","IFFO2",0.180494608104944,0.947290845298168,1.79460829712544,1,2361.27236619142,0.927492155998097
"12411","GRIA3",0.180511242581189,0.947290845298168,1.79447126641183,1,2361.27236619142,-10
"3309","DNAJC21",0.180704461968263,0.947290845298168,1.79288064293903,1,2361.27236619142,0.273936320380106
"12230","PIM2",0.180731438248616,0.947290845298168,1.79265872504818,1,2361.27236619142,-1.60910218389745
"5235","LY96",0.180808904991073,0.947290845298168,1.79202166513214,1,2361.27236619142,-0.157287970690689
"3333","FBXO4",0.180843994351038,0.947290845298168,1.79173320625266,1,2361.27236619142,0.658030208538875
"1606","TMEM127",0.180863199264761,0.947290845298168,1.79157535597831,1,2361.27236619142,-0.275219326508368
"4374","NUP43",0.180890362120822,0.947290845298168,1.79135213039972,1,2361.27236619142,-0.631784061119556
"3454","SSBP2",0.181023059181006,0.947290845298168,1.79026217762631,1,2361.27236619142,-0.30208255175734
"8042","RNASE1",0.181023990646224,0.947290845298168,1.79025452998779,1,2361.27236619142,-0.0882379232666971
"11578","ELMO2",0.181103615905534,0.947290845298168,1.78960094857944,1,2361.27236619142,0.406315863622727
"2810","PDE6B",0.181131807383164,0.947290845298168,1.7893696265751,1,2361.27236619142,-1.61113492450629
"3468","POLR3G",0.181158470073188,0.947290845298168,1.78915088722672,1,2361.27236619142,1.70719209493065
"4402","TULP4",0.181169902319009,0.947290845298168,1.78905710908542,1,2361.27236619142,0.286661225614657
"1824","LNPK",0.181219897712471,0.947290845298168,1.78864707987518,1,2361.27236619142,0.298630038907483
"552","GBP1",0.181309750230477,0.947290845298168,1.78791049804987,1,2361.27236619142,-0.243404258631576
"9103","SPN",0.181326780397133,0.947290845298168,1.78777093792258,1,2361.27236619142,0.837365529538258
"6541","PDE3B",0.181391275182592,0.947290845298168,1.78724254864914,1,2361.27236619142,0.365411922923987
"3350","ITGA2",0.181409003281912,0.947290845298168,1.78709734499633,1,2361.27236619142,-10
"156","PLA2G2C",0.181499124049373,0.947290845298168,1.78635945650749,1,2361.27236619142,-10
"1000","DHX9",0.181506223689864,0.947290845298168,1.78630134429008,1,2361.27236619142,0.269330497243602
"2159","UBE2E1",0.1815492998682,0.947290845298168,1.78594881214507,1,2361.27236619142,0.184841679856371
"3901","NKAPL",0.181733665589275,0.947290845298168,1.78444107135596,1,2361.27236619142,-0.632899182594206
"1844","DNAJC10",0.181809176192585,0.947290845298168,1.78382405795766,1,2361.27236619142,0.381480426704461
"879","DCAF8",0.182095718133924,0.947290845298168,1.78148536056016,1,2361.27236619142,-0.279738315415663
"11752","SH3BGR",0.182109069077457,0.947290845298168,1.78137649685928,1,2361.27236619142,-1.60934314410885
"11305","ZNF551",0.182328109827561,0.947290845298168,1.77959175651645,1,2361.27236619142,0.837899514176533
"1673","MERTK",0.182344385401969,0.947290845298168,1.7794592426116,1,2361.27236619142,-0.190118289026078
"11603","BCAS4",0.182402846302883,0.947290845298168,1.77898337354715,1,2361.27236619142,1.69478914483322
"10428","SLC39A3",0.182509978792018,0.947290845298168,1.77811177867932,1,2361.27236619142,-0.623528826160662
"6076","WASHC2C",0.182821515818017,0.947290845298168,1.77558058194708,1,2361.27236619142,-0.302710317887792
"10621","ZNF20",0.182852429087015,0.947290845298168,1.77532968855396,1,2361.27236619142,0.911932338531176
"6835","RBM14",0.182948732234403,0.947290845298168,1.77454840334,1,2361.27236619142,-0.687770418308409
"2414","LMOD3",0.182952752185008,0.947290845298168,1.77451580077869,1,2361.27236619142,-10
"4861","DOCK4",0.183006664800281,0.947290845298168,1.77407863951852,1,2361.27236619142,-0.111282206640039
"8743","PSTPIP1",0.183010778529052,0.947290845298168,1.77404528865647,1,2361.27236619142,0.363536183845545
"978","RALGPS2",0.183021821619625,0.947290845298168,1.77395576430425,1,2361.27236619142,0.434523496852762
"8296","ALDH6A1",0.18309639068305,0.947290845298168,1.77335141023187,1,2361.27236619142,-0.894779252171036
"4028","RPS10",0.183126045227622,0.947290845298168,1.77311115068939,1,2361.27236619142,0.156247662594982
"5735","HDHD3",0.183368049105275,0.947290845298168,1.77115213347647,1,2361.27236619142,0.552210166207972
"3871","E2F3",0.183379628282256,0.947290845298168,1.77105847543308,1,2361.27236619142,0.237386422687071
"870","SLAMF8",0.183386103780417,0.947290845298168,1.77100610142983,1,2361.27236619142,0.304103697838681
"4686","YWHAG",0.183397643347002,0.947290845298168,1.77091277442303,1,2361.27236619142,-0.256793288630645
"2549","PLXNA1",0.183612472018633,0.947290845298168,1.76917657633202,1,2361.27236619142,-1.00756766735973
"10915","RYR1",0.183627980368234,0.947290845298168,1.76905133248234,1,2361.27236619142,1.68277209395954
"7458","IKZF4",0.183668799206116,0.947290845298168,1.76872174236745,1,2361.27236619142,0.770400508229952
"5631","SECISBP2",0.183677038077174,0.947290845298168,1.76865522823322,1,2361.27236619142,0.322265189455515
"4298","SMPDL3A",0.183765024492008,0.947290845298168,1.76794511128601,1,2361.27236619142,-0.368170234426272
"7680","HVCN1",0.183774979328527,0.947290845298168,1.76786479306806,1,2361.27236619142,-0.434763059934706
"1972","ZNF142",0.183792204883414,0.947290845298168,1.76772582472363,1,2361.27236619142,0.619145809344554
"679","WDR3",0.183928799989442,0.947290845298168,1.76662436922553,1,2361.27236619142,-0.921125868275565
"2121","RAF1",0.183964372855277,0.947290845298168,1.76633767779261,1,2361.27236619142,0.231853200366963
"3092","SLC9B2",0.183966838783612,0.947290845298168,1.76631780658797,1,2361.27236619142,-10
"8294","ENTPD5",0.183978877615417,0.947290845298168,1.76622079843818,1,2361.27236619142,0.459342029215491
"2919","TLR1",0.184008299582634,0.947290845298168,1.76598374907805,1,2361.27236619142,-0.238248972746451
"11428","SLC24A3",0.184107257552519,0.947290845298168,1.76518677895419,1,2361.27236619142,-10
"3621","IK",0.184112244575097,0.947290845298168,1.76514662851842,1,2361.27236619142,-0.252831108706289
"2020","B3GNT7",0.184182576796557,0.947290845298168,1.7645805193831,1,2361.27236619142,-0.846118329004599
"1786","GALNT3",0.184229380738386,0.947290845298168,1.76420393011417,1,2361.27236619142,-1.06093744513179
"3727","DUSP1",0.184347092041461,0.947290845298168,1.7632573037278,1,2361.27236619142,-0.472248948188367
"9409","GALNS",0.184617777024035,0.947290845298168,1.76108313311379,1,2361.27236619142,0.47208579538784
"11746","ETS2",0.184630193787534,0.947290845298168,1.76098348915003,1,2361.27236619142,-0.352789682929704
"8206","NAA30",0.184862507525097,0.947290845298168,1.75912061553893,1,2361.27236619142,-0.55911430029513
"5824","GLE1",0.184913632208681,0.947290845298168,1.75871102275289,1,2361.27236619142,0.399151746987074
"9231","KATNB1",0.185067807816727,0.947290845298168,1.75747661859578,1,2361.27236619142,1.00396367296494
"1158","LEFTY1",0.185127337237952,0.947290845298168,1.75700031700352,1,2361.27236619142,-10
"9088","SULT1A2",0.185130832083504,0.947290845298168,1.75697235988074,1,2361.27236619142,-10
"12219","PORCN",0.185159895770276,0.947290845298168,1.75673988778591,1,2361.27236619142,1.0159191637633
"9405","RNF166",0.185238975232546,0.947290845298168,1.75610756837602,1,2361.27236619142,-0.414895507903738
"3697","CYFIP2",0.185264157316486,0.947290845298168,1.75590627825396,1,2361.27236619142,0.819287779888349
"7593","SNRPF",0.185264200040082,0.947290845298168,1.75590593677477,1,2361.27236619142,0.355946139790346
"12303","NLGN3",0.185411877730793,0.947290845298168,1.75472613175178,1,2361.27236619142,-10
"1371","EHD3",0.185431523101473,0.947290845298168,1.75456926611381,1,2361.27236619142,1.1054654086255
"762","PI4KB",0.185479317582421,0.947290845298168,1.75418771424742,1,2361.27236619142,0.313358199168071
"7747","C12orf43",0.185540393974039,0.947290845298168,1.75370029676654,1,2361.27236619142,-0.801463556978728
"1131","ZC3H11B",0.185548415384219,0.947290845298168,1.7536362961039,1,2361.27236619142,-10
"10824","RHPN2",0.185551157304019,0.947290845298168,1.75361441980465,1,2361.27236619142,-10
"11455","TPX2",0.185552696232093,0.947290845298168,1.75360214169214,1,2361.27236619142,-10
"752","MLLT11",0.185552992070741,0.947290845298168,1.75359978140033,1,2361.27236619142,-10
"1843","ITPRID2",0.185762792512812,0.947290845298168,1.75192702925079,1,2361.27236619142,-0.297371157874685
"8202","PELI2",0.185808518596084,0.947290845298168,1.75156274372091,1,2361.27236619142,0.41168711630062
"9266","ELMO3",0.185967252921914,0.947290845298168,1.75029896479562,1,2361.27236619142,-10
"44","TTC34",0.18597141941526,0.947290845298168,1.75026580973949,1,2361.27236619142,-10
"9934","ANKRD40",0.186003365960229,0.947290845298168,1.75001162237582,1,2361.27236619142,0.419671254402505
"7170","TULP3",0.186119941084923,0.947290845298168,1.74908450563434,1,2361.27236619142,0.624368718395253
"11682","FP565260.6",0.18614026636287,0.947290845298168,1.74892292872333,1,2361.27236619142,1.35704698614176
"5244","ZNF704",0.186216049668371,0.947290845298168,1.74832066595163,1,2361.27236619142,0.294089004755855
"9741","PEX12",0.186391700082713,0.947290845298168,1.74692583739297,1,2361.27236619142,-10
"3636","ARAP3",0.186409122317819,0.947290845298168,1.74678757187592,1,2361.27236619142,-10
"1815","SP3",0.186411559195335,0.947290845298168,1.74676823364192,1,2361.27236619142,-0.193551742201403
"8490","DPH6",0.186508399265055,0.947290845298168,1.74599998155026,1,2361.27236619142,0.376716398190014
"5709","ABITRAM",0.186510242115089,0.947290845298168,1.74598536634185,1,2361.27236619142,-1.01236424478324
"467","DHCR24",0.186605371123267,0.947290845298168,1.74523114865089,1,2361.27236619142,1.02078518810106
"9616","CCDC144A",0.18685220764153,0.947290845298168,1.74327622188007,1,2361.27236619142,0.375377289731802
"1728","LYPD1",0.186937774396709,0.947290845298168,1.74259924063349,1,2361.27236619142,2.02951251327063
"7397","LETMD1",0.186944794654656,0.947290845298168,1.74254371423443,1,2361.27236619142,0.39942150214378
"4701","GNAI1",0.18707884222862,0.947290845298168,1.74148393641364,1,2361.27236619142,-10
"8273","TTC9",0.187340556390851,0.947290845298168,1.73941737281882,1,2361.27236619142,1.8033939919183
"575","DNTTIP2",0.187519324672923,0.947290845298168,1.7380077017865,1,2361.27236619142,-0.347448324993342
"3158","MGST2",0.187571885203088,0.947290845298168,1.73759353507107,1,2361.27236619142,-0.358858618195367
"1043","NAV1",0.187585088645445,0.947290845298168,1.73748951575081,1,2361.27236619142,-0.571704816951374
"4211","RRAGD",0.187587317785041,0.947290845298168,1.73747195499069,1,2361.27236619142,0.313741124284139
"9697","ABHD15",0.187636356366934,0.947290845298168,1.7370856993105,1,2361.27236619142,0.643185934454737
"6235","HELLS",0.187647544034454,0.947290845298168,1.73699759535739,1,2361.27236619142,-1.61786130661668
"5414","SPATC1",0.187745030238278,0.947290845298168,1.73623014083568,1,2361.27236619142,1.09083285743648
"11210","ZNF525",0.187892852126071,0.947290845298168,1.73506730610478,1,2361.27236619142,0.670685844316035
"5166","POLB",0.187920232112711,0.947290845298168,1.73485203948192,1,2361.27236619142,-0.479119918558698
"12203","NDUFB11",0.187945962175287,0.947290845298168,1.73464977815162,1,2361.27236619142,-0.195192288930679
"2270","MAP4",0.188107338607599,0.947290845298168,1.73338194964507,1,2361.27236619142,0.216119668252207
"6057","ZNF248",0.188119164041159,0.947290845298168,1.73328909479464,1,2361.27236619142,-0.504710156196175
"8766","MESD",0.188194414351639,0.947290845298168,1.73269837870948,1,2361.27236619142,-0.238019711807113
"2973","HOPX",0.188195405982988,0.947290845298168,1.73269059622448,1,2361.27236619142,2.25609427143833
"8368","FBLN5",0.18827452217315,0.947290845298168,1.73206983326711,1,2361.27236619142,0.653425690658989
"2034","TRPM8",0.188308317381205,0.947290845298168,1.73180476124987,1,2361.27236619142,-10
"2582","UBA5",0.188449883182511,0.947290845298168,1.73069499461371,1,2361.27236619142,-0.620498178131293
"5157","ADAM9",0.188455623719865,0.947290845298168,1.73065001371688,1,2361.27236619142,-0.179647072323359
"5338","ENPP2",0.188461274753973,0.947290845298168,1.73060573569571,1,2361.27236619142,0.965847224097027
"8711","STOML1",0.188552340054425,0.947290845298168,1.72989241729236,1,2361.27236619142,1.15132570478251
"11453","ID1",0.188585991049185,0.947290845298168,1.72962892914066,1,2361.27236619142,-10
"4470","TNRC18",0.188604130200389,0.947290845298168,1.72948692183758,1,2361.27236619142,-0.194648579574039
"10326","PIGN",0.188862391084412,0.947290845298168,1.72746678009897,1,2361.27236619142,0.316351775190472
"1793","KLHL41",0.188883887179822,0.947290845298168,1.72729878065069,1,2361.27236619142,1.02904733529285
"9368","PLCG2",0.188946283461044,0.947290845298168,1.72681125819841,1,2361.27236619142,0.213634010769912
"6337","SMC3",0.188951003281991,0.947290845298168,1.7267743883328,1,2361.27236619142,0.278996649215076
"8810","ZNF710",0.188953519947751,0.947290845298168,1.72675472931202,1,2361.27236619142,0.1790431339834
"8899","FAHD1",0.189079779813075,0.947290845298168,1.72576883747395,1,2361.27236619142,0.549813961577797
"637","WDR77",0.18914756382639,0.947290845298168,1.72523986689681,1,2361.27236619142,-0.799172224865576
"1986","GLB1L",0.189329864889833,0.947290845298168,1.72381832737288,1,2361.27236619142,0.895326460428456
"502","LRRC7",0.189342895002817,0.947290845298168,1.72371678279954,1,2361.27236619142,-1.41740153258362
"190","STPG1",0.189380017962107,0.947290845298168,1.72342752565717,1,2361.27236619142,-1.622911159996
"2118","PPARG",0.189399604734022,0.947290845298168,1.72327493477787,1,2361.27236619142,-0.665436470153569
"9304","SNTB2",0.189462595877321,0.947290845298168,1.72278432651539,1,2361.27236619142,-0.409141823792667
"4250","PPIL6",0.189464486613148,0.947290845298168,1.72276960340629,1,2361.27236619142,-10
"9452","WDR81",0.189556143955999,0.947290845298168,1.72205607546139,1,2361.27236619142,-0.450505553538917
"1460","BCL11A",0.189566421875974,0.947290845298168,1.72197608967683,1,2361.27236619142,-0.908509729336694
"4375","PCMT1",0.189676409173455,0.947290845298168,1.72112045269807,1,2361.27236619142,-0.265257606735903
"6274","CWF19L1",0.189754173110786,0.947290845298168,1.72051584363622,1,2361.27236619142,-0.393797231315456
"6929","DGAT2",0.18979270593241,0.947290845298168,1.72021636072551,1,2361.27236619142,-10
"4918","BPGM",0.189824448787461,0.947290845298168,1.71996970371053,1,2361.27236619142,-0.605736714985997
"8981","TMEM186",0.189843315049844,0.947290845298168,1.7198231267028,1,2361.27236619142,-1.19476281423185
"278","FAM229A",0.189846588055415,0.947290845298168,1.71979769958129,1,2361.27236619142,-1.59073365982686
"4279","TSPYL1",0.190020191805064,0.947290845298168,1.71844974970981,1,2361.27236619142,-0.435457709602579
"6321","CALHM2",0.190093715092024,0.947290845298168,1.71787930946076,1,2361.27236619142,0.502579467508381
"6265","GOT1",0.190165094691266,0.947290845298168,1.71732574740593,1,2361.27236619142,0.653182916543369
"5698","NIPSNAP3A",0.190168487634006,0.947290845298168,1.71729944053797,1,2361.27236619142,-0.50505201436754
"4517","RAPGEF5",0.190218218157986,0.947290845298168,1.71691392231676,1,2361.27236619142,-10
"8876","CHTF18",0.190324476403666,0.947290845298168,1.71609058680362,1,2361.27236619142,-10
"6610","TTC17",0.190391105415547,0.947290845298168,1.71557458944295,1,2361.27236619142,0.193706091385674
"10169","RFNG",0.190459878974628,0.947290845298168,1.71504220486548,1,2361.27236619142,-0.61388756824244
"1470","CCT4",0.190649434267611,0.947290845298168,1.71357599416671,1,2361.27236619142,-0.29713446471445
"5559","MELK",0.190689354904785,0.947290845298168,1.71326742473989,1,2361.27236619142,1.05271677048207
"6689","VPS37C",0.190691907127007,0.947290845298168,1.71324769971867,1,2361.27236619142,0.374091249251264
"10526","FCER2",0.190756124812342,0.947290845298168,1.71275149037347,1,2361.27236619142,-10
"7678","PPTC7",0.19077200437515,0.947290845298168,1.71262881922458,1,2361.27236619142,0.313563769133045
"10465","CHAF1A",0.190801655025735,0.947290845298168,1.71239979698967,1,2361.27236619142,-0.655175205959696
"4794","PCOLCE",0.190829630327428,0.947290845298168,1.71218375325638,1,2361.27236619142,1.3975445072854
"12250","GSPT2",0.190892822955603,0.947290845298168,1.71169587409769,1,2361.27236619142,-0.806935931706748
"2946","COMMD8",0.190957942853667,0.947290845298168,1.71119331257777,1,2361.27236619142,-0.369486331969885
"7441","PPP1R1A",0.190964865514422,0.947290845298168,1.711139898842,1,2361.27236619142,-10
"5422","HGH1",0.19102171110765,0.947290845298168,1.71070137612766,1,2361.27236619142,-1.57759268623832
"5395","TOP1MT",0.19109963826226,0.947290845298168,1.71010047182259,1,2361.27236619142,0.675546355618022
"4262","AMD1",0.191142206401177,0.947290845298168,1.70977234529397,1,2361.27236619142,-0.217016336397771
"5645","IPPK",0.191150612670491,0.947290845298168,1.7097075576205,1,2361.27236619142,0.567522045661543
"7643","MTERF2",0.191172299870813,0.947290845298168,1.70954042828924,1,2361.27236619142,1.13763361770057
"11895","ZNRF3",0.191184744242224,0.947290845298168,1.70944453749931,1,2361.27236619142,-10
"7637","NUAK1",0.191186086477537,0.947290845298168,1.70943419526638,1,2361.27236619142,-10
"4578","YAE1",0.191198044799988,0.947290845298168,1.70934205737235,1,2361.27236619142,-0.711783436327648
"5593","TMC1",0.191358188047015,0.947290845298168,1.70810881461884,1,2361.27236619142,1.30856914483996
"5072","LPL",0.191502389749815,0.947290845298168,1.7069993661127,1,2361.27236619142,0.566339111844292
"8748","TBC1D2B",0.191576618112251,0.947290845298168,1.70642865355462,1,2361.27236619142,0.288112656542529
"10418","PEAK3",0.191579838711517,0.947290845298168,1.70640389748323,1,2361.27236619142,-1.57885531531141
"5180","UBE2V2",0.191709815316511,0.947290845298168,1.70540519990737,1,2361.27236619142,-0.308897900061465
"1869","STAT1",0.191852857820653,0.947290845298168,1.70430702172221,1,2361.27236619142,-0.108473499749705
"2409","SUCLG2",0.191855638769825,0.947290845298168,1.70428568105691,1,2361.27236619142,0.206740619837433
"1561","DNAH6",0.191862846914102,0.947290845298168,1.70423036831713,1,2361.27236619142,1.27786853822827
"5532","SIGMAR1",0.191992604574882,0.947290845298168,1.70323506897616,1,2361.27236619142,-0.887656143224742
"1452","RPS27A",0.192005473026868,0.947290845298168,1.70313640501141,1,2361.27236619142,0.107294222959296
"2912","ARAP2",0.192010344673295,0.947290845298168,1.70309905552934,1,2361.27236619142,0.22997966093015
"1708","GYPC",0.192016184680105,0.947290845298168,1.70305428337133,1,2361.27236619142,-0.265742003991866
"1571","GGCX",0.192064727521227,0.947290845298168,1.70268219333614,1,2361.27236619142,0.428047376035553
"5661","ERCC6L2",0.19213010885366,0.947290845298168,1.7021812066611,1,2361.27236619142,0.280567432131101
"6194","ADIRF",0.192270053373248,0.947290845298168,1.70110954603779,1,2361.27236619142,-1.35729465247716
"1347","KRTCAP3",0.192452055165861,0.947290845298168,1.69971718356609,1,2361.27236619142,1.19356810096513
"5968","IL2RA",0.192518611677815,0.947290845298168,1.69920839254001,1,2361.27236619142,0.47664110301016
"8057","ABHD4",0.192564787178057,0.947290845298168,1.69885552483039,1,2361.27236619142,-0.807830021529994
"4207","SRSF12",0.192666705183086,0.947290845298168,1.69807702932975,1,2361.27236619142,-10
"11998","APOBEC3F",0.192692618301374,0.947290845298168,1.69787917002371,1,2361.27236619142,0.470965088443886
"10386","STK11",0.192715000294857,0.947290845298168,1.69770829760483,1,2361.27236619142,0.309831074352995
"11707","SOD1",0.192876603856176,0.947290845298168,1.69647524409359,1,2361.27236619142,-0.197610809373082
"292","PHC2",0.192879071633128,0.947290845298168,1.69645642403647,1,2361.27236619142,-0.191757969030571
"3801","IRF4",0.193116703204619,0.947290845298168,1.69464548685612,1,2361.27236619142,1.49587217545397
"7017","ACAT1",0.193168234831552,0.947290845298168,1.69425311950617,1,2361.27236619142,0.4451765424575
"1051","UBE2T",0.193213977885559,0.947290845298168,1.69390492948069,1,2361.27236619142,-10
"8372","CPSF2",0.193263839648394,0.947290845298168,1.6935254981561,1,2361.27236619142,-0.277183276578047
"6069","ZNF485",0.193300724087303,0.947290845298168,1.6932448935607,1,2361.27236619142,-10
"6370","MCMBP",0.193341919142901,0.947290845298168,1.69293156921539,1,2361.27236619142,0.300905642966928
"10493","RANBP3",0.193380959778521,0.947290845298168,1.69263470314567,1,2361.27236619142,-0.425098344757083
"4161","SDHAF4",0.193422491539504,0.947290845298168,1.69231897140692,1,2361.27236619142,-0.673781721753356
"11113","GYS1",0.193533527594723,0.947290845298168,1.69147524494912,1,2361.27236619142,0.405266784932361
"615","PSMA5",0.193686715678804,0.947290845298168,1.69031214784852,1,2361.27236619142,-0.251824417005661
"8336","ALKBH1",0.193718076430273,0.947290845298168,1.69007417061568,1,2361.27236619142,-0.483900621159766
"11122","PIH1D1",0.193986554770914,0.947290845298168,1.68803869787604,1,2361.27236619142,-0.433449588801793
"7419","ESPL1",0.19402294532364,0.947290845298168,1.68776305594531,1,2361.27236619142,1.63797667344854
"6883","NADSYN1",0.194023990025483,0.947290845298168,1.68775514369577,1,2361.27236619142,0.332530454828427
"11517","TLDC2",0.194025962230343,0.947290845298168,1.68774020696032,1,2361.27236619142,1.31414005849755
"7573","KITLG",0.19416333655373,0.947290845298168,1.68670022252966,1,2361.27236619142,-0.300397739939232
"6125","VPS26A",0.194273666259501,0.947290845298168,1.68586560097254,1,2361.27236619142,0.209441395140135
"4382","ARMT1",0.194302270951263,0.947290845298168,1.68564930288721,1,2361.27236619142,-0.428626404305407
"30","SLC35E2B",0.194316570587325,0.947290845298168,1.68554118830359,1,2361.27236619142,0.479186220255616
"8992","CLEC16A",0.194340640126105,0.947290845298168,1.68535922789931,1,2361.27236619142,-0.297623184168686
"12104","CSF2RA",0.194380082405752,0.947290845298168,1.68506110997065,1,2361.27236619142,-0.259683790902853
"6688","SLC15A3",0.194393125623449,0.947290845298168,1.68496254054752,1,2361.27236619142,0.204620665883894
"9608","NCOR1",0.194595463444201,0.947290845298168,1.68343443587606,1,2361.27236619142,0.142701113227192
"9690","PHF12",0.194700241125253,0.947290845298168,1.68264385985016,1,2361.27236619142,0.299838985783065
"9239","CNOT1",0.194876872505592,0.947290845298168,1.68131225486752,1,2361.27236619142,-0.21947195836728
"471","OMA1",0.194989531833489,0.947290845298168,1.68046366606412,1,2361.27236619142,0.757834558560556
"2621","PLS1",0.195102794935211,0.947290845298168,1.67961110786529,1,2361.27236619142,-10
"8175","TRIM9",0.195161401180833,0.947290845298168,1.67917019224092,1,2361.27236619142,1.72852492207763
"11381","CDC25B",0.195170953410047,0.947290845298168,1.67909834211793,1,2361.27236619142,-0.723461309128523
"10913","FAM98C",0.195336795779602,0.947290845298168,1.67785156206649,1,2361.27236619142,0.60307579798169
"3580","C5orf24",0.195453948591769,0.947290845298168,1.67697157027865,1,2361.27236619142,-0.419770409434128
"9382","USP10",0.195533604056246,0.947290845298168,1.67637359204805,1,2361.27236619142,-0.328414121283928
"10852","TMEM147",0.195624251784563,0.947290845298168,1.67569344125333,1,2361.27236619142,0.352298510277705
"5305","ANKRD46",0.195682664745656,0.947290845298168,1.67525535090774,1,2361.27236619142,0.494235734380589
"10484","RPL36",0.195715070435862,0.947290845298168,1.67501237809837,1,2361.27236619142,0.108199514854584
"5417","GPAA1",0.195807340306159,0.947290845298168,1.67432081106048,1,2361.27236619142,-0.457207953716906
"692","NBPF20",0.195851320332742,0.947290845298168,1.67399131302445,1,2361.27236619142,-1.56532859602283
"2419","GPR27",0.196131277192857,0.947290845298168,1.6718959085375,1,2361.27236619142,-10
"11969","GGA1",0.196336911175274,0.947290845298168,1.6703590229059,1,2361.27236619142,0.230020610956658
"3818","PRPF4B",0.196354297510149,0.947290845298168,1.6702291658626,1,2361.27236619142,-0.194010058623019
"5749","TLR4",0.196372408293874,0.947290845298168,1.67009391230261,1,2361.27236619142,-0.204682291439315
"12107","ASMTL",0.196380432019103,0.947290845298168,1.67003399480927,1,2361.27236619142,-0.483396806047776
"1397","ATL2",0.196400042543429,0.947290845298168,1.66988756449966,1,2361.27236619142,-0.450932043233824
"6912","PPME1",0.19649150968432,0.947290845298168,1.6692048125419,1,2361.27236619142,0.328087284616957
"9779","MED1",0.196525897067062,0.947290845298168,1.6689482259699,1,2361.27236619142,-0.387847317347716
"2249","LIMD1",0.196624300357243,0.947290845298168,1.66821426586652,1,2361.27236619142,0.231852340859015
"8857","NME4",0.196654949910542,0.947290845298168,1.66798574814615,1,2361.27236619142,0.283008619478118
"2575","NEK11",0.196779630751044,0.947290845298168,1.66705657977171,1,2361.27236619142,-0.782108483197306
"3650","JAKMIP2",0.196950828069003,0.947290845298168,1.66578187713073,1,2361.27236619142,-0.30557990850945
"8198","LGALS3",0.196951230953376,0.947290845298168,1.66577887886289,1,2361.27236619142,0.159952867596533
"4548","WIPF3",0.196953760145585,0.947290845298168,1.66576005676407,1,2361.27236619142,1.90411890362145
"12261","PHF8",0.196963699808878,0.947290845298168,1.6656860891233,1,2361.27236619142,0.371159897411228
"4155","AL135905.2",0.197020199914625,0.947290845298168,1.66526571742323,1,2361.27236619142,-10
"2646","ERICH6",0.197022920059887,0.947290845298168,1.66524548258392,1,2361.27236619142,-10
"9907","HOXB3",0.197024267101534,0.947290845298168,1.6652354622215,1,2361.27236619142,-10
"1979","SLC23A3",0.197025647404879,0.947290845298168,1.66522519451557,1,2361.27236619142,-10
"1355","RBKS",0.197083600730846,0.947290845298168,1.66479417139115,1,2361.27236619142,-0.817600557873045
"10158","P4HB",0.19714406113037,0.947290845298168,1.6643446605032,1,2361.27236619142,0.167923585828655
"9846","VAT1",0.197223656246853,0.947290845298168,1.66375313331303,1,2361.27236619142,0.230006301151813
"640","TMIGD3",0.197345148690727,0.947290845298168,1.66285077731944,1,2361.27236619142,0.35990697766771
"3271","LPCAT1",0.197421268938646,0.947290845298168,1.66228574438933,1,2361.27236619142,0.335914873353978
"6039","RAB18",0.197490317846894,0.947290845298168,1.66177342230769,1,2361.27236619142,-0.233972869388637
"4930","CREB3L2",0.197499050597647,0.947290845298168,1.66170864289833,1,2361.27236619142,0.267161017320374
"6998","TMEM123",0.197512077493433,0.947290845298168,1.66161201583247,1,2361.27236619142,-0.127680414859374
"3122","ANK2",0.197550700799309,0.947290845298168,1.66132557120282,1,2361.27236619142,1.25841101571906
"7278","ERP27",0.197682619218592,0.947290845298168,1.66034771093729,1,2361.27236619142,1.06046309462669
"10945","ZNF780B",0.197705154816105,0.947290845298168,1.66018073982725,1,2361.27236619142,0.316156562657899
"6663","CLP1",0.197763277445016,0.947290845298168,1.65975019976414,1,2361.27236619142,-0.797888248111045
"2630","PLSCR2",0.197830908540126,0.947290845298168,1.65924941313334,1,2361.27236619142,-1.02986150125145
"9670","SLC46A1",0.197961769918123,0.947290845298168,1.65828099665962,1,2361.27236619142,-0.601515334714114
"6966","CCDC81",0.197987098400586,0.947290845298168,1.65809364448059,1,2361.27236619142,-10
"3546","HINT1",0.198081668471762,0.947290845298168,1.65739436789277,1,2361.27236619142,0.157525282526383
"8285","RIOX1",0.198266776995512,0.947290845298168,1.65602675902065,1,2361.27236619142,-1.58347341872809
"11722","DNAJC28",0.19832031539296,0.947290845298168,1.65563148891113,1,2361.27236619142,-1.57260697064668
"1063","ATP2B4",0.198367485889263,0.947290845298168,1.65528333633981,1,2361.27236619142,0.441654195174069
"7825","ZNF10",0.198455589043842,0.947290845298168,1.65463333118942,1,2361.27236619142,-0.728551591752355
"5479","TTC39B",0.198589728822146,0.947290845298168,1.65364432853458,1,2361.27236619142,0.306971636322484
"4625","CCT6A",0.198686111473449,0.947290845298168,1.6529341905192,1,2361.27236619142,-0.283317686091648
"349","SMAP2",0.198759588511405,0.947290845298168,1.6523930905152,1,2361.27236619142,-0.161925831543292
"8878","TPSB2",0.198760714380413,0.947290845298168,1.65238480121178,1,2361.27236619142,-0.458044999008413
"3713","PANK3",0.198766034161966,0.947290845298168,1.65234563462713,1,2361.27236619142,-0.398134965630195
"1676","ZC3H6",0.198786746902269,0.947290845298168,1.65219314999826,1,2361.27236619142,0.287949980705378
"9946","PCTP",0.198864377469342,0.947290845298168,1.65162180934712,1,2361.27236619142,-0.499853820392795
"3340","CCL28",0.198879574981096,0.947290845298168,1.6515099902965,1,2361.27236619142,1.36416572664242
"9152","RNF40",0.199027228636749,0.947290845298168,1.65042411801582,1,2361.27236619142,0.374953602666855
"3504","WDR36",0.199070449397053,0.947290845298168,1.65010644356087,1,2361.27236619142,0.368907852680196
"10921","ECH1",0.199172928074605,0.947290845298168,1.64935354451596,1,2361.27236619142,-0.249879799032369
"11021","ZNF227",0.199194797851133,0.947290845298168,1.64919292870255,1,2361.27236619142,0.561328038874416
"5669","CCDC180",0.199227783951558,0.947290845298168,1.64895071166569,1,2361.27236619142,0.639259530109595
"959","PIGC",0.199594933728144,0.947290845298168,1.64625790628686,1,2361.27236619142,-0.569231931602576
"9912","SNF8",0.199786805385821,0.947290845298168,1.64485296680027,1,2361.27236619142,0.238623992991582
"5450","C8orf33",0.199883664916029,0.947290845298168,1.64414433561933,1,2361.27236619142,0.485420045207944
"7138","C11orf45",0.200071126156774,0.947290845298168,1.6427740017072,1,2361.27236619142,-1.23076335096236
"11713","CFAP298",0.200148326502941,0.947290845298168,1.64221010907494,1,2361.27236619142,0.412788151690365
"8001","LIG4",0.200235448743432,0.947290845298168,1.6415740512141,1,2361.27236619142,-0.569764622892706
"1169","SNAP47",0.200378621616253,0.947290845298168,1.64052948798632,1,2361.27236619142,-0.868276406217312
"12527","MT-ATP6",0.200438040946171,0.947290845298168,1.6400962330169,1,2361.27236619142,0.0873365407691907
"1577","C2orf68",0.200548226177498,0.947290845298168,1.63929321895796,1,2361.27236619142,-0.565848135106764
"503","LRRC40",0.200553897897056,0.947290845298168,1.63925189832586,1,2361.27236619142,-0.515058667916591
"6695","TMEM216",0.200601822834423,0.947290845298168,1.63890280180363,1,2361.27236619142,-1.17206189849137
"6488","TRIM34",0.200643954532189,0.947290845298168,1.63859598560784,1,2361.27236619142,-0.314276052798902
"2775","PPP1R2",0.200759802637911,0.947290845298168,1.63775273394729,1,2361.27236619142,0.236767840365153
"461","SSBP3",0.200787751468189,0.947290845298168,1.63754938171942,1,2361.27236619142,0.27739255987858
"8967","NUDT16L1",0.200795067510245,0.947290845298168,1.63749615660167,1,2361.27236619142,-0.568074236154714
"207","PAFAH2",0.200832731217283,0.947290845298168,1.63722218453311,1,2361.27236619142,-0.56709906160525
"2542","SLC41A3",0.200927193434081,0.947290845298168,1.63653531645016,1,2361.27236619142,-1.62125617962869
"7943","WDFY2",0.201204286305269,0.947290845298168,1.63452266601238,1,2361.27236619142,-0.233087487309097
"5663","SLC35D2",0.201237137699364,0.947290845298168,1.63428426777554,1,2361.27236619142,-0.544103286997842
"5930","DPP7",0.201550890869495,0.947290845298168,1.63200970717684,1,2361.27236619142,-0.205625098193256
"10179","HEXD",0.201614648289222,0.947290845298168,1.631548005763,1,2361.27236619142,0.278871679135649
"2158","UBE2E2",0.201637947237601,0.947290845298168,1.63137932854798,1,2361.27236619142,0.150661038445812
"10844","FXYD1",0.201681742670453,0.947290845298168,1.63106232517564,1,2361.27236619142,-10
"510","LRRIQ3",0.201681945197817,0.947290845298168,1.63106085941517,1,2361.27236619142,-10
"5378","TRAPPC9",0.201728540972479,0.947290845298168,1.63072367575031,1,2361.27236619142,0.192210410031603
"4849","COG5",0.201761860278161,0.947290845298168,1.63048262156799,1,2361.27236619142,0.167354954620448
"986","TOR1AIP1",0.20189384634956,0.947290845298168,1.62952820616298,1,2361.27236619142,0.229903346249819
"4048","STK38",0.202021981267139,0.947290845298168,1.62860234160788,1,2361.27236619142,0.241127476761838
"11768","RRP1B",0.202064698028828,0.947290845298168,1.62829383673371,1,2361.27236619142,0.401285307849145
"10021","PSMD12",0.202159146369091,0.947290845298168,1.62761199356094,1,2361.27236619142,-0.238607753065861
"2160","NKIRAS1",0.202197151948574,0.947290845298168,1.62733772882277,1,2361.27236619142,-0.607530490078974
"2256","CCR5",0.202328100246602,0.947290845298168,1.62639321385248,1,2361.27236619142,-0.556846725402782
"4413","MRPL18",0.202390219925572,0.947290845298168,1.62594540349906,1,2361.27236619142,-0.320675845567101
"10723","BST2",0.20241319967707,0.947290845298168,1.62577978733797,1,2361.27236619142,-0.116740292026935
"6289","POLL",0.202432472628949,0.947290845298168,1.62564090333167,1,2361.27236619142,0.463754332071947
"1867","NAB1",0.202502863709198,0.947290845298168,1.62513378611232,1,2361.27236619142,-0.383416456222039
"11754","BACE2",0.202543718577238,0.947290845298168,1.62483955132124,1,2361.27236619142,-0.802494731205722
"612","CELSR2",0.202601221320158,0.947290845298168,1.62442553775906,1,2361.27236619142,-10
"8807","ANPEP",0.202676610790021,0.947290845298168,1.62388295133729,1,2361.27236619142,-0.203196383970776
"4061","BTBD9",0.202706056892817,0.947290845298168,1.62367108901531,1,2361.27236619142,0.216661542141423
"11773","TRAPPC10",0.202800794303141,0.947290845298168,1.62298970692468,1,2361.27236619142,0.204787463530723
"3736","SFXN1",0.202845373769148,0.947290845298168,1.62266920672519,1,2361.27236619142,-0.478349336466169
"1548","PCGF1",0.202951334409527,0.947290845298168,1.62190774484286,1,2361.27236619142,-1.19230180339399
"9610","CENPV",0.203069116672176,0.947290845298168,1.62106187913568,1,2361.27236619142,-10
"1544","MRPL53",0.203069624657557,0.947290845298168,1.6210582322374,1,2361.27236619142,-10
"8911","TRAF7",0.203237347225303,0.947290845298168,1.61985471582503,1,2361.27236619142,-0.627557342659245
"9817","HCRT",0.203503763726984,0.947290845298168,1.61794541194273,1,2361.27236619142,1.60457433166056
"8186","GNPNAT1",0.20355609758123,0.947290845298168,1.61757070170815,1,2361.27236619142,0.834739636142878
"5250","SNX16",0.203614491287826,0.947290845298168,1.61715273698261,1,2361.27236619142,-0.494715210707468
"3136","BBS12",0.203656717127111,0.947290845298168,1.61685058505662,1,2361.27236619142,0.81280547111584
"4275","NT5DC1",0.203752739283124,0.947290845298168,1.61616376216715,1,2361.27236619142,0.303186352309257
"3102","DKK2",0.203840922530515,0.947290845298168,1.61553334515426,1,2361.27236619142,2.77115739115923
"200","MACO1",0.203897383677422,0.947290845298168,1.6151298764701,1,2361.27236619142,-0.40765156943475
"3231","GPM6A",0.203990571335588,0.947290845298168,1.61446424995465,1,2361.27236619142,-10
"10548","OR7D2",0.20400756654602,0.947290845298168,1.61434289418609,1,2361.27236619142,-10
"6336","DUSP5",0.204012803838016,0.947290845298168,1.61430549925318,1,2361.27236619142,-1.17018096701243
"3226","HMGB2",0.204030646414868,0.947290845298168,1.6141781094764,1,2361.27236619142,-0.44205009727726
"2623","PCOLCE2",0.204089486725699,0.947290845298168,1.61375810326014,1,2361.27236619142,-0.440047822511882
"4898","CCDC136",0.204255540188523,0.947290845298168,1.61257357194516,1,2361.27236619142,-10
"3414","BTF3",0.204393802702171,0.947290845298168,1.61158815181634,1,2361.27236619142,-0.167850337341697
"2510","GTF2E1",0.204477998744428,0.947290845298168,1.61098845764598,1,2361.27236619142,0.443356784121429
"6590","CD59",0.20456077640702,0.947290845298168,1.61039914994754,1,2361.27236619142,-0.212777881833245
"8213","DAAM1",0.204644889413534,0.947290845298168,1.60980062384736,1,2361.27236619142,-0.498392599266525
"2065","ANO7",0.204658685012646,0.947290845298168,1.60970248568872,1,2361.27236619142,1.59412153485792
"11482","PIGU",0.204660629573319,0.947290845298168,1.60968865323799,1,2361.27236619142,-0.908034036620112
"6092","PRKG1",0.204664246688928,0.947290845298168,1.60966292363647,1,2361.27236619142,1.5941215348714
"6352","TRUB1",0.204857678737882,0.947290845298168,1.60828776594497,1,2361.27236619142,-0.666382817079621
"7997","TEX30",0.204886178435272,0.947290845298168,1.60808528385442,1,2361.27236619142,-0.860176922632271
"11270","U2AF2",0.205084892046129,0.947290845298168,1.60667440449916,1,2361.27236619142,0.423919459203075
"1065","SNRPE",0.205147217291793,0.947290845298168,1.60623222363527,1,2361.27236619142,-0.334478154539207
"11859","TOP3B",0.205265789973184,0.947290845298168,1.60539141998889,1,2361.27236619142,-0.770809053841799
"1388","EIF2AK2",0.205383670732532,0.947290845298168,1.6045560909575,1,2361.27236619142,0.108289694884095
"12327","TAF9B",0.205456112700726,0.947290845298168,1.60404303196806,1,2361.27236619142,-1.54232775461588
"6316","NT5C2",0.20546148243035,0.947290845298168,1.60400501019487,1,2361.27236619142,-0.149917732324068
"9626","TOM1L2",0.205526421840394,0.947290845298168,1.60354528261279,1,2361.27236619142,-0.417915001910595
"6849","PPP1CA",0.205542623969517,0.947290845298168,1.60343060911087,1,2361.27236619142,0.231454435012943
"3458","TMEM167A",0.20554799103702,0.947290845298168,1.60339262507242,1,2361.27236619142,-0.189841275023054
"8563","PATL2",0.205613698431151,0.947290845298168,1.6029276928211,1,2361.27236619142,-0.348885215249043
"11860","ZNF280B",0.205802160369605,0.947290845298168,1.60159514690643,1,2361.27236619142,1.5839538228317
"12337","SRPX2",0.20600258773494,0.947290845298168,1.60017957822378,1,2361.27236619142,-10
"11942","LARGE1",0.206058153905022,0.947290845298168,1.59978741617542,1,2361.27236619142,-10
"18","CPTP",0.206201782509349,0.947290845298168,1.59877432598447,1,2361.27236619142,0.729949778753974
"8350","SPATA7",0.206591352400804,0.947290845298168,1.59603067110115,1,2361.27236619142,-0.457156382728816
"6355","SHTN1",0.206872290894314,0.947290845298168,1.59405587487771,1,2361.27236619142,0.200033992190968
"7307","MED21",0.207094081183772,0.947290845298168,1.5924990859906,1,2361.27236619142,0.356382249902005
"1009","C1orf21",0.207184037347628,0.947290845298168,1.591868228064,1,2361.27236619142,-0.264900703483647
"6834","CCS",0.207466030557193,0.947290845298168,1.58989272131953,1,2361.27236619142,0.28075143391875
"1090","IL10",0.20751178560174,0.947290845298168,1.5895724832365,1,2361.27236619142,0.27469985257422
"9303","UTP4",0.207607071757525,0.947290845298168,1.58890584646888,1,2361.27236619142,0.668861899477098
"11656","ARFGAP1",0.207621201603947,0.947290845298168,1.5888070226765,1,2361.27236619142,-0.462273096748717
"3496","PPIP5K2",0.207645701725211,0.947290845298168,1.58863568829487,1,2361.27236619142,0.214945865741627
"4195","NT5E",0.207754025742355,0.947290845298168,1.58787844266883,1,2361.27236619142,-1.25526419138224
"9243","TK2",0.207841757318083,0.947290845298168,1.5872654919881,1,2361.27236619142,0.306805122808232
"12298","PDZD11",0.207921476081566,0.947290845298168,1.58670878946729,1,2361.27236619142,-0.510615986796708
"1415","HAAO",0.20792764880612,0.947290845298168,1.58666569382163,1,2361.27236619142,0.65292777923861
"2526","PARP14",0.207954617711337,0.947290845298168,1.58647742480076,1,2361.27236619142,0.0993826105076751
"3159","MAML3",0.208044070159934,0.947290845298168,1.58585316701605,1,2361.27236619142,0.246345177016035
"2364","NEK4",0.208081697636537,0.947290845298168,1.58559067271914,1,2361.27236619142,-0.455113966305991
"5202","TOX",0.208103613052738,0.947290845298168,1.58543781373283,1,2361.27236619142,-10
"62","KLHL21",0.20821128265545,0.947290845298168,1.58468709994818,1,2361.27236619142,0.584862370974817
"10234","FAM210A",0.208234285073508,0.947290845298168,1.58452677781694,1,2361.27236619142,-0.500790720937847
"8389","SERPINA1",0.208398888879156,0.947290845298168,1.5833801343491,1,2361.27236619142,0.824717302366613
"3153","ELF2",0.208514776675417,0.947290845298168,1.58257349335337,1,2361.27236619142,0.158217605792154
"3323","C9",0.208764114439835,0.947290845298168,1.58083976699458,1,2361.27236619142,0.668529750249559
"4084","MRPS10",0.208804792027383,0.947290845298168,1.58055715512017,1,2361.27236619142,0.311019435975494
"7702","RASAL1",0.208829020027486,0.947290845298168,1.58038885947964,1,2361.27236619142,0.43173200646213
"10770","MAU2",0.208841309199706,0.947290845298168,1.58030350369255,1,2361.27236619142,0.29802867274714
"2492","LSAMP",0.208851514211816,0.947290845298168,1.58023262818643,1,2361.27236619142,-10
"3963","HSPA1L",0.208851680335247,0.947290845298168,1.58023147446549,1,2361.27236619142,-10
"7862","SLC7A1",0.208858450119588,0.947290845298168,1.58018445949398,1,2361.27236619142,-10
"5950","EHMT1",0.20888694878187,0.947290845298168,1.57998656103852,1,2361.27236619142,0.198157264506353
"7279","ARHGDIB",0.208908837273755,0.947290845298168,1.57983458617932,1,2361.27236619142,-0.17102255132881
"6527","MTRNR2L8",0.209199575547925,0.947290845298168,1.57781773645814,1,2361.27236619142,-0.400174354747483
"6871","TESMIN",0.209328906552839,0.947290845298168,1.57692163449179,1,2361.27236619142,-10
"10870","CLIP3",0.209332595303545,0.947290845298168,1.57689608568597,1,2361.27236619142,-10
"8710","CD276",0.209372941068673,0.947290845298168,1.57661668005464,1,2361.27236619142,0.318805009221915
"3952","C6orf47",0.209456575510298,0.947290845298168,1.57603769138588,1,2361.27236619142,0.443586414272765
"3707","PTTG1",0.209483445108595,0.947290845298168,1.57585173531788,1,2361.27236619142,-0.996301324629137
"6222","BTAF1",0.209510819183122,0.947290845298168,1.57566231698168,1,2361.27236619142,-0.237079319038647
"9284","EDC4",0.209520917625033,0.947290845298168,1.57559244695114,1,2361.27236619142,0.466131415096714
"6141","VSIR",0.209531175627603,0.947290845298168,1.57552147702195,1,2361.27236619142,-0.200717135414921
"11280","ZNF470",0.20962702452551,0.947290845298168,1.57485854584744,1,2361.27236619142,-1.22500736894154
"4427","WDR27",0.209629153336858,0.947290845298168,1.57484382617209,1,2361.27236619142,0.460812433858487
"8442","BTBD6",0.209839902719333,0.947290845298168,1.57338747466694,1,2361.27236619142,0.519197192672701
"5038","DEFB1",0.210063649124379,0.947290845298168,1.57184320483869,1,2361.27236619142,-10
"9966","RAD51C",0.210128037097524,0.947290845298168,1.57139916824021,1,2361.27236619142,-0.574168704100413
"2520","FAM162A",0.210178824540508,0.947290845298168,1.57104903827056,1,2361.27236619142,-0.282803677028329
"8046","NDRG2",0.210199581697721,0.947290845298168,1.57090596674918,1,2361.27236619142,0.797776503140513
"2850","LYAR",0.210256725245094,0.947290845298168,1.57051218359332,1,2361.27236619142,-0.721025984545105
"9310","CYB5B",0.21026571629963,0.947290845298168,1.57045023669019,1,2361.27236619142,-0.32743517721639
"4793","FBXO24",0.210278951107627,0.947290845298168,1.57035905672857,1,2361.27236619142,-10
"11039","ZNF296",0.210296818103753,0.947290845298168,1.57023597453395,1,2361.27236619142,1.27173037811906
"11814","USP18",0.210299506474614,0.947290845298168,1.57021745595289,1,2361.27236619142,-0.234702840059356
"146","UBR4",0.21032167820157,0.947290845298168,1.57006473886966,1,2361.27236619142,0.227639892686867
"7636","C12orf75",0.210449689886993,0.947290845298168,1.56918337764657,1,2361.27236619142,-10
"12482","MECP2",0.210464495479617,0.947290845298168,1.56908148205924,1,2361.27236619142,0.208778596460444
"8774","RPS17",0.210680059806728,0.947290845298168,1.56759887937624,1,2361.27236619142,-0.220697643001256
"7361","KANSL2",0.21073089667907,0.947290845298168,1.56724949697498,1,2361.27236619142,0.456022918988983
"2475","GCSAM",0.211072355416854,0.947290845298168,1.56490536900462,1,2361.27236619142,-10
"9437","GLOD4",0.21109658798658,0.947290845298168,1.56473918238676,1,2361.27236619142,-0.440191634757585
"8601","MAPK6",0.211173255893459,0.947290845298168,1.56421354399457,1,2361.27236619142,0.242696047811683
"7806","SFSWAP",0.211177950485271,0.947290845298168,1.56418136503134,1,2361.27236619142,0.26972678842229
"427","SPATA6",0.211184004748184,0.947290845298168,1.5641398674891,1,2361.27236619142,-0.599614231055409
"8501","PLCB2",0.211280686262975,0.947290845298168,1.56347737760609,1,2361.27236619142,-0.342279705498185
"9044","TMEM159",0.211450509181006,0.947290845298168,1.56231457179994,1,2361.27236619142,0.527544653556001
"9210","AMFR",0.211472615778879,0.947290845298168,1.56216328575308,1,2361.27236619142,-0.336904435993979
"3245","CASP3",0.211488750285151,0.947290845298168,1.56205288143745,1,2361.27236619142,-0.299622170046373
"9994","CYB561",0.21170769035024,0.947290845298168,1.56055571763927,1,2361.27236619142,0.490115362069702
"2667","GFM1",0.21194750936474,0.947290845298168,1.55891788596374,1,2361.27236619142,0.471478858247847
"8943","TIGD7",0.212041005029611,0.947290845298168,1.55827995797105,1,2361.27236619142,-0.836382373164885
"7025","ZC3H12C",0.212099028603442,0.947290845298168,1.55788422663194,1,2361.27236619142,-0.34714388937299
"6070","ZNF32",0.212119039977937,0.947290845298168,1.55774777521921,1,2361.27236619142,-0.417281026731403
"7091","NLRX1",0.212190413425815,0.947290845298168,1.5572612260448,1,2361.27236619142,-0.766885960465568
"1120","FLVCR1",0.212237554134553,0.947290845298168,1.5569399767604,1,2361.27236619142,0.629841230576987
"9676","RSKR",0.212303341105549,0.947290845298168,1.55649180057718,1,2361.27236619142,0.854967592056405
"11817","DGCR2",0.212560244508591,0.947290845298168,1.55474321467617,1,2361.27236619142,0.318168283692167
"655","RSBN1",0.212620986782126,0.947290845298168,1.5543301456444,1,2361.27236619142,0.306523352168906
"3699","LSM11",0.212637609026498,0.947290845298168,1.55421713290368,1,2361.27236619142,0.872489137650775
"3644","KCTD16",0.212771730200482,0.947290845298168,1.5533056420999,1,2361.27236619142,1.98257459702211
"9913","GNGT2",0.212799949069046,0.947290845298168,1.5531139528735,1,2361.27236619142,-0.540852350772986
"6147","MICU1",0.212812855551433,0.947290845298168,1.55302628990964,1,2361.27236619142,-0.192035436999437
"6840","PC",0.212816976519232,0.947290845298168,1.55299830094465,1,2361.27236619142,-0.31714812628092
"3857","JARID2",0.212916533581731,0.947290845298168,1.55232232063027,1,2361.27236619142,-0.14564203531704
"5792","GARNL3",0.213050559481064,0.947290845298168,1.55141289390215,1,2361.27236619142,-1.21138639735335
"3270","CLPTM1L",0.213052596845544,0.947290845298168,1.55139907470197,1,2361.27236619142,-0.373038026396608
"9158","SETD1A",0.21305505701473,0.947290845298168,1.55138238787719,1,2361.27236619142,-0.761878176746346
"9016","MARF1",0.213100451845954,0.947290845298168,1.55107452509384,1,2361.27236619142,-0.29723067461021
"10056","CDR2L",0.213188491205051,0.947290845298168,1.55047767383156,1,2361.27236619142,1.25248534378464
"658","DCLRE1B",0.21328982845211,0.947290845298168,1.54979103376009,1,2361.27236619142,-0.947219368698219
"3994","PSMB8",0.213300802525268,0.947290845298168,1.54971669899174,1,2361.27236619142,-0.196227628226637
"661","SYT6",0.21334856663268,0.947290845298168,1.5493932135422,1,2361.27236619142,-10
"4989","GIMAP7",0.213370057764824,0.947290845298168,1.54924769155871,1,2361.27236619142,-0.418603276295673
"9189","SIAH1",0.213396764951431,0.947290845298168,1.54906687460103,1,2361.27236619142,-0.464054530565022
"11527","RPRD1B",0.213417501408483,0.947290845298168,1.5489265001093,1,2361.27236619142,0.344382745302482
"5607","CEP78",0.213425628832679,0.947290845298168,1.5488714863069,1,2361.27236619142,0.576648325208393
"9796","WIPF2",0.213532567198905,0.947290845298168,1.54814786196959,1,2361.27236619142,-0.268369043057065
"8700","SENP8",0.213626306727706,0.947290845298168,1.54751390494673,1,2361.27236619142,0.965286718807818
"6212","IFIT5",0.213902369973066,0.947290845298168,1.54564881854482,1,2361.27236619142,-0.341954346426614
"11357","SIRPB2",0.214155871537565,0.947290845298168,1.54393867801722,1,2361.27236619142,-0.314316313439075
"10522","PCP2",0.214335473435912,0.947290845298168,1.54272852646518,1,2361.27236619142,-10
"7713","TBX3",0.214444553651285,0.947290845298168,1.54199413618231,1,2361.27236619142,-1.68761366452415
"2889","TAPT1",0.214519610602846,0.947290845298168,1.54148906795246,1,2361.27236619142,-0.38755773737138
"4501","ARL4A",0.214629678025113,0.947290845298168,1.54074878964862,1,2361.27236619142,-0.841051955471505
"10143","NDUFAF8",0.214670190699274,0.947290845298168,1.54047642805282,1,2361.27236619142,-0.431122004822022
"7451","MMP19",0.21474082932927,0.947290845298168,1.54000167969845,1,2361.27236619142,0.237096557739879
"12181","CYBB",0.214828562764433,0.947290845298168,1.53941229915105,1,2361.27236619142,-0.291853130201485
"6382","PSTK",0.214832517479028,0.947290845298168,1.53938573869559,1,2361.27236619142,0.849258306042503
"4175","FILIP1",0.214833053828905,0.947290845298168,1.53938213653429,1,2361.27236619142,-10
"9645","B9D1",0.214833129335285,0.947290845298168,1.5393816294293,1,2361.27236619142,-10
"6084","VSTM4",0.214857846646668,0.947290845298168,1.53921563800721,1,2361.27236619142,2.08553122823101
"6943","INTS4",0.214889256707985,0.947290845298168,1.53900473357654,1,2361.27236619142,-0.34934356216539
"724","OTUD7B",0.21489921767254,0.947290845298168,1.53893785784195,1,2361.27236619142,-0.812389951673944
"356","CITED4",0.214921507911985,0.947290845298168,1.53878821941765,1,2361.27236619142,1.61532884673968
"10736","PIK3R2",0.215049636826048,0.947290845298168,1.5379284248002,1,2361.27236619142,-0.690716884655505
"91","PEX14",0.215054356463052,0.947290845298168,1.53789676585115,1,2361.27236619142,0.277604851296215
"5266","TMEM64",0.215236733221674,0.947290845298168,1.53667403005656,1,2361.27236619142,-0.830701358160252
"6922","SLCO2B1",0.215326187294728,0.947290845298168,1.53607474041607,1,2361.27236619142,0.148711765783066
"797","C1orf189",0.21532759418399,0.947290845298168,1.53606531745331,1,2361.27236619142,-10
"1851","FAM171B",0.215331549781404,0.947290845298168,1.53603882432718,1,2361.27236619142,-10
"1014","SWT1",0.215381460896498,0.947290845298168,1.53570458793269,1,2361.27236619142,-0.401776846397442
"6573","KIF18A",0.215418402325386,0.947290845298168,1.53545726413164,1,2361.27236619142,-10
"4185","TENT5A",0.215431971106549,0.947290845298168,1.53536643347691,1,2361.27236619142,-0.169432651768698
"10970","TGFB1",0.215501321288091,0.947290845298168,1.53490230339396,1,2361.27236619142,0.196214165821989
"8744","TSPAN3",0.215506625327506,0.947290845298168,1.53486681312505,1,2361.27236619142,-0.249049232488368
"8801","MFGE8",0.215528687726647,0.947290845298168,1.53471920085596,1,2361.27236619142,1.55118792305757
"11402","ANKEF1",0.215529454968065,0.947290845298168,1.53471406781922,1,2361.27236619142,1.55118792646513
"2996","CXCL5",0.215778207149742,0.947290845298168,1.53305099963195,1,2361.27236619142,0.478015445294012
"5236","JPH1",0.215830000813471,0.947290845298168,1.53270501285781,1,2361.27236619142,-10
"2968","CEP135",0.215872353182991,0.947290845298168,1.53242216833394,1,2361.27236619142,0.322741864635576
"11347","RBCK1",0.215874439834488,0.947290845298168,1.53240823462472,1,2361.27236619142,-0.246673868960742
"4840","EFCAB10",0.215950518411791,0.947290845298168,1.53190032601087,1,2361.27236619142,-0.950477661514753
"4598","YKT6",0.216010655913151,0.947290845298168,1.53149899248733,1,2361.27236619142,0.381267565334868
"9596","MAP2K4",0.21601349365618,0.947290845298168,1.53148005781847,1,2361.27236619142,-0.243230858006121
"6368","BAG3",0.216075161122939,0.947290845298168,1.53106865853441,1,2361.27236619142,-0.771422124013054
"7665","GLTP",0.216093017073939,0.947290845298168,1.53094956307368,1,2361.27236619142,-0.376252777842367
"423","ATPAF1",0.216265541154468,0.947290845298168,1.52979946697892,1,2361.27236619142,-0.442385412686836
"7911","TPT1",0.216309526129571,0.947290845298168,1.52950642508158,1,2361.27236619142,-0.0896342493320058
"5897","CAMSAP1",0.216409422133155,0.947290845298168,1.52884114975074,1,2361.27236619142,-0.509044295737093
"8144","PNN",0.21646050388369,0.947290845298168,1.52850110305093,1,2361.27236619142,-0.242229746302803
"2592","MSL2",0.216495343392341,0.947290845298168,1.52826923436009,1,2361.27236619142,0.276481623141055
"2495","ARHGAP31",0.216495475536958,0.947290845298168,1.5282683549777,1,2361.27236619142,0.296058677377015
"1857","ASNSD1",0.216561691713937,0.947290845298168,1.52782778681827,1,2361.27236619142,-0.762312564604947
"11862","DRICH1",0.216714040793039,0.947290845298168,1.52681474417738,1,2361.27236619142,-1.51650927405776
"6036","YME1L1",0.216804142913682,0.947290845298168,1.52621601096267,1,2361.27236619142,-0.183204155218232
"5483","BNC2",0.216845344486911,0.947290845298168,1.52594232319844,1,2361.27236619142,-0.316025436209797
"10966","EGLN2",0.216933140636277,0.947290845298168,1.52535933052467,1,2361.27236619142,0.27518576562621
"7432","CBX5",0.216947854631986,0.947290845298168,1.52526165271174,1,2361.27236619142,-0.419966317823205
"2999","MTHFD2L",0.217135310148444,0.947290845298168,1.52401793336296,1,2361.27236619142,0.33035664665959
"5410","NRBP2",0.217164571567459,0.947290845298168,1.52382390684194,1,2361.27236619142,0.710650512628721
"7179","AKAP3",0.217213385362756,0.947290845298168,1.52350030184667,1,2361.27236619142,-1.51357075250739
"9194","ADCY7",0.217249347341711,0.947290845298168,1.52326195183528,1,2361.27236619142,-0.265222250969284
"10450","APBA3",0.217255552043221,0.947290845298168,1.52322083286467,1,2361.27236619142,-0.965946325584121
"12297","IGBP1",0.217262108742829,0.947290845298168,1.52317738270075,1,2361.27236619142,-0.272436475229406
"928","POGK",0.217281245165035,0.947290845298168,1.52305057773565,1,2361.27236619142,0.350068541117085
"10499","GTF2F1",0.217308110978719,0.947290845298168,1.52287257745067,1,2361.27236619142,0.279961736703296
"1918","ICA1L",0.217416128918677,0.947290845298168,1.52215716597779,1,2361.27236619142,-10
"677","MAN1A2",0.217497741201514,0.947290845298168,1.52161692232022,1,2361.27236619142,0.233808935573629
"3336","ANXA2R",0.217559082770651,0.947290845298168,1.5212110225355,1,2361.27236619142,-0.914110858328493
"9206","FTO",0.217562953024012,0.947290845298168,1.52118541748107,1,2361.27236619142,0.231242145294522
"10264","DTNA",0.217582848044357,0.947290845298168,1.52105380338467,1,2361.27236619142,0.513390711676323
"4866","BMT2",0.217692753417581,0.947290845298168,1.52032699074216,1,2361.27236619142,-0.3085593223214
"7602","SLC25A3",0.217725164969629,0.947290845298168,1.52011273423028,1,2361.27236619142,-0.186227644354605
"10414","DOT1L",0.217775472808339,0.947290845298168,1.51978024968661,1,2361.27236619142,0.460501609152475
"12274","UBQLN2",0.217793811800084,0.947290845298168,1.51965907006175,1,2361.27236619142,-0.520258803726378
"12511","SPRY3",0.217850622148578,0.947290845298168,1.51928375825044,1,2361.27236619142,-10
"5220","CSPP1",0.217880473664424,0.947290845298168,1.51908659402474,1,2361.27236619142,0.407110090262658
"11412","KIF16B",0.218090874981096,0.947290845298168,1.5176978422486,1,2361.27236619142,0.257061698954909
"8394","ATG2B",0.218215064001617,0.947290845298168,1.51687888387307,1,2361.27236619142,-0.428881221848732
"176","HNRNPR",0.218216770152184,0.947290845298168,1.51686763662024,1,2361.27236619142,-0.210527198697461
"12530","MT-ND4L",0.218227713532921,0.947290845298168,1.51679549837188,1,2361.27236619142,0.106863100351012
"7732","RPLP0",0.218277854634642,0.947290845298168,1.51646502579256,1,2361.27236619142,0.153415671976978
"10202","MYL12A",0.218288378000336,0.947290845298168,1.51639567934829,1,2361.27236619142,-0.110652726536688
"8416","TRAF3",0.218294268892416,0.947290845298168,1.51635686153062,1,2361.27236619142,0.220554937613593
"189","IFNLR1",0.21829497770207,0.947290845298168,1.51635219093962,1,2361.27236619142,-1.19895076975203
"9226","ARL2BP",0.218365368689497,0.947290845298168,1.51588845059434,1,2361.27236619142,0.340306260858101
"11974","NOL12",0.218423737700948,0.947290845298168,1.51550404707917,1,2361.27236619142,-0.57024004401708
"4297","PKIB",0.218515539192615,0.947290845298168,1.51489971370059,1,2361.27236619142,-0.499897295373918
"11204","ZNF160",0.218636187369459,0.947290845298168,1.5141059419611,1,2361.27236619142,-0.320649280569471
"2103","CRELD1",0.21876095672672,0.947290845298168,1.51328560581163,1,2361.27236619142,0.600125377366028
"1037","DDX59",0.218905181071463,0.947290845298168,1.51233805232282,1,2361.27236619142,-0.550356474337602
"2490","QTRT2",0.218907908307046,0.947290845298168,1.51232014157469,1,2361.27236619142,0.454362839703183
"6804","SNX32",0.219165861380721,0.947290845298168,1.51062727327959,1,2361.27236619142,-10
"7338","YAF2",0.219166132599649,0.947290845298168,1.51062549460383,1,2361.27236619142,0.266957811084302
"1998","FARSB",0.219196008032689,0.947290845298168,1.51042958517791,1,2361.27236619142,-0.668072660601665
"7744","UNC119B",0.219297761031963,0.947290845298168,1.50976257473757,1,2361.27236619142,0.761259305583417
"16","PUSL1",0.219365649668482,0.947290845298168,1.5093177572424,1,2361.27236619142,-1.12987433175316
"6809","CCDC85B",0.21944522906876,0.947290845298168,1.50879654923431,1,2361.27236619142,-0.223001496181602
"1353","SLC4A1AP",0.219445861484105,0.947290845298168,1.50879240811261,1,2361.27236619142,-0.334038202944473
"9065","DCTN5",0.219601327054974,0.947290845298168,1.50777483561502,1,2361.27236619142,-0.417654951747965
"5052","CTSB",0.220079160841609,0.947290845298168,1.50465263887018,1,2361.27236619142,0.0822411446697055
"7988","UBAC2",0.220136486489625,0.947290845298168,1.50427861367364,1,2361.27236619142,-0.178433631369743
"7305","FGFR1OP2",0.220188323331885,0.947290845298168,1.50394050078739,1,2361.27236619142,0.198837008627593
"384","ATP6V0B",0.220359529466825,0.947290845298168,1.5028244610772,1,2361.27236619142,0.127262611317808
"9598","COX10",0.220385850321492,0.947290845298168,1.50265297551323,1,2361.27236619142,0.520430102248649
"6470","SLC22A18",0.220462584392857,0.947290845298168,1.50215317759516,1,2361.27236619142,-0.438371077726858
"5246","FABP5",0.220475831057634,0.947290845298168,1.50206691812667,1,2361.27236619142,0.177453169299062
"59","PLEKHG5",0.220500166072386,0.947290845298168,1.50190846982312,1,2361.27236619142,-10
"4792","LRCH4",0.22065470476851,0.947290845298168,1.50090273690822,1,2361.27236619142,0.284860120010465
"6711","EEF1G",0.220787081262539,0.947290845298168,1.5000419043978,1,2361.27236619142,-0.156900166194842
"2649","P2RY13",0.221015182054787,0.947290845298168,1.49856003247445,1,2361.27236619142,-10
"12281","ZXDA",0.221016648058604,0.947290845298168,1.49855051440007,1,2361.27236619142,-10
"10527","CLEC4G",0.221018321790007,0.947290845298168,1.49853964774033,1,2361.27236619142,-10
"2413","ARL6IP5",0.221035778719905,0.947290845298168,1.49842631492153,1,2361.27236619142,-0.177568426915747
"3407","BDP1",0.221066416566411,0.947290845298168,1.49822743563889,1,2361.27236619142,0.221381718452964
"9671","AC005726.1",0.221093949410513,0.947290845298168,1.49804873996589,1,2361.27236619142,-0.840363203602838
"3653","ADRB2",0.221147971933025,0.947290845298168,1.49769819639167,1,2361.27236619142,1.05972781276845
"9562","KDM6B",0.221297695960372,0.947290845298168,1.49672719607817,1,2361.27236619142,-0.607755808007585
"4751","SMURF1",0.221511261223787,0.947290845298168,1.49534352760095,1,2361.27236619142,-0.258659651883927
"2008","PID1",0.221517295552322,0.947290845298168,1.49530445496637,1,2361.27236619142,-0.460745809991309
"11329","ZNF837",0.221531436312282,0.947290845298168,1.49521289769748,1,2361.27236619142,-10
"63","PHF13",0.221532641835307,0.947290845298168,1.49520509261336,1,2361.27236619142,0.634201196187027
"2532","MYLK",0.221534431144672,0.947290845298168,1.49519350793446,1,2361.27236619142,-10
"11372","LZTS3",0.221535699865572,0.947290845298168,1.49518529381389,1,2361.27236619142,-10
"2884","CC2D2A",0.221778337969656,0.947290845298168,1.49361540818768,1,2361.27236619142,0.670058439993438
"5959","KLF6",0.221780461829359,0.947290845298168,1.49360167574212,1,2361.27236619142,-0.18591129147808
"10399","MEX3D",0.221829506911857,0.947290845298168,1.4932846039762,1,2361.27236619142,1.22388770947834
"2226","HIGD1A",0.221836931073331,0.947290845298168,1.49323661479462,1,2361.27236619142,0.384649302775279
"10678","TECR",0.221872222927429,0.947290845298168,1.49300851737925,1,2361.27236619142,-0.311910295352446
"1376","NLRC4",0.221956189708601,0.947290845298168,1.49246599994898,1,2361.27236619142,0.326903506322541
"9782","TCAP",0.222045759928917,0.947290845298168,1.49188754891462,1,2361.27236619142,-10
"8628","CCNB2",0.222052691798554,0.947290845298168,1.49184279403928,1,2361.27236619142,-10
"6822","RAB1B",0.222062389285996,0.947290845298168,1.49178018605481,1,2361.27236619142,0.251770653545098
"3198","TDO2",0.222086140657071,0.947290845298168,1.49162685856518,1,2361.27236619142,-2.28267144603469
"123","PLEKHM2",0.22210293383484,0.947290845298168,1.49151846168942,1,2361.27236619142,-0.176382654545261
"10297","SMAD7",0.22211525649896,0.947290845298168,1.49143892739906,1,2361.27236619142,0.456783722217465
"5542","UNC13B",0.222123461673434,0.947290845298168,1.49138597159179,1,2361.27236619142,0.340996143897012
"11666","LIME1",0.222148571022568,0.947290845298168,1.49122393159066,1,2361.27236619142,1.05487206243823
"12072","CERK",0.222196094282228,0.947290845298168,1.49091730627742,1,2361.27236619142,-0.352676421620899
"6082","ARHGAP22",0.222205540541699,0.947290845298168,1.4908563673242,1,2361.27236619142,0.179618083654019
"3449","FAM151B",0.222307857687628,0.947290845298168,1.49019650582868,1,2361.27236619142,0.401848148451974
"2007","AGFG1",0.222419055910375,0.947290845298168,1.48947978093741,1,2361.27236619142,0.193894524603778
"3071","PDLIM5",0.222448591860155,0.947290845298168,1.48928947995908,1,2361.27236619142,0.206454493149123
"3627","PCDHGA5",0.222454804246915,0.947290845298168,1.48924945722316,1,2361.27236619142,-10
"8747","LINGO1",0.222574773620036,0.947290845298168,1.48847682787713,1,2361.27236619142,-10
"4711","ABCB1",0.222580038982354,0.947290845298168,1.48844292920329,1,2361.27236619142,-10
"8756","CTSH",0.222603113495912,0.947290845298168,1.4882943856226,1,2361.27236619142,0.184943998535806
"4533","OSBPL3",0.222731298363605,0.947290845298168,1.48746952342929,1,2361.27236619142,-0.26599472541934
"620","GSTM4",0.222768583015395,0.947290845298168,1.48722970560251,1,2361.27236619142,-0.950257992390773
"6042","SVIL",0.222796789592425,0.947290845298168,1.48704831061371,1,2361.27236619142,-0.889920511255074
"9335","TXNL4B",0.222854294632203,0.947290845298168,1.4866785839769,1,2361.27236619142,0.505004523229949
"10610","ACP5",0.222873205570909,0.947290845298168,1.48655702173154,1,2361.27236619142,0.14788995837217
"3583","TIFAB",0.222891271410975,0.947290845298168,1.48644090344265,1,2361.27236619142,-1.57890783673145
"11258","ISOC2",0.222920671955169,0.947290845298168,1.48625195538292,1,2361.27236619142,-0.54584376214666
"4638","GUSB",0.223201447074435,0.947290845298168,1.48444900465127,1,2361.27236619142,-0.260991011604658
"1166","COQ8A",0.223204638244787,0.947290845298168,1.48442852870319,1,2361.27236619142,0.381990654107341
"9556","MPDU1",0.223593690913842,0.947290845298168,1.48193482161625,1,2361.27236619142,0.32245283065969
"7085","HYOU1",0.223614990051815,0.947290845298168,1.4817984509202,1,2361.27236619142,0.607962225044067
"10820","TDRD12",0.223896478474562,0.947290845298168,1.47999764358812,1,2361.27236619142,-10
"8658","MTFMT",0.223983449452367,0.947290845298168,1.47944180019537,1,2361.27236619142,-0.43960366223496
"4138","MCM3",0.224040065680033,0.947290845298168,1.47908009721211,1,2361.27236619142,-0.762596693100361
"5660","FANCC",0.224064208762386,0.947290845298168,1.47892588811071,1,2361.27236619142,-0.716173156716917
"9621","NT5M",0.224069976414765,0.947290845298168,1.47888905133542,1,2361.27236619142,1.27082201161492
"5880","SURF2",0.224224810905299,0.947290845298168,1.47790058100974,1,2361.27236619142,-0.598657890256004
"1164","ITPKB",0.224259773215948,0.947290845298168,1.47767749334483,1,2361.27236619142,0.377403872661324
"854","CRABP2",0.224377971962005,0.947290845298168,1.47692359906726,1,2361.27236619142,1.17878670051751
"8334","AHSA1",0.22442180327019,0.947290845298168,1.47664415564585,1,2361.27236619142,-0.383666049244812
"3214","KLHL2",0.224465071442916,0.947290845298168,1.47636836666122,1,2361.27236619142,0.27566072891277
"10571","ICAM4",0.224509788015728,0.947290845298168,1.47608341265673,1,2361.27236619142,1.02289623877548
"1208","IRF2BP2",0.224743768141626,0.947290845298168,1.47459349610432,1,2361.27236619142,-0.229909150816565
"5306","PABPC1",0.224855607976486,0.947290845298168,1.47388199023975,1,2361.27236619142,-0.118916815213294
"10248","NPC1",0.224932772381451,0.947290845298168,1.47339133105653,1,2361.27236619142,0.246327116089622
"9898","SP2",0.224934493378639,0.947290845298168,1.47338039019112,1,2361.27236619142,0.501394269258907
"6818","CATSPER1",0.224942722586438,0.947290845298168,1.47332807618054,1,2361.27236619142,-1.48959746155139
"6037","MASTL",0.225064435433479,0.947290845298168,1.47255460186781,1,2361.27236619142,-0.358196639236144
"10353","ATP9B",0.225098550584793,0.947290845298168,1.47233789319213,1,2361.27236619142,0.155040143144439
"6946","ALG8",0.22521089382709,0.947290845298168,1.47162453707305,1,2361.27236619142,-0.628393954798254
"7239","PZP",0.225233358038714,0.947290845298168,1.47148194526747,1,2361.27236619142,-10
"6388","LHPP",0.225308271542642,0.947290845298168,1.47100655442662,1,2361.27236619142,-0.505550484433614
"2619","XRN1",0.225389070822256,0.947290845298168,1.47049402591614,1,2361.27236619142,0.145171451222846
"6218","HECTD2",0.225409131872391,0.947290845298168,1.47036680821909,1,2361.27236619142,0.328395532759315
"1938","FZD5",0.225591195310153,0.947290845298168,1.46921286911158,1,2361.27236619142,0.755600214296123
"6556","LDHA",0.225610750955238,0.947290845298168,1.46908898968138,1,2361.27236619142,-0.174806790375422
"12130","TLR8",0.225755597144943,0.947290845298168,1.46817183168223,1,2361.27236619142,-0.342266804877093
"8298","ABCD4",0.225788736546135,0.947290845298168,1.46796209417564,1,2361.27236619142,0.338100648303253
"3990","HLA-DQB1",0.22580006492341,0.947290845298168,1.46789040595763,1,2361.27236619142,-0.300828736612945
"10552","ZNF266",0.225804634022237,0.947290845298168,1.46786149301655,1,2361.27236619142,0.382692471177236
"11575","NCOA5",0.226027679020732,0.947290845298168,1.46645093349045,1,2361.27236619142,0.33436612789953
"4400","SERAC1",0.226217560685168,0.947290845298168,1.46525141927127,1,2361.27236619142,-0.543783764595623
"4069","NFYA",0.22626859447841,0.947290845298168,1.46492923649453,1,2361.27236619142,-0.599117645221944
"4914","EXOC4",0.226293781075455,0.947290845298168,1.46477026250433,1,2361.27236619142,0.125441727509702
"1812","PDK1",0.226480907846585,0.947290845298168,1.46358981199436,1,2361.27236619142,-0.481800760190924
"8968","ANKS3",0.226523062223284,0.947290845298168,1.46332405157665,1,2361.27236619142,-0.763112990481792
"2179","CMTM6",0.226577950896584,0.947290845298168,1.46297809740837,1,2361.27236619142,0.168023121711806
"8757","RASGRF1",0.226614228129667,0.947290845298168,1.4627495033262,1,2361.27236619142,1.50915581897111
"409","CCDC17",0.226614721716004,0.947290845298168,1.46274639338908,1,2361.27236619142,1.50915581215793
"4951","DENND11",0.226796675835986,0.947290845298168,1.46160051026689,1,2361.27236619142,0.386095455139448
"11152","NR1H2",0.226890329140703,0.947290845298168,1.46101114532579,1,2361.27236619142,-0.265366474143667
"6000","NMT2",0.226907947975218,0.947290845298168,1.46090030179969,1,2361.27236619142,0.726358164247576
"6003","RSU1",0.227042058834706,0.947290845298168,1.46005692319228,1,2361.27236619142,0.208325387801555
"5866","SETX",0.227201732351273,0.947290845298168,1.45905357026704,1,2361.27236619142,0.135948134707614
"8061","MMP14",0.227301689293623,0.947290845298168,1.45842589446108,1,2361.27236619142,-0.234250103034507
"5513","NDUFB6",0.227342137853846,0.947290845298168,1.45817199359847,1,2361.27236619142,0.310773782128087
"715","NBPF14",0.227373510321805,0.947290845298168,1.45797510195048,1,2361.27236619142,0.382137582976183
"6677","MRPL16",0.227405869147453,0.947290845298168,1.45777205420855,1,2361.27236619142,0.303037646269061
"9280","RANBP10",0.227515053695749,0.947290845298168,1.45708719063898,1,2361.27236619142,0.351453604724835
"250","EPB41",0.227532478556366,0.947290845298168,1.45697792922112,1,2361.27236619142,-0.315847556876484
"8609","PIGBOS1",0.227593195838137,0.947290845298168,1.4565972842054,1,2361.27236619142,-0.338799742936753
"1132","BPNT1",0.227594455506908,0.947290845298168,1.45658938846146,1,2361.27236619142,-0.613029153893753
"7128","FAM118B",0.227695782169532,0.947290845298168,1.45595443379671,1,2361.27236619142,0.438873261550805
"1943","MAP2",0.227787378297711,0.947290845298168,1.45538074711768,1,2361.27236619142,-10
"1494","FBXO48",0.227881605259525,0.947290845298168,1.45479087247665,1,2361.27236619142,-0.810519162453004
"3439","ARSB",0.227932081094947,0.947290845298168,1.45447500701294,1,2361.27236619142,0.213589917888075
"10715","ANKLE1",0.227946811784271,0.947290845298168,1.45438284181734,1,2361.27236619142,-10
"9908","HOXB4",0.227949844009225,0.947290845298168,1.45436387104834,1,2361.27236619142,-10
"8956","TFAP4",0.227951875657716,0.947290845298168,1.45435116044154,1,2361.27236619142,-10
"11876","LRRC75B",0.227953395700972,0.947290845298168,1.45434165068081,1,2361.27236619142,-10
"4666","LAT2",0.227973677053419,0.947290845298168,1.45421477290177,1,2361.27236619142,-0.359543590838849
"4544","JAZF1",0.227987772447986,0.947290845298168,1.4541266017542,1,2361.27236619142,0.259219433096084
"8408","HSP90AA1",0.228006435336988,0.947290845298168,1.45400986957675,1,2361.27236619142,-0.129160457945352
"8388","IFI27L2",0.228019987637264,0.947290845298168,1.45392511018895,1,2361.27236619142,-0.270881637212484
"998","RNASEL",0.228020751784562,0.947290845298168,1.4539203312061,1,2361.27236619142,0.370222717995076
"10103","JMJD6",0.228055183583952,0.947290845298168,1.45370501447407,1,2361.27236619142,0.479511688975467
"6558","UEVLD",0.228096224984036,0.947290845298168,1.45344841618646,1,2361.27236619142,0.295151783960134
"10228","PSMG2",0.228135884410245,0.947290845298168,1.45320051102978,1,2361.27236619142,-0.246157114412675
"2882","CPEB2",0.228180045780217,0.947290845298168,1.45292452591454,1,2361.27236619142,0.209926218654942
"12508","CLIC2",0.228196300270151,0.947290845298168,1.45282296016629,1,2361.27236619142,0.423106557883812
"7393","ATF1",0.228336471975511,0.947290845298168,1.45194746212443,1,2361.27236619142,0.284635705245024
"3893","ABT1",0.228391594558446,0.947290845298168,1.45160334933916,1,2361.27236619142,0.477532356835002
"7410","KRT8",0.228479682040794,0.947290845298168,1.45105365462235,1,2361.27236619142,-10
"11976","GCAT",0.228482275856467,0.947290845298168,1.4510374722304,1,2361.27236619142,-10
"5091","PEBP4",0.228483988546899,0.947290845298168,1.451026787156,1,2361.27236619142,-10
"6184","EIF5AL1",0.228485419934466,0.947290845298168,1.45101785713824,1,2361.27236619142,-10
"7941","FAM124A",0.22848614191831,0.947290845298168,1.45101335291302,1,2361.27236619142,-10
"7210","LRRC23",0.228840252346435,0.947290845298168,1.44880623455592,1,2361.27236619142,0.305418839229803
"4674","RCC1L",0.228903437420991,0.947290845298168,1.44841284359603,1,2361.27236619142,0.413275989199636
"3243","ENPP6",0.229024305906443,0.947290845298168,1.44766067929651,1,2361.27236619142,-10
"3107","RPL34",0.229108991829301,0.947290845298168,1.44713396376114,1,2361.27236619142,-0.12568394393127
"5006","SMARCD3",0.229266365555486,0.947290845298168,1.4461557791154,1,2361.27236619142,-0.813138044109927
"3360","IL6ST",0.229313617977043,0.947290845298168,1.44586223107814,1,2361.27236619142,0.256685390123938
"7300","RASSF8",0.229372602245886,0.947290845298168,1.44549590306832,1,2361.27236619142,0.544860109195022
"11293","ZNF749",0.229451253064169,0.947290845298168,1.44500761039864,1,2361.27236619142,-1.4809851746674
"6999","MMP7",0.229469359335564,0.947290845298168,1.44489522868403,1,2361.27236619142,1.10247394091308
"6153","DNAJC9",0.229476981261848,0.947290845298168,1.44484792422952,1,2361.27236619142,0.40270412852331
"8950","CLUAP1",0.229579419204682,0.947290845298168,1.44421234062546,1,2361.27236619142,-0.559524200575451
"375","TIE1",0.229631169439255,0.947290845298168,1.44389138246532,1,2361.27236619142,-10
"10618","ZNF763",0.229668856660392,0.947290845298168,1.44365769882899,1,2361.27236619142,0.617337181637337
"3798","RACK1",0.229688978805201,0.947290845298168,1.44353294824389,1,2361.27236619142,0.116218872968793
"10447","GIPC3",0.229758135209713,0.947290845298168,1.44310430199663,1,2361.27236619142,-10
"11909","MTMR3",0.229768107258111,0.947290845298168,1.44304250592543,1,2361.27236619142,0.192243381320748
"7141","NFRKB",0.22984214840569,0.947290845298168,1.44258377929371,1,2361.27236619142,-0.488657065456287
"10841","GRAMD1A",0.229843703562463,0.947290845298168,1.44257414613085,1,2361.27236619142,0.349102849102095
"11359","SIRPB1",0.229893950205914,0.947290845298168,1.44226294382626,1,2361.27236619142,-0.312255239541643
"3353","ARL15",0.229974966195386,0.947290845298168,1.44176134436119,1,2361.27236619142,0.108962509442287
"6498","TIMM10B",0.229986032892801,0.947290845298168,1.44169284294522,1,2361.27236619142,0.467982135348313
"2820","RNF212",0.23036654769947,0.947290845298168,1.4393399200538,1,2361.27236619142,-10
"3041","ABRAXAS1",0.230372916683649,0.947290845298168,1.43930057715746,1,2361.27236619142,-0.433883680874526
"4519","IL6",0.230379573361927,0.947290845298168,1.4392594585004,1,2361.27236619142,-10
"4670","GTF2I",0.230409184234458,0.947290845298168,1.4390765679181,1,2361.27236619142,-0.162760922967325
"4289","CEP85L",0.230420254452887,0.947290845298168,1.43900820035543,1,2361.27236619142,-0.310218563794781
"7059","PCSK7",0.230433443087377,0.947290845298168,1.43892675502804,1,2361.27236619142,-0.378444954525833
"8118","HECTD1",0.230457851563248,0.947290845298168,1.43877603731956,1,2361.27236619142,-0.190705861462449
"9985","PPM1D",0.230476480560688,0.947290845298168,1.43866101974518,1,2361.27236619142,-0.278418980526461
"3905","ZKSCAN3",0.230597588985791,0.947290845298168,1.43791355563301,1,2361.27236619142,0.762600719057669
"2083","BHLHE40",0.230703443949334,0.947290845298168,1.43726062136684,1,2361.27236619142,-0.688395821851478
"11127","FCGRT",0.230717303958588,0.947290845298168,1.43717515685208,1,2361.27236619142,-0.110886964803489
"4593","UBE2D4",0.230745641658095,0.947290845298168,1.4370004383083,1,2361.27236619142,0.449414150354504
"604","PRPF38B",0.230972209062285,0.947290845298168,1.43560444737157,1,2361.27236619142,0.204914543578991
"12503","FUNDC2",0.231178425960174,0.947290845298168,1.43433528100844,1,2361.27236619142,0.318840259841405
"3208","C4orf45",0.231270414248059,0.947290845298168,1.43376957758781,1,2361.27236619142,-10
"3589","MYOT",0.231340031172488,0.947290845298168,1.43334163254801,1,2361.27236619142,-10
"7411","EIF4B",0.231361077422507,0.947290845298168,1.4332122888764,1,2361.27236619142,0.200185381639572
"3253","ANKRD37",0.231565305409311,0.947290845298168,1.43195790450526,1,2361.27236619142,0.455582382481713
"763","RFX5",0.23159277874843,0.947290845298168,1.43178926298787,1,2361.27236619142,0.53422668850626
"10896","ZNF875",0.231702723966076,0.947290845298168,1.43111462017831,1,2361.27236619142,-0.631097670942268
"1900","PPIL3",0.232016153804855,0.947290845298168,1.42919347990054,1,2361.27236619142,0.330812831839569
"1101","G0S2",0.232044918121511,0.947290845298168,1.42901732857541,1,2361.27236619142,-0.665278660657737
"6524","SBF2",0.232091838906859,0.947290845298168,1.42873004446498,1,2361.27236619142,-0.127845929432087
"1836","PLEKHA3",0.232161164325133,0.947290845298168,1.42830571078669,1,2361.27236619142,0.307581560437718
"8257","RAD51B",0.23219060909982,0.947290845298168,1.42812552867678,1,2361.27236619142,0.163226151135768
"340","PPIE",0.23224523090215,0.947290845298168,1.42779135324579,1,2361.27236619142,-0.401440520347684
"10967","CYP2S1",0.232365887355809,0.947290845298168,1.42705351503404,1,2361.27236619142,-0.932271453984804
"5952","DIP2C",0.232735931379736,0.947290845298168,1.42479350520034,1,2361.27236619142,0.658068663535673
"10505","TNFSF14",0.232808806183697,0.947290845298168,1.42434894068405,1,2361.27236619142,-10
"9211","NUDT21",0.232923433286852,0.947290845298168,1.42365001112429,1,2361.27236619142,-0.428878756014497
"4922","TMEM140",0.233151434104288,0.947290845298168,1.42226102928884,1,2361.27236619142,0.253596568280906
"6646","C1QTNF4",0.233164846633247,0.947290845298168,1.42217937124283,1,2361.27236619142,-10
"1904","NDUFB3",0.233214244016907,0.947290845298168,1.42187867946014,1,2361.27236619142,0.239043072585036
"7566","ACSS3",0.233272737983858,0.947290845298168,1.42152271448967,1,2361.27236619142,-10
"3725","UBTD2",0.233333881992734,0.947290845298168,1.42115073801336,1,2361.27236619142,-0.437470842256084
"227","WASF2",0.233378087516722,0.947290845298168,1.4208818821033,1,2361.27236619142,0.127202425150993
"7516","SRGAP1",0.2334959119243,0.947290845298168,1.42016558025107,1,2361.27236619142,0.426443765360623
"7522","TBC1D30",0.233550373482263,0.947290845298168,1.41983463425133,1,2361.27236619142,0.469664408470721
"8104","CIDEB",0.233654484278637,0.947290845298168,1.41920224483221,1,2361.27236619142,0.608390200179993
"11756","MX1",0.233712482051183,0.947290845298168,1.41885010272859,1,2361.27236619142,-0.109706784076943
"9375","MBTPS1",0.233887385825537,0.947290845298168,1.41778878799755,1,2361.27236619142,0.210224672571403
"2859","MAN2B2",0.233914139344404,0.947290845298168,1.41762653249527,1,2361.27236619142,-0.402345043073539
"4384","ESR1",0.2339265392055,0.947290845298168,1.41755133707704,1,2361.27236619142,0.380194344743597
"4994","GIMAP5",0.234064220124137,0.947290845298168,1.41671673426002,1,2361.27236619142,-0.41876595734364
"8503","CCDC9B",0.234296675386381,0.947290845298168,1.41530896925653,1,2361.27236619142,0.810944593679115
"8907","NTHL1",0.234464301649719,0.947290845298168,1.41429486132336,1,2361.27236619142,-1.46394988359203
"2177","CMTM8",0.234496919103476,0.947290845298168,1.41409763371257,1,2361.27236619142,-1.17973559678841
"7083","TRAPPC4",0.23452725561505,0.947290845298168,1.41391422804434,1,2361.27236619142,-0.342051870441681
"754","SEMA6C",0.23458884465909,0.947290845298168,1.41354196700575,1,2361.27236619142,-10
"11244","GP6",0.234589905641566,0.947290845298168,1.41353555517361,1,2361.27236619142,-10
"8500","BUB1B",0.234591057972756,0.947290845298168,1.41352859133383,1,2361.27236619142,-10
"10855","ETV2",0.234594812752005,0.947290845298168,1.41350590050466,1,2361.27236619142,-10
"5453","DOCK8",0.234602121494871,0.947290845298168,1.41346173367291,1,2361.27236619142,0.108002998768031
"10395","DAZAP1",0.23464412021523,0.947290845298168,1.41320796711282,1,2361.27236619142,0.328563541560996
"633","CEPT1",0.234730112094402,0.947290845298168,1.41268855456876,1,2361.27236619142,-0.224669093964938
"5758","CNTRL",0.234759698121251,0.947290845298168,1.41250990078458,1,2361.27236619142,-0.284706231595237
"8375","LGMN",0.234853108466763,0.947290845298168,1.41194602575589,1,2361.27236619142,-0.141567245510506
"2787","FBXO45",0.234889562790136,0.947290845298168,1.41172604151695,1,2361.27236619142,-0.73273987757585
"12523","MT-ND2",0.235100190357721,0.947290845298168,1.41045581460837,1,2361.27236619142,0.0811369658014749
"5535","AL162231.1",0.235142826535603,0.947290845298168,1.41019885724456,1,2361.27236619142,-10
"11294","VN1R1",0.235146325504985,0.947290845298168,1.41017777235372,1,2361.27236619142,-10
"731","MRPS21",0.23518860494836,0.947290845298168,1.40992302522721,1,2361.27236619142,0.206076079018607
"9324","VAC14",0.23526037000702,0.947290845298168,1.40949074478471,1,2361.27236619142,-0.256232079801391
"12158","SH3KBP1",0.23528430857903,0.947290845298168,1.40934658510463,1,2361.27236619142,0.133094629919149
"3790","RNF130",0.235364237404361,0.947290845298168,1.4088653770041,1,2361.27236619142,0.0976541227853518
"10173","CCDC57",0.235392843687771,0.947290845298168,1.40869320217449,1,2361.27236619142,-0.373746920942669
"9920","KAT7",0.235430649908248,0.947290845298168,1.40846569384887,1,2361.27236619142,0.352047005323871
"135","NBPF1",0.235443892290709,0.947290845298168,1.40838601498497,1,2361.27236619142,-0.530570519469016
"5370","TG",0.235555481300917,0.947290845298168,1.40771480405754,1,2361.27236619142,0.530750998493066
"3397","CCDC125",0.235593977328115,0.947290845298168,1.40748333875034,1,2361.27236619142,0.355430293174784
"3745","FAF2",0.235692825302992,0.947290845298168,1.40688920468859,1,2361.27236619142,0.257587851263605
"454","DIO1",0.235699990356054,0.947290845298168,1.40684615026757,1,2361.27236619142,-10
"9073","ZKSCAN2",0.235839303392133,0.947290845298168,1.40600934065533,1,2361.27236619142,-1.48027465656547
"11406","BTBD3",0.23601313114223,0.947290845298168,1.40496605142921,1,2361.27236619142,0.466037359959831
"7400","POU6F1",0.236046258813105,0.947290845298168,1.40476732952403,1,2361.27236619142,-1.48095224935434
"3119","ALPK1",0.236095402675359,0.947290845298168,1.40447259404563,1,2361.27236619142,-0.23078313737295
"2566","EFCAB12",0.236253754357653,0.947290845298168,1.40352340090731,1,2361.27236619142,-10
"7233","CLEC4E",0.236280205852428,0.947290845298168,1.40336492026441,1,2361.27236619142,-0.825514645455238
"4109","XPO5",0.236295882882978,0.947290845298168,1.40327100355141,1,2361.27236619142,-0.531895331702968
"4915","LRGUK",0.236377708251688,0.947290845298168,1.40278093316023,1,2361.27236619142,0.600028535540406
"9089","SULT1A1",0.236411394434846,0.947290845298168,1.40257923883979,1,2361.27236619142,0.279526205191122
"12265","MAGED2",0.236485631349897,0.947290845298168,1.40213487201339,1,2361.27236619142,0.421510079985081
"8861","PIGQ",0.236545500098336,0.947290845298168,1.40177663321571,1,2361.27236619142,0.522709077987342
"12113","XG",0.236871190737903,0.947290845298168,1.39982971002487,1,2361.27236619142,2.77115704143207
"2491","ZBTB20",0.236954934087998,0.947290845298168,1.3993296310969,1,2361.27236619142,0.153022853226791
"10647","GCDH",0.236973585587436,0.947290845298168,1.3992182816231,1,2361.27236619142,-0.914773798671758
"11135","BCL2L12",0.237026954840924,0.947290845298168,1.39889972582409,1,2361.27236619142,-0.664285271467578
"4936","UBN2",0.237092792585054,0.947290845298168,1.39850686666375,1,2361.27236619142,0.274839526555208
"9528","ASGR2",0.237141775065927,0.947290845298168,1.39821467005507,1,2361.27236619142,-1.46191640553993
"159","PINK1",0.237185914917212,0.947290845298168,1.39795142402383,1,2361.27236619142,0.298551585899301
"5726","INIP",0.237403174791936,0.947290845298168,1.39665657155614,1,2361.27236619142,-0.355102012073197
"11116","LIN7B",0.237497292018835,0.947290845298168,1.39609608617149,1,2361.27236619142,-0.925216192936479
"12502","F8A1",0.237500203888748,0.947290845298168,1.39607874974884,1,2361.27236619142,0.64697807952368
"1600","AC092835.1",0.237501958169027,0.947290845298168,1.39606830540112,1,2361.27236619142,-1.46120951827249
"4698","TMEM60",0.23752732985307,0.947290845298168,1.3959172620734,1,2361.27236619142,-0.341488548231135
"8735","SNX33",0.237651390346903,0.947290845298168,1.39517898390148,1,2361.27236619142,0.571913729931058
"3962","LSM2",0.237718959868749,0.947290845298168,1.39477707754272,1,2361.27236619142,0.289242328409753
"5301","COX6C",0.237912664255781,0.947290845298168,1.39362568365792,1,2361.27236619142,-0.132110992524491
"12195","FUNDC1",0.238011453436666,0.947290845298168,1.39303891112764,1,2361.27236619142,0.42132489386488
"768","MRPL9",0.238046906826115,0.947290845298168,1.39282840270784,1,2361.27236619142,0.400100191895117
"3757","LMAN2",0.238055031845429,0.947290845298168,1.39278016486757,1,2361.27236619142,0.200367287601412
"699","ITGA10",0.238147273220039,0.947290845298168,1.39223267246097,1,2361.27236619142,1.21779568027384
"459","CYB5RL",0.238182577508196,0.947290845298168,1.39202319437584,1,2361.27236619142,0.899993819576201
"11488","MYH7B",0.238185967036557,0.947290845298168,1.3920030845838,1,2361.27236619142,-10
"5262","RIPK2",0.238285841506994,0.947290845298168,1.39141069348903,1,2361.27236619142,-0.349189370853297
"2370","PRKCD",0.238367570745615,0.947290845298168,1.39092615247143,1,2361.27236619142,0.331952950368534
"6075","ZFAND4",0.238404723005324,0.947290845298168,1.39070595779234,1,2361.27236619142,-0.556247332967906
"8824","HDDC3",0.238448840070519,0.947290845298168,1.39044453808887,1,2361.27236619142,-0.579633847676801
"6284","LZTS2",0.238460301339165,0.947290845298168,1.39037663290456,1,2361.27236619142,-0.478840419816787
"809","SHC1",0.23851270502439,0.947290845298168,1.3900662045004,1,2361.27236619142,-0.460862534895175
"9095","RABEP2",0.238807140251242,0.947290845298168,1.38832357096437,1,2361.27236619142,-0.546003059532602
"3753","NSD1",0.238841807172887,0.947290845298168,1.38811856432257,1,2361.27236619142,-0.182032391620948
"8031","TTC5",0.238949109686762,0.947290845298168,1.3874842481627,1,2361.27236619142,0.530382543038208
"1064","ZC3H11A",0.23896182948261,0.947290845298168,1.38740907834534,1,2361.27236619142,1.45971028472455
"5304","RNF19A",0.238989351708473,0.947290845298168,1.38724644766306,1,2361.27236619142,-0.191353568630399
"6028","KIAA1217",0.239025419853247,0.947290845298168,1.38703335301645,1,2361.27236619142,1.33085347255964
"3086","SLC39A8",0.239077133132561,0.947290845298168,1.38672789331064,1,2361.27236619142,0.247970840831714
"5864","MED27",0.239118343546701,0.947290845298168,1.38648452934009,1,2361.27236619142,0.290323819020801
"1873","SLC39A10",0.239247883448644,0.947290845298168,1.38571987617958,1,2361.27236619142,0.302119730429353
"11983","PLA2G6",0.239274384263311,0.947290845298168,1.38556350812934,1,2361.27236619142,-1.4835100714118
"10106","MFSD11",0.239380595416842,0.947290845298168,1.38493702038268,1,2361.27236619142,0.282457005717277
"10192","COLEC12",0.239513537902882,0.947290845298168,1.38415333344294,1,2361.27236619142,0.330995308561135
"160","DDOST",0.239539436875814,0.947290845298168,1.38400072228421,1,2361.27236619142,0.295644988104481
"6011","MRC1",0.239545571783059,0.947290845298168,1.38396457493532,1,2361.27236619142,0.208203177629275
"7174","CCND2",0.239557056305245,0.947290845298168,1.38389691026544,1,2361.27236619142,-0.932563539262928
"6951","TENM4",0.239643201331706,0.947290845298168,1.38338948546591,1,2361.27236619142,0.968247183254075
"6662","YPEL4",0.239666109018555,0.947290845298168,1.38325458837451,1,2361.27236619142,0.483128776285351
"8150","PRPF39",0.239696928666397,0.947290845298168,1.3830731246397,1,2361.27236619142,-0.476509408920201
"11450","NANP",0.239765955244283,0.947290845298168,1.38266680430058,1,2361.27236619142,0.658106654654877
"12191","CASK",0.239775660083941,0.947290845298168,1.38260968881295,1,2361.27236619142,0.261117002677718
"453","YIPF1",0.239819459508359,0.947290845298168,1.3823519528497,1,2361.27236619142,-0.439377964201998
"10464","SH3GL1",0.239941957683177,0.947290845298168,1.38163142098891,1,2361.27236619142,-0.249539790273974
"818","MUC1",0.239985745629324,0.947290845298168,1.3813739696576,1,2361.27236619142,1.45160678275035
"9549","ZBTB4",0.240057745864247,0.947290845298168,1.38095076826384,1,2361.27236619142,0.232100544819319
"7234","RIMKLB",0.240136157957914,0.947290845298168,1.38049005493706,1,2361.27236619142,-0.576096536943847
"2466","BBX",0.24015591225002,0.947290845298168,1.38037401667058,1,2361.27236619142,0.154351339401839
"8778","HOMER2",0.240366356873961,0.947290845298168,1.37913856849126,1,2361.27236619142,-0.752109153814119
"2609","NMNAT3",0.240435938485171,0.947290845298168,1.37873036811794,1,2361.27236619142,-0.764578782099647
"7580","NUDT4",0.240500584770926,0.947290845298168,1.37835124957546,1,2361.27236619142,0.376970990783653
"1743","KYNU",0.240697627102292,0.947290845298168,1.37719645800648,1,2361.27236619142,-0.155972931358943
"6985","CWC15",0.240719067034764,0.947290845298168,1.37707087595013,1,2361.27236619142,0.218200765378012
"6950","NARS2",0.240785075902954,0.947290845298168,1.37668432167169,1,2361.27236619142,0.402987303581609
"3939","HLA-C",0.2410687306517,0.947290845298168,1.37502467870882,1,2361.27236619142,0.0907599363379963
"7785","TMED2",0.241096410706186,0.947290845298168,1.37486285204449,1,2361.27236619142,0.243428233496469
"2388","PDE12",0.241109508139774,0.947290845298168,1.37478628803956,1,2361.27236619142,-0.534472510529517
"6482","OR52K1",0.24112558076055,0.947290845298168,1.37469233882387,1,2361.27236619142,-1.48153196535638
"9311","NFAT5",0.241151783953637,0.947290845298168,1.37453918976315,1,2361.27236619142,0.165541270206287
"6870","GAL",0.241192299817419,0.947290845298168,1.37430242771098,1,2361.27236619142,1.09643694215139
"3861","ATXN1",0.241208795599915,0.947290845298168,1.37420604537848,1,2361.27236619142,0.131710261974693
"10122","LGALS3BP",0.241214405923749,0.947290845298168,1.37417326694345,1,2361.27236619142,0.165493688260572
"1003","SMG7",0.241331273538833,0.947290845298168,1.37349067639288,1,2361.27236619142,-0.224958407157868
"2233","ZNF445",0.241412241998858,0.947290845298168,1.37301799855266,1,2361.27236619142,-0.618819090454208
"7379","FMNL3",0.24150360703241,0.947290845298168,1.3724848593052,1,2361.27236619142,0.299235091240094
"5140","ERLIN2",0.241566819932021,0.947290845298168,1.37211613895541,1,2361.27236619142,0.437705709140912
"11867","MIF",0.241597842338351,0.947290845298168,1.37193522847672,1,2361.27236619142,-0.157239477494044
"2412","UBA3",0.241605500969908,0.947290845298168,1.37189057070179,1,2361.27236619142,0.232548181130908
"3803","FOXC1",0.241647073816179,0.947290845298168,1.37164818790955,1,2361.27236619142,-10
"10079","UNK",0.24197437859034,0.947290845298168,1.3697416700718,1,2361.27236619142,0.232940416898933
"2265","PTPN23",0.24206275400745,0.947290845298168,1.36922743055427,1,2361.27236619142,0.45291230695732
"3549","RAPGEF6",0.242213103658107,0.947290845298168,1.36835310024843,1,2361.27236619142,0.208064052843407
"696","NUDT17",0.242445580330497,0.947290845298168,1.36700247650818,1,2361.27236619142,1.00589727637173
"4124","SUPT3H",0.242482421131418,0.947290845298168,1.3667885867345,1,2361.27236619142,-0.343637840276954
"7007","CARD18",0.242492060529054,0.947290845298168,1.36673262899976,1,2361.27236619142,-10
"7848","MTMR6",0.242524089336474,0.947290845298168,1.36654671781181,1,2361.27236619142,-0.214086712384179
"7818","GOLGA3",0.242601571578715,0.947290845298168,1.36609709592142,1,2361.27236619142,0.296190937454944
"12136","GPM6B",0.242615349355512,0.947290845298168,1.36601716315497,1,2361.27236619142,-10
"1955","TMEM169",0.242618169656126,0.947290845298168,1.36600080165958,1,2361.27236619142,-10
"1129","TGFB2",0.242640628376067,0.947290845298168,1.36587051947971,1,2361.27236619142,-1.47472408239891
"5090","EGR3",0.242761090625692,0.947290845298168,1.36517197331602,1,2361.27236619142,-10
"2645","SELENOT",0.242780560750181,0.947290845298168,1.3650591080603,1,2361.27236619142,-0.182692853412169
"10008","TEX2",0.242939686064465,0.947290845298168,1.3641370969937,1,2361.27236619142,-0.414264163265312
"8181","TXNDC16",0.243055841262232,0.947290845298168,1.36346453007208,1,2361.27236619142,-0.653494995267889
"245","TRNAU1AP",0.24310469501964,0.947290845298168,1.36318177196943,1,2361.27236619142,0.323250301401504
"8369","TRIP11",0.243191931293261,0.947290845298168,1.36267703399849,1,2361.27236619142,-0.211716928742322
"4038","RPL10A",0.243381375614056,0.947290845298168,1.36158169325627,1,2361.27236619142,0.186555088926056
"10108","SEPTIN9",0.243381417258433,0.947290845298168,1.36158145258859,1,2361.27236619142,0.145740413046374
"150","SLC66A1",0.243466476883341,0.947290845298168,1.36108998796294,1,2361.27236619142,-0.653749140631808
"10318","ATP8B1",0.243490613994495,0.947290845298168,1.36095056468618,1,2361.27236619142,-0.473825763402049
"8874","CIAO3",0.243535786352375,0.947290845298168,1.36068968073594,1,2361.27236619142,-0.789732918160874
"5008","RHEB",0.243537936570707,0.947290845298168,1.36067726405024,1,2361.27236619142,-0.185144433807883
"131","FBXO42",0.24362119938621,0.947290845298168,1.36019655607006,1,2361.27236619142,-0.203085412166543
"10431","ZNF554",0.244137567773683,0.947290845298168,1.35721983396994,1,2361.27236619142,1.00012644724591
"6624","MDK",0.244305286127701,0.947290845298168,1.35625463636664,1,2361.27236619142,-0.516572256023943
"10402","TCF3",0.244348968505802,0.947290845298168,1.35600338264149,1,2361.27236619142,0.491678259764004
"1660","GCC2",0.244363117717284,0.947290845298168,1.35592201050225,1,2361.27236619142,0.172215093511214
"993","STX6",0.244507409778484,0.947290845298168,1.35509251489114,1,2361.27236619142,0.200193947795011
"2050","TRAF3IP1",0.244601806521959,0.947290845298168,1.35455017713118,1,2361.27236619142,-0.464057117803204
"12115","PRKX",0.24461935600362,0.947290845298168,1.35444937823729,1,2361.27236619142,0.229035340633739
"7838","SAP18",0.244866861126287,0.947290845298168,1.35302872373536,1,2361.27236619142,-0.155104650685682
"687","FAM72B",0.24499450676105,0.947290845298168,1.35229673588435,1,2361.27236619142,0.616435277852564
"5045","MSRA",0.245141468186602,0.947290845298168,1.35145455771161,1,2361.27236619142,-0.261167618757853
"5756","TRAF1",0.245311914610543,0.947290845298168,1.35047856838825,1,2361.27236619142,0.981369139486224
"8472","ARHGAP11A",0.245494362196989,0.947290845298168,1.34943477715386,1,2361.27236619142,-1.0794312491097
"9275","ACD",0.245502916693075,0.947290845298168,1.34938585974419,1,2361.27236619142,-1.06594051152342
"1690","DPP10",0.245573881798976,0.947290845298168,1.34898013832674,1,2361.27236619142,-10
"12457","TMEM185A",0.245839589740116,0.947290845298168,1.34746230562254,1,2361.27236619142,-0.608498240271795
"12147","SYAP1",0.245886399037732,0.947290845298168,1.3471951194592,1,2361.27236619142,-0.289803106000568
"2357","STAB1",0.245904927342558,0.947290845298168,1.34708937758857,1,2361.27236619142,0.134625187212064
"10140","PVALEF",0.245919933430249,0.947290845298168,1.34700374430793,1,2361.27236619142,-10
"11999","APOBEC3G",0.246074445676643,0.947290845298168,1.34612238080116,1,2361.27236619142,-0.283317201962364
"7078","CXCR5",0.246280059442573,0.947290845298168,1.34495057448092,1,2361.27236619142,0.697101709926766
"4357","STX11",0.246360293210149,0.947290845298168,1.34449364142366,1,2361.27236619142,-0.228889535707776
"12231","OTUD5",0.246417750524447,0.947290845298168,1.34416653257721,1,2361.27236619142,0.290628133442146
"2611","PXYLP1",0.24643293519125,0.947290845298168,1.34408010070089,1,2361.27236619142,1.18544134709954
"11635","PRELID3B",0.246471874096071,0.947290845298168,1.34385848828846,1,2361.27236619142,0.381354078757253
"3770","NHP2",0.246651857323697,0.947290845298168,1.34283470853775,1,2361.27236619142,-0.569040616285929
"8712","PML",0.246684994849379,0.947290845298168,1.34264631542958,1,2361.27236619142,-0.19613942065419
"1542","WBP1",0.246758303033093,0.947290845298168,1.34222965450087,1,2361.27236619142,0.420493826494145
"8051","SUPT16H",0.246891346304359,0.947290845298168,1.34147386457227,1,2361.27236619142,-0.277937858654756
"10525","TRAPPC5",0.247036684617645,0.947290845298168,1.34064879848842,1,2361.27236619142,-0.143248946709437
"11197","ZNF611",0.247110321064287,0.947290845298168,1.34023100094465,1,2361.27236619142,-0.319451236098893
"8610","PIGB",0.247219607068549,0.947290845298168,1.33961121616626,1,2361.27236619142,-0.497060795379356
"5929","MAN1B1",0.247316700782604,0.947290845298168,1.33906085775473,1,2361.27236619142,0.324598291957793
"10284","PSTPIP2",0.247344402071255,0.947290845298168,1.33890388642454,1,2361.27236619142,0.282266648929775
"3438","LHFPL2",0.247386336567501,0.947290845298168,1.33866630254604,1,2361.27236619142,0.15080825166905
"12326","PGK1",0.247396713326474,0.947290845298168,1.33860751963916,1,2361.27236619142,0.151282458002166
"2537","HEG1",0.247526912168757,0.947290845298168,1.33787021758809,1,2361.27236619142,-0.575516485588934
"3812","BPHL",0.247696584116226,0.947290845298168,1.33691009579108,1,2361.27236619142,-0.780695557192036
"3835","EEF1E1",0.247716070518271,0.947290845298168,1.33679987973768,1,2361.27236619142,0.467432808032155
"8343","GTF2A1",0.24773741330911,0.947290845298168,1.33667917603795,1,2361.27236619142,-0.314932722058091
"2122","RPL32",0.247849335493666,0.947290845298168,1.33604641090233,1,2361.27236619142,-0.104250027533792
"8027","RASA3",0.248020526550562,0.947290845298168,1.33507923890503,1,2361.27236619142,0.310710732693597
"1927","PARD3B",0.248078429182436,0.947290845298168,1.33475229349571,1,2361.27236619142,-0.733156752225496
"1925","CD28",0.248252356677157,0.947290845298168,1.33377077910273,1,2361.27236619142,-0.789282945619241
"7102","SC5D",0.248297921654103,0.947290845298168,1.33351378429603,1,2361.27236619142,0.465263154983021
"5573","BX664615.2",0.248390284373761,0.947290845298168,1.33299301887307,1,2361.27236619142,1.43564099100115
"12331","SH3BGRL",0.248431297577332,0.947290845298168,1.33276185165035,1,2361.27236619142,-0.103095623125076
"3918","RPP21",0.248453392293261,0.947290845298168,1.332637336156,1,2361.27236619142,-0.417185615789544
"9080","GSG1L",0.248493676812985,0.947290845298168,1.332410346343,1,2361.27236619142,-10
"4889","SND1",0.248686579150719,0.947290845298168,1.3313240306792,1,2361.27236619142,0.164382488245843
"7202","MLF2",0.248706837875799,0.947290845298168,1.33121000504322,1,2361.27236619142,-0.250427507633807
"11289","ZNF547",0.248763320540221,0.947290845298168,1.33089215413494,1,2361.27236619142,-1.42927210684892
"2181","CNOT10",0.248821396731251,0.947290845298168,1.33056542802058,1,2361.27236619142,-0.380809583512201
"3624","HARS2",0.248822059545284,0.947290845298168,1.33056169968854,1,2361.27236619142,0.491858949544564
"1769","ACVR1",0.248963852752147,0.947290845298168,1.32976439197213,1,2361.27236619142,-0.276183255085124
"11202","ZNF888",0.248981642219726,0.947290845298168,1.32966440052785,1,2361.27236619142,-0.898647476868531
"1903","FAM126B",0.249004635847986,0.947290845298168,1.32953517039353,1,2361.27236619142,-0.28989648836503
"1259","EIPR1",0.249031038372825,0.947290845298168,1.32938679942082,1,2361.27236619142,0.372362379928579
"1635","MRPL30",0.249141173032964,0.947290845298168,1.32876809735378,1,2361.27236619142,-0.895021975455848
"5882","STKLD1",0.24918975286741,0.947290845298168,1.32849529760419,1,2361.27236619142,-10
"4617","COBL",0.249282941096127,0.947290845298168,1.32797218216732,1,2361.27236619142,1.44368501809522
"7683","CUX2",0.249310898738856,0.947290845298168,1.32781528770304,1,2361.27236619142,-1.48483788559672
"7627","NFYB",0.249329082290525,0.947290845298168,1.32771325567839,1,2361.27236619142,-0.42704604080338
"727","ANP32E",0.249347867080328,0.947290845298168,1.32760785955218,1,2361.27236619142,-0.313307201231086
"6980","MRE11",0.249351162922632,0.947290845298168,1.32758936852008,1,2361.27236619142,-0.368599363727614
"7237","KLRG1",0.24941414695603,0.947290845298168,1.32723605974471,1,2361.27236619142,0.555690711903031
"3223","CLCN3",0.249431090845286,0.947290845298168,1.32714103171665,1,2361.27236619142,0.232989630344757
"2498","TIMMDC1",0.249439182111209,0.947290845298168,1.327095655492,1,2361.27236619142,-0.279378620370974
"7151","ACAD8",0.249455743148477,0.947290845298168,1.32700278599338,1,2361.27236619142,0.517014502925236
"9355","SYCE1L",0.249465284199098,0.947290845298168,1.3269492859787,1,2361.27236619142,-1.44520534183512
"2933","RHOH",0.249525182842175,0.947290845298168,1.32661347061345,1,2361.27236619142,-0.66797536826657
"835","KHDC4",0.249624113676027,0.947290845298168,1.32605904186866,1,2361.27236619142,-0.418133645791649
"10830","LSM14A",0.249724073109698,0.947290845298168,1.32549912230237,1,2361.27236619142,0.169695464188579
"3915","TRIM31",0.249778111385446,0.947290845298168,1.3251965431042,1,2361.27236619142,-10
"9174","ZNF843",0.24978234746917,0.947290845298168,1.32517282718472,1,2361.27236619142,-10
"8537","SNAP23",0.249818563281212,0.947290845298168,1.32497009134914,1,2361.27236619142,0.227007735363912
"7346","ANO6",0.250007282301324,0.947290845298168,1.3239142269118,1,2361.27236619142,-0.17312669183984
"11241","FCAR",0.250048849036854,0.947290845298168,1.3236817965081,1,2361.27236619142,-0.706270009005527
"1398","HNRNPLL",0.250132723479786,0.947290845298168,1.32321293669782,1,2361.27236619142,0.18936274671505
"6717","GANAB",0.250156247318336,0.947290845298168,1.32308147261162,1,2361.27236619142,0.274479893088758
"10625","ZNF563",0.250200663692065,0.947290845298168,1.32283329096249,1,2361.27236619142,-1.08477878078338
"8775","AP3B2",0.250372256107529,0.947290845298168,1.32187500609483,1,2361.27236619142,-10
"4609","ADCY1",0.250374556964813,0.947290845298168,1.32186216207207,1,2361.27236619142,-0.985769831214739
"6012","SLC39A12",0.250376475295995,0.947290845298168,1.32185145352673,1,2361.27236619142,-10
"1768","ACVR1C",0.250409336961585,0.947290845298168,1.32166802813989,1,2361.27236619142,-10
"6719","C11orf98",0.250410053736149,0.947290845298168,1.32166402761742,1,2361.27236619142,0.975070289351176
"9365","GCSH",0.250570279105094,0.947290845298168,1.32077011690231,1,2361.27236619142,-0.711177310063535
"5831","TBC1D13",0.250685478303668,0.947290845298168,1.32012784446336,1,2361.27236619142,-0.545539626702301
"10605","PRKCSH",0.250898893001739,0.947290845298168,1.31893894610948,1,2361.27236619142,0.282687963924698
"12220","EBP",0.25099111289274,0.947290845298168,1.31842558836175,1,2361.27236619142,-0.700381682630663
"2679","WDR49",0.251084035353133,0.947290845298168,1.31790855388384,1,2361.27236619142,-10
"3655","AFAP1L1",0.251161037948898,0.947290845298168,1.31748027794797,1,2361.27236619142,0.97667626546717
"5724","HSDL2",0.251347281828262,0.947290845298168,1.31644508618329,1,2361.27236619142,-0.202018915940543
"6586","DEPDC7",0.251418908340063,0.947290845298168,1.31604721831264,1,2361.27236619142,1.41237719177343
"9694","TIAF1",0.251421958654019,0.947290845298168,1.31603027765123,1,2361.27236619142,1.41237719188446
"5424","BOP1",0.251709956989029,0.947290845298168,1.31443194528338,1,2361.27236619142,-1.4151299991106
"11615","CSTF1",0.251840518594222,0.947290845298168,1.31370809498112,1,2361.27236619142,-0.520871097585676
"3588","HNRNPA0",0.251892716937771,0.947290845298168,1.31341882970567,1,2361.27236619142,-0.269438289209427
"2950","NIPAL1",0.251906941319876,0.947290845298168,1.31334001584385,1,2361.27236619142,-10
"5123","DUSP4",0.251926015077873,0.947290845298168,1.31323434134754,1,2361.27236619142,-0.440048248319126
"3003","RCHY1",0.251936085805209,0.947290845298168,1.3131785503819,1,2361.27236619142,-0.335728444768504
"118","EFHD2",0.251972172509865,0.947290845298168,1.31297865564138,1,2361.27236619142,-0.164442707266212
"9467","RAP1GAP2",0.252072164761278,0.947290845298168,1.31242495330879,1,2361.27236619142,0.299661093875994
"602","FAM102B",0.252102119119452,0.947290845298168,1.31225913503124,1,2361.27236619142,0.204127293430385
"10151","OXLD1",0.252165826774025,0.947290845298168,1.31190654922519,1,2361.27236619142,-0.373873910545118
"7589","NR2C1",0.252190175696273,0.947290845298168,1.31177182064834,1,2361.27236619142,0.307740601851977
"8750","IDH3A",0.252283336719622,0.947290845298168,1.31125648540341,1,2361.27236619142,0.46414180328849
"8012","ARHGEF7",0.252332753416556,0.947290845298168,1.31098322392787,1,2361.27236619142,-0.254970230811269
"2898","KCNIP4",0.252408218237182,0.947290845298168,1.3105660500539,1,2361.27236619142,1.40495706165767
"2441","RIOX2",0.252782200540146,0.947290845298168,1.30850091555484,1,2361.27236619142,0.678764093399885
"1303","WDCP",0.252879149164712,0.947290845298168,1.30796617747081,1,2361.27236619142,0.86361393266722
"5324","EIF3E",0.252989431081501,0.947290845298168,1.30735820367892,1,2361.27236619142,0.186360609120811
"8888","TELO2",0.253155021422521,0.947290845298168,1.30644593188754,1,2361.27236619142,0.613681078618561
"177","ZNF436",0.253157816701936,0.947290845298168,1.30643053841151,1,2361.27236619142,0.968844300351763
"3971","NELFE",0.253179802580775,0.947290845298168,1.30630947047283,1,2361.27236619142,0.328145370984668
"9755","MRM1",0.253335248741007,0.947290845298168,1.3054538560706,1,2361.27236619142,0.967013277080726
"8324","ANGEL1",0.253342065434043,0.947290845298168,1.30541635008228,1,2361.27236619142,0.230243091533173
"12447","MAP7D3",0.253346148089475,0.947290845298168,1.30539388758143,1,2361.27236619142,0.571319979107095
"12276","SPIN3",0.253385878158144,0.947290845298168,1.30517531862483,1,2361.27236619142,0.617315032606526
"1102","TRAF3IP3",0.253394084133362,0.947290845298168,1.30513017995043,1,2361.27236619142,-0.403323137788992
"3683","G3BP1",0.253398593077709,0.947290845298168,1.30510537832958,1,2361.27236619142,0.209635838945967
"8268","SMOC1",0.253479309777739,0.947290845298168,1.30466148490953,1,2361.27236619142,-10
"8958","CORO7",0.253529808863778,0.947290845298168,1.30438385870297,1,2361.27236619142,-0.254458362225924
"11751","LCA5L",0.253541172294043,0.947290845298168,1.3043213959435,1,2361.27236619142,-10
"11586","PREX1",0.253583817875151,0.947290845298168,1.30408701148315,1,2361.27236619142,0.163999765796858
"3922","ABCF1",0.253614928547912,0.947290845298168,1.30391605466322,1,2361.27236619142,-0.293192152156874
"20","AURKAIP1",0.253794436080143,0.947290845298168,1.30293014357153,1,2361.27236619142,-0.200119260122205
"4437","FAM20C",0.253803330147262,0.947290845298168,1.3028813169183,1,2361.27236619142,0.121980178556432
"9102","NPIPB12",0.253877393770238,0.947290845298168,1.30247480421194,1,2361.27236619142,-10
"12336","RPA4",0.253905309687376,0.947290845298168,1.30232162012184,1,2361.27236619142,-10
"10081","WBP2",0.25393421890527,0.947290845298168,1.30216300731145,1,2361.27236619142,-0.219798011970985
"6755","PLCB3",0.25403540776134,0.947290845298168,1.30160800138245,1,2361.27236619142,0.427249366689781
"641","ADORA3",0.254109532968874,0.947290845298168,1.301201608307,1,2361.27236619142,-0.302912646207404
"11504","PHF20",0.254141202436785,0.947290845298168,1.30102802426678,1,2361.27236619142,0.190136801270056
"8646","CIAO2A",0.254383320935695,0.947290845298168,1.29970182445918,1,2361.27236619142,-0.189596641381094
"1396","CYP1B1",0.254752062879765,0.947290845298168,1.29768503172927,1,2361.27236619142,0.194214709300846
"4171","SLC17A5",0.254817951470171,0.947290845298168,1.29732504026718,1,2361.27236619142,0.175581690916218
"6241","ZNF518A",0.255047498209252,0.947290845298168,1.2960717752673,1,2361.27236619142,0.212912009266439
"11421","ZNF133",0.255081943896051,0.947290845298168,1.29588383082091,1,2361.27236619142,0.398395482266032
"3318","CPLANE1",0.25509119516576,0.947290845298168,1.29583335886505,1,2361.27236619142,0.24295078837304
"1062","BTG2",0.255118803185461,0.947290845298168,1.29568275179119,1,2361.27236619142,0.329778822454026
"11224","MBOAT7",0.255157819425484,0.947290845298168,1.29546994493153,1,2361.27236619142,0.28109366841189
"8976","EEF2KMT",0.255176021839425,0.947290845298168,1.29537067695657,1,2361.27236619142,-1.41001874240445
"7772","VPS37B",0.255240072620498,0.947290845298168,1.29502144150724,1,2361.27236619142,-0.433677566752768
"9055","CDR2",0.255278565930836,0.947290845298168,1.29481160957007,1,2361.27236619142,-0.277561829019782
"1392","PRKD3",0.255320670953271,0.947290845298168,1.29458213439839,1,2361.27236619142,0.258974636590604
"10944","ZNF546",0.25540316602099,0.947290845298168,1.29413266603271,1,2361.27236619142,0.504954754819635
"12263","TSR2",0.255440244418901,0.947290845298168,1.29393070539098,1,2361.27236619142,0.350096962100953
"11159","CTU1",0.255698254295388,0.947290845298168,1.29252636341352,1,2361.27236619142,-0.561529845656268
"5447","COMMD5",0.255710547387079,0.947290845298168,1.29245949601299,1,2361.27236619142,0.318521859935478
"3974","STK19",0.255832471031101,0.947290845298168,1.29179651560511,1,2361.27236619142,0.48801334785323
"10640","GET3",0.255834642667365,0.947290845298168,1.29178471049909,1,2361.27236619142,-0.324212099184021
"11444","ACSS1",0.255929036922637,0.947290845298168,1.29127169879117,1,2361.27236619142,0.621725180318008
"7350","PCED1B",0.256018241714388,0.947290845298168,1.2907871051452,1,2361.27236619142,-1.1629873625363
"11083","NAPA",0.256117561957607,0.947290845298168,1.29024780563497,1,2361.27236619142,-0.171185108040397
"9453","SERPINF2",0.256651173028957,0.947290845298168,1.28735475959106,1,2361.27236619142,-1.4032651428482
"9021","NOMO3",0.256656947321952,0.947290845298168,1.2873234940797,1,2361.27236619142,-1.04335155040109
"9282","THAP11",0.25673854515612,0.947290845298168,1.28688176691967,1,2361.27236619142,0.399723490185463
"3511","MCC",0.25675418803658,0.947290845298168,1.28679710450546,1,2361.27236619142,-1.19612696990164
"10115","SOCS3",0.256897073618788,0.947290845298168,1.2860240736485,1,2361.27236619142,-0.373663609575213
"3842","MAK",0.256927442129744,0.947290845298168,1.28585984418984,1,2361.27236619142,0.609354309455777
"2150","TBC1D5",0.256941726238455,0.947290845298168,1.28578260564052,1,2361.27236619142,0.1158814374306
"10259","B4GALT6",0.257050951245385,0.947290845298168,1.2851921678218,1,2361.27236619142,-10
"9775","LINC00672",0.257187414431362,0.947290845298168,1.28445492375082,1,2361.27236619142,-1.44025756565631
"3400","RAD17",0.257191590074731,0.947290845298168,1.28443237240355,1,2361.27236619142,-0.412524092324907
"7040","TEX12",0.257208321252569,0.947290845298168,1.28434201706714,1,2361.27236619142,-10
"2766","ATP13A4",0.257208813861558,0.947290845298168,1.28433935688323,1,2361.27236619142,-10
"6120","TET1",0.257214902069967,0.947290845298168,1.28430647989853,1,2361.27236619142,-10
"5555","GLIPR2",0.257470932797299,0.947290845298168,1.28292475580311,1,2361.27236619142,-0.182625822578839
"1119","SPATA45",0.25762275864775,0.947290845298168,1.2821061969025,1,2361.27236619142,-10
"8659","UBAP1L",0.257633039436458,0.947290845298168,1.28205079026668,1,2361.27236619142,-0.894631747055501
"11927","RNF185",0.257816192797869,0.947290845298168,1.28106417271522,1,2361.27236619142,-0.363731027364468
"2156","SGO1",0.257827400443996,0.947290845298168,1.28100382706146,1,2361.27236619142,-10
"8759","MINAR1",0.257832729596745,0.947290845298168,1.28097513428712,1,2361.27236619142,-10
"8328","TMEM63C",0.257834593750569,0.947290845298168,1.28096509764051,1,2361.27236619142,-10
"231","FAM76A",0.257840366930495,0.947290845298168,1.28093401527732,1,2361.27236619142,-0.45025854857642
"9885","LRRC37A2",0.25788710677271,0.947290845298168,1.28068240317498,1,2361.27236619142,0.379127572908041
"4095","MEA1",0.25788986643899,0.947290845298168,1.28066754897263,1,2361.27236619142,-0.346608476132348
"10991","MEGF8",0.257915882704242,0.947290845298168,1.28052752326526,1,2361.27236619142,0.485224005856616
"5974","ATP5F1C",0.257921718148618,0.947290845298168,1.28049611791714,1,2361.27236619142,-0.187532613288289
"2090","LHFPL4",0.257989326281522,0.947290845298168,1.28013232670481,1,2361.27236619142,-10
"9887","NSF",0.258007107212913,0.947290845298168,1.28003666922684,1,2361.27236619142,-0.221558332212602
"7226","SLC2A3",0.258131684591767,0.947290845298168,1.27936669895118,1,2361.27236619142,-0.30586547703825
"8322","ESRRB",0.258215086898068,0.947290845298168,1.27891838927677,1,2361.27236619142,0.751188045206633
"10277","TPGS2",0.258284341619635,0.947290845298168,1.27854626267032,1,2361.27236619142,0.300176683123624
"8415","RCOR1",0.258377808321363,0.947290845298168,1.27804423331074,1,2361.27236619142,0.178635356273494
"9119","AC093512.2",0.258454648553051,0.947290845298168,1.27763167638485,1,2361.27236619142,-10
"1414","OXER1",0.258455459846435,0.947290845298168,1.27762732134165,1,2361.27236619142,-10
"11757","PRDM15",0.258610678813182,0.947290845298168,1.27679441292498,1,2361.27236619142,-0.787406490174176
"11884","SRRD",0.258784424065509,0.947290845298168,1.27586282510627,1,2361.27236619142,-0.526223158945549
"5333","RAD21",0.258832159812294,0.947290845298168,1.27560701090261,1,2361.27236619142,-0.238217996331052
"1292","TTC32",0.258952178300203,0.947290845298168,1.27496409375624,1,2361.27236619142,-0.771789241127952
"40","PANK4",0.258978251581407,0.947290845298168,1.27482447268432,1,2361.27236619142,-1.4003717447093
"1228","CHML",0.258991815533552,0.947290845298168,1.27475184529886,1,2361.27236619142,-0.657619914438269
"8755","MORF4L1",0.259002229070089,0.947290845298168,1.27469608982202,1,2361.27236619142,-0.123553149611258
"4629","ZNF736",0.259020316391005,0.947290845298168,1.27459925446217,1,2361.27236619142,0.292989251455638
"3773","COL23A1",0.259043302282157,0.947290845298168,1.27447620535384,1,2361.27236619142,0.15023234280547
"5456","VLDLR",0.25907103904059,0.947290845298168,1.27432774167327,1,2361.27236619142,-10
"3671","SMIM3",0.259181650039188,0.947290845298168,1.27373588115045,1,2361.27236619142,-0.2667645854961
"7034","DLAT",0.259285725631364,0.947290845298168,1.27317927579815,1,2361.27236619142,0.378200374257372
"11953","TXN2",0.259575962923956,0.947290845298168,1.27162852098827,1,2361.27236619142,-0.248002241245266
"3146","LARP1B",0.259591573515715,0.947290845298168,1.2715451735118,1,2361.27236619142,0.381467121350572
"7006","CARD16",0.259591869645483,0.947290845298168,1.271543592487,1,2361.27236619142,-0.163321752951931
"11636","SYCP2",0.259805553466522,0.947290845298168,1.27040332497525,1,2361.27236619142,-10
"7836","XPO4",0.25983627639907,0.947290845298168,1.27023947559895,1,2361.27236619142,-0.30652578951627
"260","FABP3",0.25986820711313,0.947290845298168,1.27006921038615,1,2361.27236619142,0.481454567770581
"6177","KCNMA1",0.260000317123087,0.947290845298168,1.26936503098144,1,2361.27236619142,0.240212869310138
"690","SRGAP2B",0.260075457504662,0.947290845298168,1.26896471159304,1,2361.27236619142,0.190035832266801
"12126","ARHGAP6",0.260449168524386,0.947290845298168,1.2669758470793,1,2361.27236619142,-0.227221530235732
"9404","SNAI3",0.260476695340772,0.947290845298168,1.26682949104071,1,2361.27236619142,0.667960423513955
"7828","MPHOSPH8",0.26049487698981,0.947290845298168,1.26673283239161,1,2361.27236619142,0.171193028096493
"8254","RDH11",0.260526217480653,0.947290845298168,1.26656623733858,1,2361.27236619142,-0.293306855627428
"2915","PGM2",0.260550305103426,0.947290845298168,1.26643821286202,1,2361.27236619142,0.40492193308028
"26","SSU72",0.260665876178031,0.947290845298168,1.26582416245175,1,2361.27236619142,-0.217105254766729
"2462","NXPE3",0.260913084309499,0.947290845298168,1.26451183197645,1,2361.27236619142,-0.526700490339629
"8361","TTC7B",0.260921170433485,0.947290845298168,1.26446893196248,1,2361.27236619142,0.244947844940005
"5149","PLPP5",0.261125826864016,0.947290845298168,1.2633836988161,1,2361.27236619142,0.497139597539883
"2372","DCP1A",0.261228875912314,0.947290845298168,1.26283765890198,1,2361.27236619142,0.193483751429772
"1547","LBX2",0.261275626898201,0.947290845298168,1.2625900211876,1,2361.27236619142,0.839299538504159
"1841","ITGA4",0.261324240414266,0.947290845298168,1.26233257599861,1,2361.27236619142,-0.248399128933695
"1436","MSH2",0.261331730678077,0.947290845298168,1.2622929146886,1,2361.27236619142,-0.765366276298266
"9957","VEZF1",0.261389556293658,0.947290845298168,1.26198677268683,1,2361.27236619142,-0.285822631521296
"4080","BYSL",0.261404254325864,0.947290845298168,1.26190897133607,1,2361.27236619142,1.13851669230012
"7296","SOX5",0.261492317666049,0.947290845298168,1.26144293770564,1,2361.27236619142,-10
"8695","TLE3",0.261721754536791,0.947290845298168,1.26022966502098,1,2361.27236619142,-0.344329433065102
"9087","SGF29",0.261830617296972,0.947290845298168,1.25965445512618,1,2361.27236619142,-0.435063914754043
"10138","BAIAP2",0.261852726866284,0.947290845298168,1.25953766865618,1,2361.27236619142,-0.347979457543082
"3876","MRS2",0.262098973455457,0.947290845298168,1.2582377789818,1,2361.27236619142,-0.48955850656088
"11163","IGLON5",0.262113513158957,0.947290845298168,1.25816107398584,1,2361.27236619142,0.742420463248817
"11544","IFT52",0.262151250822286,0.947290845298168,1.25796201152425,1,2361.27236619142,-0.529850412230005
"837","SSR2",0.262227760281517,0.947290845298168,1.25755854075518,1,2361.27236619142,0.186720302615419
"1341","GTF3C2",0.262259890209723,0.947290845298168,1.25738914791353,1,2361.27236619142,0.30558407910007
"10137","CHMP6",0.262378942410917,0.947290845298168,1.2567617148441,1,2361.27236619142,-0.441108359594174
"11262","ZNF579",0.262390241247836,0.947290845298168,1.25670218567722,1,2361.27236619142,-0.757712054083033
"9091","ATXN2L",0.262395580500946,0.947290845298168,1.25667405634101,1,2361.27236619142,-0.358223298569074
"7101","TECTA",0.26255314361278,0.947290845298168,1.25584427008052,1,2361.27236619142,-10
"12165","PHEX",0.262564815613388,0.947290845298168,1.2557828255525,1,2361.27236619142,1.19084075281377
"5556","CLTA",0.262728958313322,0.947290845298168,1.25491909351791,1,2361.27236619142,-0.116547041353213
"8476","RYR3",0.262861282498071,0.947290845298168,1.25422328065197,1,2361.27236619142,-10
"9590","MYH3",0.262999734593351,0.947290845298168,1.25349571026193,1,2361.27236619142,0.978992935822328
"10955","BLVRB",0.263017598672736,0.947290845298168,1.25340186857176,1,2361.27236619142,-0.166348170200306
"9639","TRIM16L",0.263049344609123,0.947290845298168,1.25323512371018,1,2361.27236619142,1.37391362907983
"520","USP33",0.263252446225852,0.947290845298168,1.25216892785314,1,2361.27236619142,-0.178068711270808
"2507","NDUFB4",0.263299653001364,0.947290845298168,1.25192125897987,1,2361.27236619142,-0.153883500962746
"5649","SUSD3",0.263343483343152,0.947290845298168,1.2516913538377,1,2361.27236619142,-1.41025790389153
"6171","KAT6B",0.263377385337143,0.947290845298168,1.25151355887767,1,2361.27236619142,0.239363296815712
"1449","EML6",0.263465462107001,0.947290845298168,1.25105178362246,1,2361.27236619142,-10
"8704","HEXA",0.263521400518087,0.947290845298168,1.25075860524937,1,2361.27236619142,0.123676553157178
"12110","DHRSX",0.263612189676846,0.947290845298168,1.25028293544583,1,2361.27236619142,0.131111103743396
"2877","WDR1",0.263743276679503,0.947290845298168,1.24959649299037,1,2361.27236619142,0.240579614663904
"4733","SAMD9L",0.263757478390509,0.947290845298168,1.24952215060419,1,2361.27236619142,0.109829128513015
"5732","CDC26",0.263790382069345,0.947290845298168,1.24934992723144,1,2361.27236619142,-0.269623202096397
"6016","MALRD1",0.263889824542636,0.947290845298168,1.24882959087845,1,2361.27236619142,-10
"2239","ZNF502",0.263935679423941,0.947290845298168,1.24858973563682,1,2361.27236619142,-10
"2909","RBPJ",0.263956234693931,0.947290845298168,1.24848223305063,1,2361.27236619142,0.139679707399571
"9842","PTGES3L",0.263981738081267,0.947290845298168,1.24834886662953,1,2361.27236619142,2.08553121969092
"10797","ZNF429",0.263984139991362,0.947290845298168,1.24833630699956,1,2361.27236619142,-0.396906526832013
"10806","ZNF726",0.264094032855656,0.947290845298168,1.24776182716349,1,2361.27236619142,-10
"61","ZBTB48",0.264125753627067,0.947290845298168,1.24759605779892,1,2361.27236619142,0.393722174899639
"7462","ESYT1",0.264199576847046,0.947290845298168,1.24721036134007,1,2361.27236619142,0.427694569912484
"11038","CLASRP",0.264253687086014,0.947290845298168,1.24692774231808,1,2361.27236619142,-0.279276209588216
"2359","SMIM4",0.264495071984206,0.947290845298168,1.24566785934076,1,2361.27236619142,-0.19119907043107
"9894","TBKBP1",0.264525243138934,0.947290845298168,1.24551048471388,1,2361.27236619142,0.471130027343701
"748","PRUNE1",0.264537861683894,0.947290845298168,1.24544467221574,1,2361.27236619142,-0.69385335480445
"1266","RNF144A",0.26468154044541,0.947290845298168,1.24469558541636,1,2361.27236619142,-1.43282907392226
"8447","TEDC1",0.264712842225669,0.947290845298168,1.24453245684874,1,2361.27236619142,0.950434580588072
"9568","TRAPPC1",0.264883635420709,0.947290845298168,1.24364279415685,1,2361.27236619142,0.20211019131972
"10334","SERPINB2",0.264905953829492,0.947290845298168,1.24352659016188,1,2361.27236619142,-0.58458555902559
"167","HSPG2",0.264944638486144,0.947290845298168,1.24332520180029,1,2361.27236619142,-10
"344","CAP1",0.264973475576392,0.947290845298168,1.24317510265913,1,2361.27236619142,0.134029469698519
"10624","ZNF44",0.265016563434301,0.947290845298168,1.24295086510812,1,2361.27236619142,0.337174590951413
"7084","SLC37A4",0.265155268046614,0.947290845298168,1.24222932740089,1,2361.27236619142,-0.754262493223618
"11467","CDK5RAP1",0.265197248305275,0.947290845298168,1.2420110397914,1,2361.27236619142,0.280173073169366
"3008","SDAD1",0.265281590789067,0.947290845298168,1.24157260839002,1,2361.27236619142,0.308044332156547
"3673","ZNF300",0.26530642986584,0.947290845298168,1.24144352228936,1,2361.27236619142,-10
"291","A3GALT2",0.265334596709507,0.947290845298168,1.2412971603275,1,2361.27236619142,2.20147186365994
"1536","MTHFD2",0.265368829403136,0.947290845298168,1.24111930472291,1,2361.27236619142,-0.270869782527297
"6478","RHOG",0.265401680400766,0.947290845298168,1.24094865455386,1,2361.27236619142,0.149006317488099
"6763","RASGRP2",0.265423653298658,0.947290845298168,1.2408345272215,1,2361.27236619142,0.491834302873218
"11604","ADNP",0.265431510612575,0.947290845298168,1.24079371915142,1,2361.27236619142,0.203268408936415
"4144","FBXO9",0.265532083362064,0.947290845298168,1.24027151312819,1,2361.27236619142,-0.236510218950875
"12340","XKRX",0.265551483484405,0.947290845298168,1.24017080978746,1,2361.27236619142,-10
"9502","INCA1",0.265552793068839,0.947290845298168,1.24016401224652,1,2361.27236619142,-10
"6522","WEE1",0.265554949001032,0.947290845298168,1.24015282173605,1,2361.27236619142,-10
"5681","ANKS6",0.265562846385775,0.947290845298168,1.24011183079743,1,2361.27236619142,-10
"10301","ACAA2",0.2656784980547,0.947290845298168,1.23951172098445,1,2361.27236619142,0.233370542420909
"6700","TMEM258",0.265723308680199,0.947290845298168,1.2392792886557,1,2361.27236619142,-0.177350524797111
"11157","SHANK1",0.265954667300058,0.947290845298168,1.23808000947058,1,2361.27236619142,1.54168913252131
"7037","TIMM8B",0.265985669337795,0.947290845298168,1.23791940485652,1,2361.27236619142,-0.177140174538562
"7724","VSIG10",0.266002055724863,0.947290845298168,1.2378345253577,1,2361.27236619142,0.503272456862027
"2166","OXSM",0.266027479131991,0.947290845298168,1.23770284807847,1,2361.27236619142,0.640161630126792
"4992","GIMAP2",0.266184134884583,0.947290845298168,1.23689181535871,1,2361.27236619142,-0.351900410719361
"11464","COMMD7",0.266184581393266,0.947290845298168,1.23688950455919,1,2361.27236619142,-0.273396436398289
"8925","PRSS27",0.266194137589105,0.947290845298168,1.23684004989727,1,2361.27236619142,-10
"12266","PFKFB1",0.26619602389952,0.947290845298168,1.23683028823604,1,2361.27236619142,-10
"11540","PTPRT",0.266197567921126,0.947290845298168,1.2368222979844,1,2361.27236619142,-10
"4424","RAMACL",0.266198134885416,0.947290845298168,1.23681936398079,1,2361.27236619142,-10
"8964","C16orf96",0.266198372518292,0.947290845298168,1.2368181342483,1,2361.27236619142,-10
"4720","FZD1",0.266200311770199,0.947290845298168,1.23680809881483,1,2361.27236619142,-0.69049554487098
"9809","TTC25",0.266200526545888,0.947290845298168,1.23680698737785,1,2361.27236619142,-10
"5627","CDK20",0.266200600421105,0.947290845298168,1.23680660508322,1,2361.27236619142,-10
"2604","FAIM",0.266232128785092,0.947290845298168,1.23664346196681,1,2361.27236619142,0.689455548645377
"11291","ZNF548",0.26625133035728,0.947290845298168,1.23654411546805,1,2361.27236619142,0.696780884694636
"12123","CLCN4",0.266337087207913,0.947290845298168,1.23610052931692,1,2361.27236619142,0.789545910278797
"11308","ZNF776",0.266615275529791,0.947290845298168,1.23466279549319,1,2361.27236619142,-0.751550852415287
"1190","TTC13",0.266629860898526,0.947290845298168,1.23458746691506,1,2361.27236619142,0.376867323530331
"5249","ZFAND1",0.266655858198144,0.947290845298168,1.23445321224195,1,2361.27236619142,-0.53077672538583
"2722","KLHL6",0.266666203522141,0.947290845298168,1.2343997916879,1,2361.27236619142,-0.303498624960163
"546","LMO4",0.266684672590564,0.947290845298168,1.23430442865768,1,2361.27236619142,-0.208695144609903
"6345","TCF7L2",0.266686690296161,0.947290845298168,1.2342940109525,1,2361.27236619142,-0.227488788763791
"8623","LIPC",0.266697507786458,0.947290845298168,1.23423816036386,1,2361.27236619142,1.49161912228044
"5247","FABP4",0.26672051633921,0.947290845298168,1.23411937683558,1,2361.27236619142,0.443426633579897
"8043","RNASE3",0.266844077028011,0.947290845298168,1.23348170306906,1,2361.27236619142,-10
"4303","HINT3",0.266965665483745,0.947290845298168,1.23285456678178,1,2361.27236619142,0.263645402683355
"5947","DPH7",0.267018927078888,0.947290845298168,1.23257996303385,1,2361.27236619142,-0.693003831096468
"8376","GOLGA5",0.267145282418363,0.947290845298168,1.23192877888396,1,2361.27236619142,0.285581765067823
"6022","COMMD3",0.267226430403376,0.947290845298168,1.23151077755007,1,2361.27236619142,0.292720456838649
"7946","ALG11",0.267257232466848,0.947290845298168,1.23135215449591,1,2361.27236619142,-0.750899995319657
"5320","DCSTAMP",0.267265632993037,0.947290845298168,1.23130889780733,1,2361.27236619142,0.485337283167119
"10643","PRDX2",0.267273490467172,0.947290845298168,1.23126843898198,1,2361.27236619142,0.450276538178209
"4509","TWIST1",0.267374524795345,0.947290845298168,1.23074833644711,1,2361.27236619142,2.07256468720013
"3150","C4orf33",0.267463163971302,0.947290845298168,1.23029224321437,1,2361.27236619142,0.285000531382902
"5349","ATAD2",0.26750003336716,0.947290845298168,1.23010258709745,1,2361.27236619142,-0.497893135916772
"5074","GFRA2",0.267518382031847,0.947290845298168,1.23000821374264,1,2361.27236619142,-10
"1079","RAB29",0.267929126519607,0.947290845298168,1.22789772757491,1,2361.27236619142,0.265216605311839
"5290","SDC2",0.267967017806084,0.947290845298168,1.22770323803823,1,2361.27236619142,-0.137853442328224
"1203","PCNX2",0.268002979416822,0.947290845298168,1.22751868493347,1,2361.27236619142,-0.426870114779592
"5652","FAM120AOS",0.268072302315687,0.947290845298168,1.22716301062158,1,2361.27236619142,-0.252225291013835
"2800","FYTTD1",0.268237554870403,0.947290845298168,1.22631561367946,1,2361.27236619142,-0.181641058090085
"5562","GRHPR",0.268247103414141,0.947290845298168,1.22626666970742,1,2361.27236619142,0.363854548113103
"2639","ANKUB1",0.268331014645468,0.947290845298168,1.22583665060188,1,2361.27236619142,-0.441946233594199
"10449","PIP5K1C",0.268341496372932,0.947290845298168,1.22578294678298,1,2361.27236619142,0.324379968397213
"2628","PLOD2",0.268381029929653,0.947290845298168,1.22558041756783,1,2361.27236619142,-0.998117171747516
"2681","SERPINI1",0.26847644550618,0.947290845298168,1.22509175981556,1,2361.27236619142,-1.02521941227709
"11678","PCMTD2",0.26868097571667,0.947290845298168,1.22404501653149,1,2361.27236619142,-0.476189384680183
"336","AKIRIN1",0.268711087455088,0.947290845298168,1.22389099489939,1,2361.27236619142,0.21416732527608
"3401","OCLN",0.268772452389637,0.947290845298168,1.22357717977414,1,2361.27236619142,1.12264465913749
"2523","PARP9",0.269048811795971,0.947290845298168,1.22216500893268,1,2361.27236619142,-0.112878411265073
"882","NCSTN",0.269057179743988,0.947290845298168,1.22212227775698,1,2361.27236619142,-0.303642110882892
"1693","INSIG2",0.26907803871873,0.947290845298168,1.2220157680069,1,2361.27236619142,0.340321158261217
"11907","UQCR10",0.269157138897297,0.947290845298168,1.22161196167638,1,2361.27236619142,-0.101815442367612
"565","RPAP2",0.269281658756283,0.947290845298168,1.22097658818209,1,2361.27236619142,-0.273320946090732
"5403","PYCR3",0.269281708594982,0.947290845298168,1.22097633394924,1,2361.27236619142,-10
"6592","LMO2",0.269305399582017,0.947290845298168,1.22085549019747,1,2361.27236619142,-0.257618419116751
"10555","ZNF561",0.269388035590184,0.947290845298168,1.22043408171231,1,2361.27236619142,0.312589881194109
"10714","BABAM1",0.269452264890033,0.947290845298168,1.2201066511446,1,2361.27236619142,-0.296955288870702
"2099","RPUSD3",0.26949203181736,0.947290845298168,1.21990397466671,1,2361.27236619142,0.40994442282846
"469","PLPP3",0.269506604844982,0.947290845298168,1.21982971099995,1,2361.27236619142,0.397146715880008
"10332","KDSR",0.269507780959416,0.947290845298168,1.21982371777852,1,2361.27236619142,-0.373061493121889
"798","C1orf43",0.269519913952672,0.947290845298168,1.21976189261105,1,2361.27236619142,0.220704765449693
"4960","CASP2",0.269809844479921,0.947290845298168,1.21828554950523,1,2361.27236619142,-0.549408276224873
"517","MSH4",0.269823817036463,0.947290845298168,1.21821445051833,1,2361.27236619142,0.78085417649646
"9900","CDK5RAP3",0.269983652697464,0.947290845298168,1.21740145824641,1,2361.27236619142,0.271734487978515
"8525","RPAP1",0.270040326853825,0.947290845298168,1.21711333381963,1,2361.27236619142,-0.75639079251156
"2344","ACY1",0.27004203759016,0.947290845298168,1.21710463782234,1,2361.27236619142,-1.02291808010311
"10742","JUND",0.270045684188583,0.947290845298168,1.21708610170073,1,2361.27236619142,-0.14480644142506
"12355","ARMCX5",0.270170391143538,0.947290845298168,1.21645238873473,1,2361.27236619142,0.736677331802356
"11146","NUP62",0.270571651777343,0.947290845298168,1.21441581520776,1,2361.27236619142,-0.263943150742398
"12499","DKC1",0.270631989669045,0.947290845298168,1.21410990068572,1,2361.27236619142,-0.473251113260186
"5461","CDC37L1",0.270637541282372,0.947290845298168,1.21408175816231,1,2361.27236619142,-0.396586804813335
"9601","CDRT4",0.270650900906139,0.947290845298168,1.21401403783107,1,2361.27236619142,0.368792629745264
"10112","SYNGR2",0.270812789075835,0.947290845298168,1.21319375407758,1,2361.27236619142,-0.14029102288998
"3731","CREBRF",0.270891076366834,0.947290845298168,1.21279729415018,1,2361.27236619142,0.153629098238015
"737","MCL1",0.270960934433651,0.947290845298168,1.21244364223948,1,2361.27236619142,-0.168564111240212
"2704","PIK3CA",0.270975328963397,0.947290845298168,1.21237078504652,1,2361.27236619142,0.207193221745614
"4283","ZUP1",0.271044649952043,0.947290845298168,1.21201998813371,1,2361.27236619142,-0.381816112742669
"3085","BANK1",0.271219081667815,0.947290845298168,1.21113777782611,1,2361.27236619142,-10
"6993","MAML2",0.271247168599507,0.947290845298168,1.2109957910177,1,2361.27236619142,0.119137998106255
"10612","ZNF441",0.271357102836045,0.947290845298168,1.2104402215344,1,2361.27236619142,0.597645906956481
"5486","SAXO1",0.271471577036085,0.947290845298168,1.20986200800619,1,2361.27236619142,1.09628509999574
"9987","BRIP1",0.271560364935731,0.947290845298168,1.20941374710028,1,2361.27236619142,0.532722347106479
"5222","CPA6",0.27169931259497,0.947290845298168,1.20871261421536,1,2361.27236619142,-1.72085074650762
"8736","UBE2Q2",0.2717689973132,0.947290845298168,1.20836115264827,1,2361.27236619142,-0.237870750437286
"11506","CNBD2",0.27181942105257,0.947290845298168,1.20810690604334,1,2361.27236619142,0.643211448644076
"984","AXDND1",0.271893114357593,0.947290845298168,1.20773543584275,1,2361.27236619142,1.40495770683336
"1402","DHX57",0.271895281100634,0.947290845298168,1.20772451572122,1,2361.27236619142,0.308353601350402
"10895","ZNF383",0.271984500096201,0.947290845298168,1.20727495744764,1,2361.27236619142,0.449922095316843
"8067","PSMB5",0.272174151315269,0.947290845298168,1.20631995282443,1,2361.27236619142,-0.24943219972224
"853","GPATCH4",0.272461923446642,0.947290845298168,1.20487244320487,1,2361.27236619142,-0.858269663647806
"10401","UQCR11",0.272532892008418,0.947290845298168,1.20451576189075,1,2361.27236619142,0.112566242725297
"1280","ODC1",0.27269573149312,0.947290845298168,1.20369778573576,1,2361.27236619142,0.614099629865449
"11533","DHX35",0.272736401261865,0.947290845298168,1.20349358867769,1,2361.27236619142,-0.517227539712674
"10513","AC119396.1",0.272783011667695,0.947290845298168,1.20325961146583,1,2361.27236619142,-10
"2400","FHIT",0.273014885463205,0.947290845298168,1.20209638430107,1,2361.27236619142,0.133246809151118
"2615","GRK7",0.273116833161096,0.947290845298168,1.20158534141695,1,2361.27236619142,1.10466403590863
"2162","NR1D2",0.273253416388119,0.947290845298168,1.20090105250272,1,2361.27236619142,-0.269010990252612
"6081","MAPK8",0.273258094785189,0.947290845298168,1.2008776210932,1,2361.27236619142,0.22469526675969
"2616","ATP1B3",0.273390958569522,0.947290845298168,1.20021239249891,1,2361.27236619142,-0.220888271947275
"4974","ZNF282",0.273408014140428,0.947290845298168,1.20012702723618,1,2361.27236619142,0.485744858891312
"6224","IDE",0.27353440070504,0.947290845298168,1.19949465475872,1,2361.27236619142,-0.311327078549485
"259","ZCCHC17",0.273626021526983,0.947290845298168,1.19903646103973,1,2361.27236619142,-0.237091592901837
"10054","TMEM104",0.273661939903658,0.947290845298168,1.19885688653954,1,2361.27236619142,0.474037019194427
"12520","KDM5D",0.273716854079937,0.947290845298168,1.19858239938775,1,2361.27236619142,0.287369565306795
"11834","RANBP1",0.273758261343188,0.947290845298168,1.19837547189171,1,2361.27236619142,-0.362590309693313
"1973","BCS1L",0.273773829452629,0.947290845298168,1.19829768241557,1,2361.27236619142,0.745334126675608
"3930","MDC1",0.273813333958963,0.947290845298168,1.19810031438608,1,2361.27236619142,0.548901943040983
"1736","R3HDM1",0.273840313133724,0.947290845298168,1.19796554455901,1,2361.27236619142,-0.22126900515333
"4865","TMEM168",0.273841838408232,0.947290845298168,1.19795792581013,1,2361.27236619142,-0.382561332990751
"3385","SGTB",0.27387616923128,0.947290845298168,1.19778645737365,1,2361.27236619142,-0.250795179922685
"6461","TNNT3",0.27392056047513,0.947290845298168,1.19756478122494,1,2361.27236619142,1.34283898832827
"5847","TOR1B",0.273936068011808,0.947290845298168,1.19748735200527,1,2361.27236619142,-0.245030203927746
"9606","ZSWIM7",0.274041600981089,0.947290845298168,1.19696057133093,1,2361.27236619142,-0.307815002075122
"2571","ALG1L2",0.274233947870623,0.947290845298168,1.19600110298907,1,2361.27236619142,-10
"9490","GLTPD2",0.274237168714634,0.947290845298168,1.195985043906,1,2361.27236619142,-10
"5358","ZNF572",0.274238088356582,0.947290845298168,1.1959804586276,1,2361.27236619142,-10
"4515","DNAH11",0.274242829202506,0.947290845298168,1.19595682136652,1,2361.27236619142,-10
"10100","AC015802.6",0.274244802660782,0.947290845298168,1.19594698210313,1,2361.27236619142,-10
"154","TMCO4",0.274245385474212,0.947290845298168,1.19594407633037,1,2361.27236619142,-0.375835343717121
"12521","EIF1AY",0.274378157669077,0.947290845298168,1.19528230688547,1,2361.27236619142,-0.257923886752314
"857","MRPL24",0.274415505484085,0.947290845298168,1.19509622858485,1,2361.27236619142,-0.854707937728059
"2225","CCDC13",0.274418464466217,0.947290845298168,1.19508148738514,1,2361.27236619142,0.950087984006
"608","CLCC1",0.274469448675081,0.947290845298168,1.19482752313558,1,2361.27236619142,0.461867648150202
"10276","MOCOS",0.274494774234389,0.947290845298168,1.19470139262775,1,2361.27236619142,-10
"8668","RAB11A",0.274565540209879,0.947290845298168,1.19434902974082,1,2361.27236619142,-0.22682318789421
"2785","RNF168",0.274799961763934,0.947290845298168,1.19318259567006,1,2361.27236619142,0.257683848904404
"2240","ZNF501",0.274856105093097,0.947290845298168,1.19290342333123,1,2361.27236619142,1.33619866971722
"7891","SLC25A15",0.274858076448939,0.947290845298168,1.19289362207875,1,2361.27236619142,1.33619867627083
"5334","MED30",0.274878807887996,0.947290845298168,1.19279055416742,1,2361.27236619142,0.43241378654329
"10740","PDE4C",0.274903312659184,0.947290845298168,1.19266873944132,1,2361.27236619142,-10
"8973","PPL",0.274906499545652,0.947290845298168,1.19265289823472,1,2361.27236619142,-10
"5030","DLGAP2",0.274909268799878,0.947290845298168,1.19263913315967,1,2361.27236619142,-10
"5902","GPSM1",0.274913420622762,0.947290845298168,1.19261849610531,1,2361.27236619142,-10
"5584","PTAR1",0.274997277855218,0.947290845298168,1.19220175906121,1,2361.27236619142,0.264458646103232
"1701","EPB41L5",0.275031417490874,0.947290845298168,1.19203214439055,1,2361.27236619142,-1.42008006557522
"4721","MTERF1",0.275095416696879,0.947290845298168,1.19171425079044,1,2361.27236619142,0.287452682770967
"11602","PARD6B",0.275223610847136,0.947290845298168,1.19107777068611,1,2361.27236619142,1.45971028958696
"5391","LY6E",0.275272556074316,0.947290845298168,1.19083485735229,1,2361.27236619142,-0.0937954715739782
"6095","IPMK",0.275272931176652,0.947290845298168,1.19083299594296,1,2361.27236619142,-0.221640545686536
"11459","PLAGL2",0.275280402949139,0.947290845298168,1.19079591865339,1,2361.27236619142,-0.753927122807555
"3783","CANX",0.275321271830748,0.947290845298168,1.19059313675659,1,2361.27236619142,0.137797370975504
"9628","ATPAF2",0.275355210628224,0.947290845298168,1.19042476907234,1,2361.27236619142,-0.423323106859145
"722","SF3B4",0.275488332738895,0.947290845298168,1.18976461249953,1,2361.27236619142,0.33801665422746
"3622","WDR55",0.275615165148619,0.947290845298168,1.189136019583,1,2361.27236619142,-0.47023536678129
"9254","CES2",0.275901148782033,0.947290845298168,1.18771999205861,1,2361.27236619142,-0.357129557991362
"5708","ELP1",0.276082962890883,0.947290845298168,1.18682071164516,1,2361.27236619142,-0.522724521557075
"10980","RPS19",0.276112507605749,0.947290845298168,1.18667464929989,1,2361.27236619142,-0.0747343654731012
"4282","RWDD1",0.276189236129884,0.947290845298168,1.18629541272504,1,2361.27236619142,-0.211367203605924
"11143","AKT1S1",0.276215752230496,0.947290845298168,1.18616438568311,1,2361.27236619142,0.436729173717602
"7313","CCDC91",0.276235098865215,0.947290845298168,1.18606879592452,1,2361.27236619142,0.145286790195611
"8385","DDX24",0.276349548768446,0.947290845298168,1.18550348275949,1,2361.27236619142,-0.147888172650554
"115","KAZN",0.276370452214934,0.947290845298168,1.18540026420493,1,2361.27236619142,-0.906960729441704
"895","PFDN2",0.276403601593317,0.947290845298168,1.18523659693238,1,2361.27236619142,-0.227815370371607
"1410","SLC8A1",0.276447737173555,0.947290845298168,1.18501872618493,1,2361.27236619142,-0.107384499445937
"10157","MCRIP1",0.276533771873335,0.947290845298168,1.18459415050328,1,2361.27236619142,0.285406352300075
"2796","MELTF",0.276559702290547,0.947290845298168,1.1844662181596,1,2361.27236619142,0.841552819872482
"10416","SF3A2",0.276765616353526,0.947290845298168,1.18345083982394,1,2361.27236619142,-0.535596781306806
"9498","PFN1",0.276894577950416,0.947290845298168,1.1828154040794,1,2361.27236619142,-0.122660055247079
"6009","STAM",0.276898061684645,0.947290845298168,1.18279824375401,1,2361.27236619142,0.227763376349031
"7442","MUCL1",0.276913578695044,0.947290845298168,1.18272181270823,1,2361.27236619142,-10
"9445","INPP5K",0.276932873361667,0.947290845298168,1.18262678184489,1,2361.27236619142,0.560408336886574
"8174","ABHD12B",0.277004313556888,0.947290845298168,1.18227499427215,1,2361.27236619142,1.10638032810505
"858","HDGF",0.277028453406209,0.947290845298168,1.18215615004087,1,2361.27236619142,-0.295962946026274
"7669","C12orf76",0.277089265404949,0.947290845298168,1.18185682088573,1,2361.27236619142,-0.395120649910565
"9277","ENKD1",0.277311712472393,0.947290845298168,1.18076259479072,1,2361.27236619142,0.746278496375317
"4125","RUNX2",0.27757869226927,0.947290845298168,1.17945076858008,1,2361.27236619142,-0.303713111237814
"8226","HIF1A",0.277646634406302,0.947290845298168,1.17911718315046,1,2361.27236619142,-0.106632822277046
"10044","TTYH2",0.277654470032548,0.947290845298168,1.17907871804418,1,2361.27236619142,-0.353513026246086
"460","MRPL37",0.277698267500488,0.947290845298168,1.17886374135347,1,2361.27236619142,0.459125363785757
"4368","SUMO4",0.277714328893955,0.947290845298168,1.17878491587112,1,2361.27236619142,-0.746434752516645
"2883","C1QTNF7",0.278024047663315,0.947290845298168,1.17726601222129,1,2361.27236619142,2.08553121973676
"607","GPSM2",0.278160018522348,0.947290845298168,1.17659986551986,1,2361.27236619142,0.70239342553747
"8491","C15orf41",0.278290657468174,0.947290845298168,1.17596022723307,1,2361.27236619142,-0.688602711871733
"1471","COMMD1",0.278316682186793,0.947290845298168,1.17583284942982,1,2361.27236619142,-0.192608104681682
"6965","HIKESHI",0.278322030869854,0.947290845298168,1.17580667219749,1,2361.27236619142,0.281080477661383
"4690","UPK3B",0.278373015983771,0.947290845298168,1.17555717546044,1,2361.27236619142,-10
"10390","CIRBP",0.278484938623111,0.947290845298168,1.17500968157376,1,2361.27236619142,-0.167599829133036
"8091","IRF9",0.278546810727824,0.947290845298168,1.17470713976455,1,2361.27236619142,-0.238624233964102
"10709","MYO9B",0.278726193198616,0.947290845298168,1.17383047515923,1,2361.27236619142,0.0884126205072414
"10529","EVI5L",0.278729974361033,0.947290845298168,1.17381200379981,1,2361.27236619142,-0.754428901953978
"3276","NSUN2",0.27883767295531,0.947290845298168,1.1732860179271,1,2361.27236619142,-0.371348719015624
"940","SFT2D2",0.278925210849468,0.947290845298168,1.17285868296339,1,2361.27236619142,0.165588742198185
"7639","TCP11L2",0.27895035221218,0.947290845298168,1.17273598128023,1,2361.27236619142,0.436758222847905
"6970","CTSC",0.278982018780341,0.947290845298168,1.17258145336629,1,2361.27236619142,-0.121077975179214
"9099","LAT",0.279071242587262,0.947290845298168,1.17214617404125,1,2361.27236619142,0.525547161126479
"8543","UBR1",0.279118027283799,0.947290845298168,1.17191800452014,1,2361.27236619142,0.19462030055829
"7092","CCDC153",0.279171859413968,0.947290845298168,1.17165552425609,1,2361.27236619142,0.914293218229701
"5989","SEPHS1",0.279236577966846,0.947290845298168,1.17134004734382,1,2361.27236619142,-0.49586533627101
"11553","PABPC1L",0.279247109105289,0.947290845298168,1.17128872100484,1,2361.27236619142,0.673926270423756
"9673","PIGS",0.27929585458431,0.947290845298168,1.17105117858955,1,2361.27236619142,-0.374660926189889
"1390","CEBPZ",0.279372029735658,0.947290845298168,1.1706800728777,1,2361.27236619142,-0.304858777010715
"2960","USP46",0.279379720008417,0.947290845298168,1.17064261494417,1,2361.27236619142,0.377177955355075
"2014","SP100",0.279431683659993,0.947290845298168,1.17038954344194,1,2361.27236619142,0.102645474806746
"11798","PCNT",0.279645648024538,0.947290845298168,1.16934812715981,1,2361.27236619142,0.378080518468993
"12299","SNX12",0.279708809248104,0.947290845298168,1.1690408984102,1,2361.27236619142,-0.488387341986115
"2","KLHL17",0.279909603442763,0.947290845298168,1.1680647768241,1,2361.27236619142,0.904192607538111
"12062","KIAA0930",0.279939068200088,0.947290845298168,1.16792161404617,1,2361.27236619142,0.134764833339521
"11986","CSNK1E",0.280022470695463,0.947290845298168,1.16751648275337,1,2361.27236619142,0.360965267077975
"11965","CYTH4",0.280040481685509,0.947290845298168,1.16742901357467,1,2361.27236619142,-0.197105708329418
"12041","NFAM1",0.280091500467633,0.947290845298168,1.16718128278794,1,2361.27236619142,-0.207444575573126
"388","ERI3",0.280100019822,0.947290845298168,1.16713992109532,1,2361.27236619142,-0.399262676235192
"10528","CD209",0.280199246690274,0.947290845298168,1.16665828895182,1,2361.27236619142,-0.427969205848026
"5365","ASAP1",0.28024364367877,0.947290845298168,1.16644286243911,1,2361.27236619142,0.119033321320444
"2578","CPNE4",0.280258315656119,0.947290845298168,1.16637167940515,1,2361.27236619142,1.14466093360059
"11781","UBE2G2",0.280271108927993,0.947290845298168,1.1663096149987,1,2361.27236619142,-0.280663266725694
"10894","ZNF585B",0.280318447372422,0.947290845298168,1.16607999160222,1,2361.27236619142,0.364980967176365
"7961","KLF12",0.280515059738105,0.947290845298168,1.16512681273794,1,2361.27236619142,-10
"9219","MT1H",0.280517442472995,0.947290845298168,1.16511526638836,1,2361.27236619142,-10
"2925","RFC1",0.280566566243181,0.947290845298168,1.16487724810634,1,2361.27236619142,-0.244126423448615
"4046","ETV7",0.280617993309953,0.947290845298168,1.1646281261028,1,2361.27236619142,-0.433320693989087
"5144","EIF4EBP1",0.280704800300766,0.947290845298168,1.16420774815026,1,2361.27236619142,0.292181798843703
"10712","NR2F6",0.280738696433321,0.947290845298168,1.16404364480986,1,2361.27236619142,-0.835087420891828
"12425","SLC25A14",0.280877668121117,0.947290845298168,1.16337109459342,1,2361.27236619142,-1.00154654868072
"10477","ARRDC5",0.281096198204297,0.947290845298168,1.16231437329668,1,2361.27236619142,-0.630336805293861
"3874","PRL",0.281123522969221,0.947290845298168,1.16218231502684,1,2361.27236619142,-10
"2675","KPNA4",0.281152743124527,0.947290845298168,1.1620411144427,1,2361.27236619142,0.159343813820898
"1726","PLEKHB2",0.281250670223155,0.947290845298168,1.16156803642517,1,2361.27236619142,0.158154265439534
"2922","TMEM156",0.281364194063827,0.947290845298168,1.16101987228248,1,2361.27236619142,-10
"11763","WDR4",0.281412134965588,0.947290845298168,1.16078846755856,1,2361.27236619142,0.688690512617924
"4608","TBRG4",0.281631222891237,0.947290845298168,1.15973159150596,1,2361.27236619142,0.378390007147856
"12290","EDA2R",0.281660693577551,0.947290845298168,1.15958950478322,1,2361.27236619142,0.777132174973725
"3796","BTNL8",0.281891075722324,0.947290845298168,1.15847941315956,1,2361.27236619142,-10
"3542","FBN2",0.281904592956744,0.947290845298168,1.15841431627851,1,2361.27236619142,-0.39780537070347
"5354","RNF139",0.281927964230839,0.947290845298168,1.15830177320053,1,2361.27236619142,-0.477627755595495
"2779","ZDHHC19",0.28200689199891,0.947290845298168,1.15792178809212,1,2361.27236619142,0.969091124840639
"5751","MEGF9",0.28211171619565,0.947290845298168,1.15741733667852,1,2361.27236619142,-0.178466397770587
"1884","HSPE1",0.282160484457824,0.947290845298168,1.15718272721698,1,2361.27236619142,-0.21967466485886
"5148","DDHD2",0.282258494091312,0.947290845298168,1.15671138740741,1,2361.27236619142,-0.530351169849584
"82","CTNNBIP1",0.282303001076297,0.947290845298168,1.15649741645897,1,2361.27236619142,-0.310793504171876
"5405","ZNF623",0.282341904352102,0.947290845298168,1.15631042075276,1,2361.27236619142,0.464901428362852
"284","KIAA1522",0.282349992958342,0.947290845298168,1.15627154548196,1,2361.27236619142,-0.630583491827792
"2837","RNF4",0.282426871567998,0.947290845298168,1.15590212362963,1,2361.27236619142,-0.297419197067195
"12534","MT-CYB",0.28248108077856,0.947290845298168,1.1556417106615,1,2361.27236619142,0.0849699849459567
"10524","RETN",0.282578691051512,0.947290845298168,1.15517296487366,1,2361.27236619142,-10
"3759","F12",0.282581037096064,0.947290845298168,1.15516170117854,1,2361.27236619142,-10
"11610","TSHZ2",0.282585737559616,0.947290845298168,1.15513913393745,1,2361.27236619142,-10
"11712","TCP10L",0.282588023094962,0.947290845298168,1.15512816110046,1,2361.27236619142,-10
"7583","SOCS2",0.282589066274654,0.947290845298168,1.1551231528404,1,2361.27236619142,-10
"1909","TRAK2",0.282589571711712,0.947290845298168,1.15512072626762,1,2361.27236619142,0.254625487612068
"7974","NDFIP2",0.282595750700897,0.947290845298168,1.15509106175776,1,2361.27236619142,-10
"9286","CTRL",0.282608465616332,0.947290845298168,1.15503002171286,1,2361.27236619142,0.908952819169382
"3408","MCCC2",0.282775354138331,0.947290845298168,1.15422916795448,1,2361.27236619142,-0.520527169626584
"9383","CRISPLD2",0.282963467353816,0.947290845298168,1.15332717945944,1,2361.27236619142,-0.796550408660547
"10237","ROCK1",0.283174056722393,0.947290845298168,1.15231831973583,1,2361.27236619142,0.115190871249647
"7682","CCDC63",0.283211499833898,0.947290845298168,1.15213904240612,1,2361.27236619142,2.13213270888911
"3735","C5orf47",0.28327504695355,0.947290845298168,1.15183484797314,1,2361.27236619142,-10
"9370","CDH13",0.283278878236708,0.947290845298168,1.15181651072224,1,2361.27236619142,-10
"871","AL590560.2",0.283281669650612,0.947290845298168,1.15180315068141,1,2361.27236619142,-10
"9739","SLFN13",0.283282756841538,0.947290845298168,1.15179794730071,1,2361.27236619142,-10
"8669","MEGF11",0.283283938130361,0.947290845298168,1.1517922935888,1,2361.27236619142,-10
"1540","RTKN",0.283285163886501,0.947290845298168,1.15178642708548,1,2361.27236619142,-10
"9139","ITGAL",0.283394825240309,0.947290845298168,1.15126171481959,1,2361.27236619142,-0.539231577010713
"7725","PEBP1",0.283408490305215,0.947290845298168,1.15119634766036,1,2361.27236619142,0.144695961100131
"541","COL24A1",0.283490342492494,0.947290845298168,1.15080488935233,1,2361.27236619142,-1.52205785211
"10565","P2RY11",0.283491244809103,0.947290845298168,1.15080057481852,1,2361.27236619142,-0.320148262120687
"7127","RPUSD4",0.28350351344634,0.947290845298168,1.15074191260166,1,2361.27236619142,0.610297568639535
"5471","KIAA2026",0.283564081875668,0.947290845298168,1.15045235311795,1,2361.27236619142,0.165724870119752
"1448","SPTBN1",0.283656471858121,0.947290845298168,1.15001081521376,1,2361.27236619142,0.985571249044145
"8195","WDHD1",0.283710933057153,0.947290845298168,1.14975062684602,1,2361.27236619142,-0.650593980486973
"5307","YWHAZ",0.283716188783479,0.947290845298168,1.14972552096252,1,2361.27236619142,0.110567247881377
"9948","C17orf67",0.28371957624679,0.947290845298168,1.14970933982737,1,2361.27236619142,-0.51177440342958
"8883","GNPTG",0.283826413552533,0.947290845298168,1.1491991280937,1,2361.27236619142,-0.270811614988572
"1641","CHST10",0.283976018478393,0.947290845298168,1.14848508434876,1,2361.27236619142,-10
"9890","ITGB3",0.283978934189784,0.947290845298168,1.14847117279522,1,2361.27236619142,-10
"33","NADK",0.284072984788109,0.947290845298168,1.14802253205808,1,2361.27236619142,0.157575294446476
"5812","PTGES2",0.284098819078916,0.947290845298168,1.14789933012278,1,2361.27236619142,-0.376989074211141
"9707","ATAD5",0.284129087179164,0.947290845298168,1.14775500172176,1,2361.27236619142,0.416852040517788
"5605","GNA14",0.284228987287787,0.947290845298168,1.14727878294447,1,2361.27236619142,-10
"10359","RBFA",0.284250454192399,0.947290845298168,1.14717647898707,1,2361.27236619142,-0.997645784611514
"10240","SNRPD1",0.284389997299388,0.947290845298168,1.14651170273325,1,2361.27236619142,-0.270213574138799
"12465","NSDHL",0.284535747082661,0.947290845298168,1.14581779959454,1,2361.27236619142,-0.827219880168329
"11605","DPM1",0.284656698646819,0.947290845298168,1.14524230091589,1,2361.27236619142,-0.324495344054892
"8445","MTA1",0.28472427638694,0.947290845298168,1.14492089481843,1,2361.27236619142,-0.527807911682942
"12013","SLC25A17",0.284741001140172,0.947290845298168,1.14484136525093,1,2361.27236619142,0.362184916734287
"1752","RND3",0.28481688254148,0.947290845298168,1.14448060832049,1,2361.27236619142,-0.393637887753708
"2477","SLC35A5",0.285021821520666,0.947290845298168,1.14350689211908,1,2361.27236619142,-0.44809844870238
"4611","PKD1L1",0.285547270266789,0.947290845298168,1.14101440723015,1,2361.27236619142,0.627454907181385
"1105","UTP25",0.285923487024012,0.947290845298168,1.13923338298151,1,2361.27236619142,-0.733668990655157
"12015","XPNPEP3",0.28602106799652,0.947290845298168,1.13877191689606,1,2361.27236619142,0.370215748539825
"4852","SLC26A4",0.286091277720175,0.947290845298168,1.1384400146898,1,2361.27236619142,1.9747895797383
"11282","ZNF835",0.286095767469623,0.947290845298168,1.13841879383024,1,2361.27236619142,1.97478958589555
"7374","TUBA1A",0.286101326411698,0.947290845298168,1.13839252000373,1,2361.27236619142,-0.266842774962058
"8066","C14orf93",0.286109231155689,0.947290845298168,1.13835516007743,1,2361.27236619142,-0.735313843288841
"10725","SLC27A1",0.286144252659049,0.947290845298168,1.13818965488931,1,2361.27236619142,0.27505926460812
"11177","ZNF577",0.286157107033918,0.947290845298168,1.13812891393032,1,2361.27236619142,0.286247899989524
"3886","HFE",0.286215844884891,0.947290845298168,1.13785140322444,1,2361.27236619142,0.453187136369821
"6384","ACADSB",0.286246685189791,0.947290845298168,1.13770572520464,1,2361.27236619142,0.455113026662702
"10023","NOL11",0.286519816890729,0.947290845298168,1.13641642316841,1,2361.27236619142,-0.509849314031686
"5504","IFT74",0.286575906731275,0.947290845298168,1.13615184763747,1,2361.27236619142,-0.285373489074169
"3925","ATAT1",0.286836695533067,0.947290845298168,1.13492257162653,1,2361.27236619142,-0.999520964256671
"4584","GLI3",0.286951864551683,0.947290845298168,1.13438015330813,1,2361.27236619142,-10
"6275","BLOC1S2",0.286952353527687,0.947290845298168,1.13437785093893,1,2361.27236619142,-0.153191418545362
"7958","BORA",0.287174732093214,0.947290845298168,1.13333128635558,1,2361.27236619142,0.568620046300104
"6566","ANO5",0.287269354795066,0.947290845298168,1.13288628261152,1,2361.27236619142,0.36241080629264
"4117","TMEM63B",0.287415466233435,0.947290845298168,1.13219949701221,1,2361.27236619142,0.332788420662622
"9827","MLX",0.287466897669118,0.947290845298168,1.13195785313255,1,2361.27236619142,-0.281261324526563
"5838","NUP188",0.287549234714341,0.947290845298168,1.13157111772812,1,2361.27236619142,-0.537561369514249
"9151","CCDC189",0.287606152062008,0.947290845298168,1.13130386043879,1,2361.27236619142,-1.33509243708379
"11923","MORC2",0.287650247785237,0.947290845298168,1.13109685375371,1,2361.27236619142,0.377037623057492
"1646","RNF149",0.287722152429707,0.947290845298168,1.1307593850801,1,2361.27236619142,-0.144005059610349
"11096","KCNJ14",0.287730351108901,0.947290845298168,1.13072091319143,1,2361.27236619142,1.29311572409132
"4902","TNPO3",0.287818878193117,0.947290845298168,1.13030559311446,1,2361.27236619142,0.195062522408019
"7058","TAGLN",0.287865752902939,0.947290845298168,1.13008574872174,1,2361.27236619142,0.508162368977395
"5421","WDR97",0.287949381938071,0.947290845298168,1.12969363806118,1,2361.27236619142,-10
"7418","MFSD5",0.287981981433851,0.947290845298168,1.1295408283623,1,2361.27236619142,-0.497422330688579
"8434","ZBTB42",0.288142303245867,0.947290845298168,1.12878964218588,1,2361.27236619142,-1.33483786592306
"10174","SLC16A3",0.288419263719,0.947290845298168,1.12749319909435,1,2361.27236619142,0.146323986887535
"1111","INTS7",0.288456109606315,0.947290845298168,1.12732084410722,1,2361.27236619142,0.406112998604051
"3263","AHRR",0.288489762283691,0.947290845298168,1.12716345056902,1,2361.27236619142,0.16294816643929
"9878","FMNL1",0.288529918390657,0.947290845298168,1.12697567107909,1,2361.27236619142,0.175906244710019
"2816","TMEM175",0.288590633106917,0.947290845298168,1.12669181782403,1,2361.27236619142,-0.440940379035214
"404","CCDC163",0.288613786305661,0.947290845298168,1.12658359208454,1,2361.27236619142,1.28712732712578
"12273","KLF8",0.288614232071333,0.947290845298168,1.12658150853622,1,2361.27236619142,1.28712723121139
"10097","RHBDF2",0.288683578409878,0.947290845298168,1.12625742748291,1,2361.27236619142,-0.215202391682397
"5697","SMC2",0.288904370294436,0.947290845298168,1.12522624534507,1,2361.27236619142,0.405692829408562
"9939","NME2",0.288926640234848,0.947290845298168,1.12512229196665,1,2361.27236619142,0.14323493896993
"5839","SH3GLB2",0.288929352506092,0.947290845298168,1.12510963211083,1,2361.27236619142,0.447620928300077
"6455","TOLLIP",0.288968511499109,0.947290845298168,1.12492686961551,1,2361.27236619142,0.280849723037755
"8651","TRIP4",0.28912185278241,0.947290845298168,1.12421150007708,1,2361.27236619142,-0.206917540177154
"10119","USP36",0.289166763996801,0.947290845298168,1.12400207125457,1,2361.27236619142,0.258264681269629
"8928","PRSS21",0.289182022416659,0.947290845298168,1.12393092801258,1,2361.27236619142,-10
"3351","MOCS2",0.289440629438171,0.947290845298168,1.12272588512451,1,2361.27236619142,-0.251253990159641
"7119","SLC37A2",0.289461675406903,0.947290845298168,1.12262787663512,1,2361.27236619142,-0.232032387269242
"5455","SMARCA2",0.2896186579644,0.947290845298168,1.12189711452751,1,2361.27236619142,0.152408365981306
"1689","ACTR3",0.289700374275539,0.947290845298168,1.12151692052533,1,2361.27236619142,0.120276589442476
"3332","C5orf51",0.289736197547251,0.947290845298168,1.12135029195997,1,2361.27236619142,0.346244091739582
"2042","LRRFIP1",0.289990638441021,0.947290845298168,1.12016753937299,1,2361.27236619142,0.10526092786806
"12128","PRPS2",0.290060727923589,0.947290845298168,1.1198419651943,1,2361.27236619142,-0.497825162517522
"1085","IKBKE",0.290155559234808,0.947290845298168,1.11940162184836,1,2361.27236619142,-0.247430258740066
"11437","CD93",0.290228231681657,0.947290845298168,1.11906429600806,1,2361.27236619142,-0.304918300211273
"6582","EIF3M",0.290363445029144,0.947290845298168,1.11843695878802,1,2361.27236619142,0.235034892944601
"648","CAPZA1",0.290402059058011,0.947290845298168,1.11825787313816,1,2361.27236619142,-0.137640590659815
"11685","HSPA13",0.290955081047565,0.947290845298168,1.11569637439702,1,2361.27236619142,-0.415758480592476
"10323","SEC11C",0.290964440365934,0.947290845298168,1.11565307718013,1,2361.27236619142,-0.369169619754844
"8781","BTBD1",0.290967128646971,0.947290845298168,1.11564064123049,1,2361.27236619142,0.252294831173308
"11049","RTN2",0.291049671680585,0.947290845298168,1.11525886969672,1,2361.27236619142,-0.670991637048354
"3418","HEXB",0.291115134945085,0.947290845298168,1.1149561924077,1,2361.27236619142,-0.131068310863488
"10299","C18orf32",0.291117489068378,0.947290845298168,1.11494530945332,1,2361.27236619142,-0.155922241936734
"12258","SMC1A",0.291124694755988,0.947290845298168,1.11491199874004,1,2361.27236619142,0.25969921268849
"5759","RAB14",0.291244565235731,0.947290845298168,1.11435801148068,1,2361.27236619142,-0.160696355961518
"10462","STAP2",0.291264622273901,0.947290845298168,1.11426534532691,1,2361.27236619142,-10
"12379","TSC22D3",0.291286851692253,0.947290845298168,1.11416265200797,1,2361.27236619142,-0.385762599953713
"2380","TASOR",0.291352420606259,0.947290845298168,1.11385980134496,1,2361.27236619142,0.16768233466987
"9811","DNAJC7",0.29137671735854,0.947290845298168,1.11374760124366,1,2361.27236619142,-0.170803805262582
"12260","HUWE1",0.291378964000333,0.947290845298168,1.11373722706793,1,2361.27236619142,0.166073148873449
"6383","IKZF5",0.29142570116648,0.947290845298168,1.11352143496952,1,2361.27236619142,0.423289344926832
"6701","FEN1",0.291489420351384,0.947290845298168,1.11322730566839,1,2361.27236619142,-1.3201283176371
"3805","MYLK4",0.291510948592505,0.947290845298168,1.11312794933986,1,2361.27236619142,-1.37095395256911
"5646","BICD2",0.29163379894338,0.947290845298168,1.11256115425688,1,2361.27236619142,0.257384211896798
"2823","UVSSA",0.291675908957419,0.947290845298168,1.11236694130709,1,2361.27236619142,0.301512152417794
"4669","GTF2IRD1",0.291738941480271,0.947290845298168,1.11207629987714,1,2361.27236619142,0.379926929334132
"11915","RNF215",0.291825634304858,0.947290845298168,1.11167669235739,1,2361.27236619142,-0.624452715663169
"4060","ZFAND3",0.291896115914465,0.947290845298168,1.11135192159647,1,2361.27236619142,-0.0992149257955757
"6019","SKIDA1",0.291971757432793,0.947290845298168,1.11100348602264,1,2361.27236619142,-10
"267","KHDRBS1",0.291977172123275,0.947290845298168,1.11097854818073,1,2361.27236619142,-0.169069459010686
"8310","ZC2HC1C",0.291977931021677,0.947290845298168,1.11097505305338,1,2361.27236619142,-10
"5049","SLC35G5",0.291980320223827,0.947290845298168,1.11096404959332,1,2361.27236619142,-10
"12046","ATP5MGL",0.291981399184884,0.947290845298168,1.11095908048059,1,2361.27236619142,-10
"11716","C21orf62",0.291981757825268,0.947290845298168,1.11095742878159,1,2361.27236619142,-10
"2328","CACNA2D2",0.291981780708202,0.947290845298168,1.11095732339556,1,2361.27236619142,-10
"7375","TUBA1C",0.29198383263211,0.947290845298168,1.11094787342117,1,2361.27236619142,0.187280333402786
"6031","THNSL1",0.291985256243883,0.947290845298168,1.11094131713881,1,2361.27236619142,-10
"2142","COLQ",0.292043784524947,0.947290845298168,1.11067180713416,1,2361.27236619142,0.61502283507733
"11380","CENPB",0.292073839833547,0.947290845298168,1.11053343578971,1,2361.27236619142,-0.3472710764817
"8439","JAG2",0.292230851963193,0.947290845298168,1.10981086482316,1,2361.27236619142,-10
"4667","RFC2",0.292274751264114,0.947290845298168,1.10960892865467,1,2361.27236619142,0.369906850087532
"11456","PDRG1",0.292297402080394,0.947290845298168,1.10950475037558,1,2361.27236619142,-0.558631473617041
"6629","ZNF408",0.292350946788425,0.947290845298168,1.10925852231693,1,2361.27236619142,-0.818753520610011
"5010","GALNT11",0.292376933080691,0.947290845298168,1.1091390438043,1,2361.27236619142,0.236186966008174
"3668","NDST1",0.292390875012198,0.947290845298168,1.10907494786244,1,2361.27236619142,-0.297822470747249
"12275","NBDY",0.292409160093435,0.947290845298168,1.10899089086078,1,2361.27236619142,-0.184165104339501
"10786","ZNF486",0.292418545517479,0.947290845298168,1.10894774842742,1,2361.27236619142,-1.34918513510134
"3730","ATP6V0E1",0.292610755793469,0.947290845298168,1.10806459522748,1,2361.27236619142,-0.0838768390419405
"1413","MTA3",0.292651312661587,0.947290845298168,1.10787834234632,1,2361.27236619142,-0.422344740706766
"2247","TMEM158",0.292698182058335,0.947290845298168,1.10766314098022,1,2361.27236619142,-10
"6551","KCNC1",0.292703770585297,0.947290845298168,1.10763748413502,1,2361.27236619142,-10
"9258","B3GNT9",0.292704758918342,0.947290845298168,1.10763294677769,1,2361.27236619142,-10
"9805","P3H4",0.292706276822816,0.947290845298168,1.10762597823878,1,2361.27236619142,-10
"6923","TPBGL",0.292708361085195,0.947290845298168,1.10761640968589,1,2361.27236619142,-10
"4912","MKLN1",0.29295841261935,0.947290845298168,1.1064690903047,1,2361.27236619142,0.127515233674859
"22","MRPL20",0.292988949057498,0.947290845298168,1.10632906479672,1,2361.27236619142,0.168123688855248
"10478","UHRF1",0.292992351546609,0.947290845298168,1.10631346376376,1,2361.27236619142,-10
"112","DHRS3",0.293129299491216,0.947290845298168,1.10568572474157,1,2361.27236619142,-0.134966331095927
"8356","TDP1",0.29313025895412,0.947290845298168,1.1056813280995,1,2361.27236619142,-0.387628386353847
"5912","AGPAT2",0.293170558230199,0.947290845298168,1.10549667734874,1,2361.27236619142,-0.344597619519182
"7306","TM7SF3",0.293315550655116,0.947290845298168,1.10483259241882,1,2361.27236619142,0.223167603262989
"11102","DBP",0.293357114054197,0.947290845298168,1.10464230386365,1,2361.27236619142,0.277687724547927
"3302","SUB1",0.293371245447093,0.947290845298168,1.10457761435684,1,2361.27236619142,-0.139316221050812
"1029","ZBTB41",0.293372500496583,0.947290845298168,1.10457186928915,1,2361.27236619142,-0.352312168406341
"7110","ZNF202",0.293416897768024,0.947290845298168,1.10436865822435,1,2361.27236619142,0.820920862137754
"6361","EIF3A",0.29343216735442,0.947290845298168,1.10429877678384,1,2361.27236619142,0.14319110320893
"8169","MAP4K5",0.293521914052673,0.947290845298168,1.10388814398512,1,2361.27236619142,-0.301637161627272
"650","RHOC",0.293717502864558,0.947290845298168,1.10299379071165,1,2361.27236619142,0.266716346992047
"7160","WNT5B",0.293755524008119,0.947290845298168,1.10282002295385,1,2361.27236619142,-10
"3307","RAD1",0.293946241555689,0.947290845298168,1.10194882205883,1,2361.27236619142,0.443291844940982
"10164","MAFG",0.293950549385247,0.947290845298168,1.10192915217889,1,2361.27236619142,0.243514881045898
"11645","OSBPL2",0.294152092899171,0.947290845298168,1.10100930133712,1,2361.27236619142,0.344535433513327
"8902","RPS2",0.29416464617499,0.947290845298168,1.10095203449266,1,2361.27236619142,0.0886610682989843
"6243","TM9SF3",0.294374124275227,0.947290845298168,1.09999687695935,1,2361.27236619142,-0.160867588516227
"5366","EFR3A",0.294455249327306,0.947290845298168,1.09962720475059,1,2361.27236619142,0.136480156915333
"973","KIAA0040",0.294551585494393,0.947290845298168,1.09918838762355,1,2361.27236619142,0.34786098701967
"2518","CSTA",0.294625955851467,0.947290845298168,1.09884975181833,1,2361.27236619142,-0.221066496614571
"649","MOV10",0.294627543537498,0.947290845298168,1.098842523689,1,2361.27236619142,0.228802412101812
"4753","ARPC1B",0.294666861194515,0.947290845298168,1.09866354129886,1,2361.27236619142,0.0887674870373948
"5817","SWI5",0.294675788339571,0.947290845298168,1.09862290728544,1,2361.27236619142,-0.459818619483999
"598","AMY2B",0.294694987755722,0.947290845298168,1.09853552194163,1,2361.27236619142,0.391917535056072
"10475","TICAM1",0.294878756769653,0.947290845298168,1.09769947376083,1,2361.27236619142,-0.475467413480617
"7548","TMEM19",0.29496676792949,0.947290845298168,1.09729930765433,1,2361.27236619142,-0.274751193139419
"11223","TMC4",0.295069812403794,0.947290845298168,1.09683098298251,1,2361.27236619142,-0.674183369803216
"3299","GOLPH3",0.295128184156303,0.947290845298168,1.09656578340961,1,2361.27236619142,-0.208748286275161
"6497","ARFIP2",0.295210005632579,0.947290845298168,1.09619415816963,1,2361.27236619142,-0.553219568344911
"8890","CRAMP1",0.295842823353873,0.947290845298168,1.09332441396027,1,2361.27236619142,0.389029676950258
"11592","B4GALT5",0.295844664982087,0.947290845298168,1.09331607391096,1,2361.27236619142,-0.207081572898213
"6710","AHNAK",0.295859980484009,0.947290845298168,1.0932467182777,1,2361.27236619142,-0.203733396540708
"7077","DDX6",0.295910291433758,0.947290845298168,1.09301891957428,1,2361.27236619142,-0.169065172928299
"9003","SNX29",0.295966764001167,0.947290845298168,1.09276328137139,1,2361.27236619142,0.1301012352552
"3314","SKP2",0.296055822835236,0.947290845298168,1.09236025981922,1,2361.27236619142,0.528775140901347
"1870","STAT4",0.296092527634184,0.947290845298168,1.09219420335943,1,2361.27236619142,-0.184747627111084
"4503","ANKMY2",0.296105417677832,0.947290845298168,1.09213589368036,1,2361.27236619142,0.300050437655463
"10701","SLC35E1",0.296192258611463,0.947290845298168,1.09174314301726,1,2361.27236619142,0.317374572800285
"321","MEAF6",0.296206865402026,0.947290845298168,1.09167709621225,1,2361.27236619142,0.235385933466617
"3459","XRCC4",0.296241111125272,0.947290845298168,1.09152226539541,1,2361.27236619142,0.194364070134472
"3540","PRRC1",0.296258198547899,0.947290845298168,1.09144501880076,1,2361.27236619142,0.333638865345664
"4771","COPS6",0.29626410112322,0.947290845298168,1.09141833653547,1,2361.27236619142,-0.290638347354187
"6815","EIF1AD",0.296267051991551,0.947290845298168,1.09140499755412,1,2361.27236619142,-0.491496508448459
"2525","PARP15",0.296351371404064,0.947290845298168,1.09102391563843,1,2361.27236619142,0.265716246707897
"86","UBE4B",0.29636849685113,0.947290845298168,1.09094653411193,1,2361.27236619142,-0.22706947272075
"3670","DCTN4",0.296403571550119,0.947290845298168,1.09078806659662,1,2361.27236619142,0.176510374128057
"10480","PTPRS",0.296408961489947,0.947290845298168,1.09076371697771,1,2361.27236619142,1.27498963970787
"5012","XRCC2",0.296505079786109,0.947290845298168,1.09032958788246,1,2361.27236619142,-10
"3592","BRD8",0.296616859654697,0.947290845298168,1.08982494864184,1,2361.27236619142,0.35497903300742
"7809","PUS1",0.296658045899917,0.947290845298168,1.08963907154826,1,2361.27236619142,-0.735981482619511
"3187","GATB",0.296756524017224,0.947290845298168,1.08919476553558,1,2361.27236619142,-0.561711316141684
"2871","ABLIM2",0.296869928398248,0.947290845298168,1.08868335078278,1,2361.27236619142,-10
"3868","DEK",0.296962402808249,0.947290845298168,1.08826650862252,1,2361.27236619142,-0.145395692365585
"3900","ZKSCAN4",0.296974469693556,0.947290845298168,1.08821212763517,1,2361.27236619142,0.325175134767646
"10837","ZNF181",0.29725847689218,0.947290845298168,1.08693303100414,1,2361.27236619142,-0.821440655615393
"3539","LMNB1",0.297357370362426,0.947290845298168,1.08648800818277,1,2361.27236619142,-0.734395142887612
"6050","CCDC7",0.297378270163197,0.947290845298168,1.08639398294739,1,2361.27236619142,0.281635975909961
"6167","PLAU",0.297555838981731,0.947290845298168,1.08559546835744,1,2361.27236619142,-0.329407057870715
"5330","TRPS1",0.297644374182356,0.947290845298168,1.08519756042587,1,2361.27236619142,0.0976260177853715
"5271","SLC26A7",0.29767005299703,0.947290845298168,1.08508217936755,1,2361.27236619142,-10
"2102","IL17RC",0.297810764171086,0.947290845298168,1.08445015738644,1,2361.27236619142,0.443603562969122
"11991","GTPBP1",0.297818909911388,0.947290845298168,1.084413581518,1,2361.27236619142,-0.315874430900455
"8120","DTD2",0.297856097562351,0.947290845298168,1.08424661847382,1,2361.27236619142,0.766381071344618
"3700","CLINT1",0.297964350937979,0.947290845298168,1.08376074096769,1,2361.27236619142,0.228430622593712
"8849","POLR3K",0.298024211866095,0.947290845298168,1.08349216242955,1,2361.27236619142,-0.38694772661892
"9230","POLR2C",0.298061567950294,0.947290845298168,1.08332459170427,1,2361.27236619142,-0.463697622724786
"9954","MSI2",0.298142681015972,0.947290845298168,1.08296083025071,1,2361.27236619142,0.347681866029178
"12118","PNPLA4",0.298148248067518,0.947290845298168,1.08293586879357,1,2361.27236619142,0.557419980679774
"1183","ABCB10",0.29815425422854,0.947290845298168,1.08290893913629,1,2361.27236619142,0.340282522682223
"1364","CLIP4",0.298223363888537,0.947290845298168,1.0825991242479,1,2361.27236619142,0.172807153587174
"12328","CYSLTR1",0.29832555085108,0.947290845298168,1.0821411947057,1,2361.27236619142,0.264696679642022
"1114","NENF",0.298348999540224,0.947290845298168,1.08203614274985,1,2361.27236619142,-0.132554575544806
"11503","RBM39",0.29846528419453,0.947290845298168,1.08151533526456,1,2361.27236619142,-0.142390501272266
"10822","CEP89",0.298476693553131,0.947290845298168,1.08146424989356,1,2361.27236619142,-0.48218600009838
"6562","ZDHHC13",0.298483878844538,0.947290845298168,1.08143207906029,1,2361.27236619142,-0.451834800012043
"9674","ALDOC",0.29859540628871,0.947290845298168,1.08093286291916,1,2361.27236619142,-1.35071167444547
"6223","CPEB3",0.298839741623663,0.947290845298168,1.07984001347107,1,2361.27236619142,0.150740836568748
"327","C1orf122",0.299003390346928,0.947290845298168,1.07910869717619,1,2361.27236619142,-0.214343192853495
"4725","KRIT1",0.299011935629333,0.947290845298168,1.07907052401648,1,2361.27236619142,0.195653814242362
"9107","MAZ",0.29906497065727,0.947290845298168,1.07883363934987,1,2361.27236619142,-0.29928535716063
"3436","AP3B1",0.299267322902358,0.947290845298168,1.07793031525199,1,2361.27236619142,0.111635353191909
"7225","SLC2A14",0.299286866296114,0.947290845298168,1.07784311288402,1,2361.27236619142,-10
"4634","ZNF117",0.299311051394658,0.947290845298168,1.07773520943639,1,2361.27236619142,-0.32623876611131
"9933","ABCC3",0.299399098413775,0.947290845298168,1.07734247650354,1,2361.27236619142,0.1748965739417
"2539","ZNF148",0.299562099793722,0.947290845298168,1.07661580257361,1,2361.27236619142,0.126840052836133
"7323","AMN1",0.299684326208557,0.947290845298168,1.0760712407847,1,2361.27236619142,-0.435071376645118
"10654","TRMT1",0.299723271677992,0.947290845298168,1.07589778505708,1,2361.27236619142,-0.557393956455888
"7609","SCYL2",0.299739229121393,0.947290845298168,1.07582672201531,1,2361.27236619142,-0.205028974638678
"8565","TRIM69",0.299774135595931,0.947290845298168,1.0756712905221,1,2361.27236619142,0.250338795203759
"6725","HNRNPUL2",0.299832248536037,0.947290845298168,1.07541257701029,1,2361.27236619142,0.196798653111427
"1801","GAD1",0.299845409703741,0.947290845298168,1.07535399365985,1,2361.27236619142,1.25722988580014
"6322","NEURL1",0.299848205672673,0.947290845298168,1.07534154859278,1,2361.27236619142,1.25722983378584
"6413","VENTX",0.300101956327073,0.947290845298168,1.07421270735059,1,2361.27236619142,1.26742876088104
"8026","C13orf46",0.300177672814402,0.947290845298168,1.07387611131837,1,2361.27236619142,1.27508497900196
"4327","AHI1",0.300273259406912,0.947290845298168,1.07345133932779,1,2361.27236619142,-0.26815472671254
"4836","KMT2E",0.300414244822855,0.947290845298168,1.07282513989889,1,2361.27236619142,0.120334291763427
"9868","CCDC43",0.300436269830821,0.947290845298168,1.07272734804135,1,2361.27236619142,0.326205376096575
"11587","ARFGEF2",0.300628606497889,0.947290845298168,1.07187375849251,1,2361.27236619142,0.179572583338408
"7263","LRP6",0.300645925253658,0.947290845298168,1.07179693244944,1,2361.27236619142,0.885445470368351
"1240","SMYD3",0.300648733255921,0.947290845298168,1.07178447668192,1,2361.27236619142,-0.21151087668223
"8574","SQOR",0.30069555419732,0.947290845298168,1.07157680992432,1,2361.27236619142,0.149823163757758
"9097","NFATC2IP",0.300699034681079,0.947290845298168,1.07156137446253,1,2361.27236619142,-0.243758851134995
"11438","NXT1",0.300715305441451,0.947290845298168,1.07148921895606,1,2361.27236619142,0.532293485730463
"4287","NUS1",0.300752803481181,0.947290845298168,1.0713229465627,1,2361.27236619142,-0.263144210453965
"10780","ZNF14",0.300910962967037,0.947290845298168,1.07062193569811,1,2361.27236619142,0.490883995563117
"12002","PDGFB",0.301013092095252,0.947290845298168,1.07016952075168,1,2361.27236619142,0.406057556692367
"133","SPATA21",0.301016294391616,0.947290845298168,1.07015533831496,1,2361.27236619142,-10
"10561","OLFM2",0.301018431901374,0.947290845298168,1.07014587174886,1,2361.27236619142,-10
"1441","STON1",0.301021688715937,0.947290845298168,1.07013144819173,1,2361.27236619142,-10
"12232","KCND1",0.301022601315489,0.947290845298168,1.07012740656947,1,2361.27236619142,-10
"12446","FHL1",0.30103207605586,0.947290845298168,1.07008544679685,1,2361.27236619142,-10
"4459","IQCE",0.301060069188358,0.947290845298168,1.06996148654258,1,2361.27236619142,-0.321440784900889
"5204","CHD7",0.301063837336337,0.947290845298168,1.06994480142133,1,2361.27236619142,-0.452915020230159
"3234","NEIL3",0.30111755734745,0.947290845298168,1.06970696188658,1,2361.27236619142,-10
"12424","ZNF280C",0.30136295656512,0.947290845298168,1.06862117893018,1,2361.27236619142,0.518925929369953
"2858","WFS1",0.301387108627616,0.947290845298168,1.06851437838265,1,2361.27236619142,-1.29790203652099
"10630","ZNF564",0.301513296069833,0.947290845298168,1.06795655632111,1,2361.27236619142,-0.448216180248758
"7969","MYCBP2",0.301593486439847,0.947290845298168,1.06760222462065,1,2361.27236619142,-0.120384162982063
"1296","RHOB",0.301623039883496,0.947290845298168,1.06747166949322,1,2361.27236619142,0.390937654311561
"1509","PCYOX1",0.301647864939101,0.947290845298168,1.06736201522065,1,2361.27236619142,-0.33309643752465
"11150","ZNF473",0.301667209265216,0.947290845298168,1.06727657784351,1,2361.27236619142,-1.29895274177794
"3016","SEPTIN11",0.301721806652,0.947290845298168,1.06703547769088,1,2361.27236619142,0.272626076140112
"1565","TCF7L1",0.301767730790328,0.947290845298168,1.06683272188781,1,2361.27236619142,-10
"8687","CORO2B",0.301772209362157,0.947290845298168,1.06681295105263,1,2361.27236619142,-10
"7474","IL23A",0.301772906040644,0.947290845298168,1.0668098755715,1,2361.27236619142,-10
"1075","MFSD4A",0.301774273170239,0.947290845298168,1.06680384041641,1,2361.27236619142,-10
"11316","ZNF256",0.301774826826368,0.947290845298168,1.06680139632707,1,2361.27236619142,-10
"9983","C17orf64",0.301775359472388,0.947290845298168,1.06679904499133,1,2361.27236619142,-10
"8524","ITPKA",0.301775763838991,0.947290845298168,1.06679725994141,1,2361.27236619142,-10
"5315","FZD6",0.301781485385157,0.947290845298168,1.06677200288083,1,2361.27236619142,-10
"3601","MATR3",0.301784826637279,0.947290845298168,1.06675725362083,1,2361.27236619142,-10
"11194","ZNF808",0.301921552213813,0.947290845298168,1.06615388779381,1,2361.27236619142,-0.335013859396593
"6756","BAD",0.302020537415826,0.947290845298168,1.06571728912016,1,2361.27236619142,-0.352112318362827
"2739","MAGEF1",0.302085434248218,0.947290845298168,1.06543114584569,1,2361.27236619142,0.781728596318056
"4508","HDAC9",0.302160365571813,0.947290845298168,1.06510085715637,1,2361.27236619142,0.646700717627571
"5572","ALDH1B1",0.302206861827403,0.947290845298168,1.06489596014688,1,2361.27236619142,-10
"435","NRDC",0.302273411595088,0.947290845298168,1.06460276328413,1,2361.27236619142,0.133905305128562
"5762","TTLL11",0.30239006824928,0.947290845298168,1.06408901264471,1,2361.27236619142,-0.860653623513693
"9412","ACSF3",0.302455269373695,0.947290845298168,1.0638019813139,1,2361.27236619142,0.321299445647708
"3821","RPP40",0.302532527697382,0.947290845298168,1.06346197465406,1,2361.27236619142,-10
"7293","ST8SIA1",0.302540354609995,0.947290845298168,1.06342753539884,1,2361.27236619142,-10
"6805","MUS81",0.302556842854239,0.947290845298168,1.06335498912025,1,2361.27236619142,-0.542492739563321
"7714","MED13L",0.302581727536718,0.947290845298168,1.06324550919756,1,2361.27236619142,0.114237383543064
"7069","JAML",0.302815601597209,0.947290845298168,1.06221715042721,1,2361.27236619142,0.387181874011584
"10255","SS18",0.302939332281448,0.947290845298168,1.06167351381233,1,2361.27236619142,0.224023866803618
"11473","ZNF341",0.302975853998341,0.947290845298168,1.06151310284997,1,2361.27236619142,0.58700992931904
"7919","ESD",0.303146618373409,0.947290845298168,1.0607634016503,1,2361.27236619142,-0.239966961231794
"4706","SEMA3A",0.303178339950841,0.947290845298168,1.0606241955581,1,2361.27236619142,0.551642497486089
"6657","SLC43A1",0.30319116629645,0.947290845298168,1.06056791412214,1,2361.27236619142,0.790872542129728
"10426","GNG7",0.303227094144802,0.947290845298168,1.06041028069586,1,2361.27236619142,0.36115230173151
"2601","NME9",0.303307786071282,0.947290845298168,1.06005633285868,1,2361.27236619142,1.01084744429235
"2962","FIP1L1",0.303333971875754,0.947290845298168,1.05994149735099,1,2361.27236619142,0.226528347470494
"3787","SQSTM1",0.303372797175221,0.947290845298168,1.05977125604784,1,2361.27236619142,0.113231156714325
"4284","KPNA5",0.303646365746036,0.947290845298168,1.05857250950462,1,2361.27236619142,-0.321049985379488
"1603","ANKRD36C",0.303705363802378,0.947290845298168,1.05831416971987,1,2361.27236619142,-0.320411027177179
"8305","YLPM1",0.303787173877605,0.947290845298168,1.05795604837656,1,2361.27236619142,0.209544840533457
"11328","ZNF497",0.30391268168796,0.947290845298168,1.05740688376765,1,2361.27236619142,-10
"11787","POFUT2",0.303976351116892,0.947290845298168,1.05712840767615,1,2361.27236619142,-0.639458700513856
"7114","SPA17",0.304019516159924,0.947290845298168,1.05693965616989,1,2361.27236619142,0.640854097491991
"7473","PAN2",0.304025035377026,0.947290845298168,1.05691552431273,1,2361.27236619142,-0.804042357144642
"1255","PGBD2",0.304283855213366,0.947290845298168,1.05578451368988,1,2361.27236619142,0.766648880635413
"7986","STK24",0.304319708420943,0.947290845298168,1.05562793776077,1,2361.27236619142,0.152192292142676
"4091","PTCRA",0.304366761037856,0.947290845298168,1.05542248867027,1,2361.27236619142,0.579750385616733
"10755","CRTC1",0.304489266157125,0.947290845298168,1.05488777884503,1,2361.27236619142,0.303531327616567
"6006","VIM",0.304505455692983,0.947290845298168,1.05481713565386,1,2361.27236619142,0.0989709235703181
"9909","CALCOCO2",0.30471430783315,0.947290845298168,1.05390624299243,1,2361.27236619142,-0.23245537420873
"8063","RBM23",0.304780741863637,0.947290845298168,1.05361666543354,1,2361.27236619142,-0.261391479773889
"1365","ALK",0.304886620593043,0.947290845298168,1.05315532225213,1,2361.27236619142,-0.733449874646849
"5457","PUM3",0.304926698670552,0.947290845298168,1.05298074499202,1,2361.27236619142,0.31418067128817
"5921","FBXW5",0.305037113811993,0.947290845298168,1.05249993810205,1,2361.27236619142,-0.246060021325258
"5402","TIGD5",0.305114488779293,0.947290845298168,1.05216314016475,1,2361.27236619142,-1.28946517443715
"9546","TMEM102",0.305124372418539,0.947290845298168,1.05212012660302,1,2361.27236619142,-0.79948044110339
"11445","ENTPD6",0.305173302693715,0.947290845298168,1.05190720879876,1,2361.27236619142,-0.315435892691713
"11545","TOX2",0.305174028979572,0.947290845298168,1.05190404873281,1,2361.27236619142,-1.52238535313313
"11205","ZNF415",0.30518980956019,0.947290845298168,1.05183538991393,1,2361.27236619142,-10
"9899","PNPO",0.305196105630652,0.947290845298168,1.05180799798687,1,2361.27236619142,0.327128412631512
"2744","SENP2",0.305233212704219,0.947290845298168,1.05164657338638,1,2361.27236619142,0.283724672233808
"3392","SLC30A5",0.305477036460619,0.947290845298168,1.05058651386315,1,2361.27236619142,-0.345373200271414
"11278","ZNF471",0.305575734388956,0.947290845298168,1.05015772173382,1,2361.27236619142,0.937658286705095
"8097","NEDD8",0.30565978324725,0.947290845298168,1.04979271377357,1,2361.27236619142,-0.131874302996868
"10696","AP1M1",0.305758897996671,0.947290845298168,1.04936244462493,1,2361.27236619142,-0.371289963716224
"4934","ZC3HAV1",0.306077345267024,0.947290845298168,1.04798124877329,1,2361.27236619142,0.13621480346106
"8678","AAGAB",0.306155744398529,0.947290845298168,1.04764149527625,1,2361.27236619142,0.297989003830708
"11642","PSMA7",0.306195178437167,0.947290845298168,1.04747064503679,1,2361.27236619142,0.11110938301435
"8831","FAM174B",0.306268129242763,0.947290845298168,1.04715465666309,1,2361.27236619142,0.469551674542493
"10512","INSR",0.306326121990322,0.947290845298168,1.04690352913328,1,2361.27236619142,-0.373717614006617
"4203","ORC3",0.306451785706844,0.947290845298168,1.04635957566838,1,2361.27236619142,0.251443285503632
"1647","RFX8",0.306459230778492,0.947290845298168,1.04632735768131,1,2361.27236619142,1.20856317618586
"4233","ATG5",0.306591779798354,0.947290845298168,1.04575393162372,1,2361.27236619142,-0.181238895974849
"11908","ASCC2",0.306602934986182,0.947290845298168,1.04570568735057,1,2361.27236619142,-0.273134438941041
"5423","MROH1",0.306645747857344,0.947290845298168,1.04552055016275,1,2361.27236619142,0.225723488896075
"7823","ZNF140",0.306697650249563,0.947290845298168,1.04529615179662,1,2361.27236619142,-0.597346063547352
"11203","ZNF816",0.306897576469744,0.947290845298168,1.04443223715641,1,2361.27236619142,-0.951858969841674
"8302","LTBP2",0.30703477522646,0.947290845298168,1.04383980071927,1,2361.27236619142,0.915219345359707
"1806","CYBRD1",0.307095448662253,0.947290845298168,1.04357791695625,1,2361.27236619142,0.314457670545751
"5185","ATP6V1H",0.307203949067978,0.947290845298168,1.04310976577365,1,2361.27236619142,-0.158496865225681
"2709","ACTL6A",0.307220609988791,0.947290845298168,1.04303789721515,1,2361.27236619142,-0.511273591015811
"10550","ZNF559",0.307222833513046,0.947290845298168,1.0430283062021,1,2361.27236619142,-0.488799389642324
"9442","YWHAE",0.307245397685858,0.947290845298168,1.04293098235001,1,2361.27236619142,0.142445937826493
"8074","PPP1R3E",0.307276209929702,0.947290845298168,1.04279809787688,1,2361.27236619142,0.523651649157738
"11474","CHMP4B",0.307436055794758,0.947290845298168,1.04210900546098,1,2361.27236619142,-0.170907915955609
"11179","ZNF613",0.307481511472526,0.947290845298168,1.04191313184538,1,2361.27236619142,0.519794769812957
"10385","SBNO2",0.307489291325381,0.947290845298168,1.04187961135394,1,2361.27236619142,0.323908700784066
"2569","PLXND1",0.307700034080629,0.947290845298168,1.04097201789984,1,2361.27236619142,0.148086731213779
"11705","GRIK1",0.307710433949523,0.947290845298168,1.04092725029325,1,2361.27236619142,-0.954226657356807
"5092","RHOBTB2",0.308061251368614,0.947290845298168,1.03941826055243,1,2361.27236619142,-0.977875978412557
"3442","HOMER1",0.308100984332885,0.947290845298168,1.0392474957404,1,2361.27236619142,0.610160500088978
"3282","ATPSCKMT",0.308223112517992,0.947290845298168,1.03872279081373,1,2361.27236619142,0.459463181384349
"8113","G2E3",0.308275869806143,0.947290845298168,1.03849621079073,1,2361.27236619142,-0.331889274443067
"8580","SECISBP2L",0.308323259550737,0.947290845298168,1.0382927260413,1,2361.27236619142,-0.194810099558107
"8431","INF2",0.308329078383886,0.947290845298168,1.03826774360963,1,2361.27236619142,-0.33564706643781
"12438","RTL8B",0.30834890347601,0.947290845298168,1.03818263165747,1,2361.27236619142,-0.791740984694927
"9253","CIAO2B",0.308426834584827,0.947290845298168,1.03784813117657,1,2361.27236619142,-0.184117449563151
"2200","MYD88",0.308460936598634,0.947290845298168,1.0377017910545,1,2361.27236619142,-0.21259600531753
"805","ADAR",0.308475524791445,0.947290845298168,1.03763919595451,1,2361.27236619142,0.101181399388299
"7633","ALDH1L2",0.30854772450968,0.947290845298168,1.0373294576215,1,2361.27236619142,-0.753438278201105
"10876","COX7A1",0.308729092545478,0.947290845298168,1.03655180023205,1,2361.27236619142,1.86917576576307
"2488","ZDHHC23",0.30872926559391,0.947290845298168,1.03655105853047,1,2361.27236619142,1.86917578207215
"1038","CAMSAP2",0.308909193945262,0.947290845298168,1.03578016126499,1,2361.27236619142,0.194296639039418
"5777","NR6A1",0.309080491585616,0.947290845298168,1.03504678426882,1,2361.27236619142,-0.29125691750776
"956","VAMP4",0.309170948396626,0.947290845298168,1.0346597245144,1,2361.27236619142,0.271556459828478
"2394","RPP14",0.309256269933192,0.947290845298168,1.03429477326737,1,2361.27236619142,0.433537018312482
"9415","SPG7",0.309378333016433,0.947290845298168,1.03377289269091,1,2361.27236619142,-0.201672412707281
"10932","PAF1",0.309472280673264,0.947290845298168,1.03337140195821,1,2361.27236619142,-0.480235600534028
"9780","CDK12",0.309551284439709,0.947290845298168,1.0330338975164,1,2361.27236619142,0.174268727063357
"2410","EOGT",0.309589500401948,0.947290845298168,1.03287067896892,1,2361.27236619142,-0.389181744460891
"11579","ZNF334",0.309606499656956,0.947290845298168,1.032798084387,1,2361.27236619142,-10
"554","GBP7",0.309625863484925,0.947290845298168,1.03271539831676,1,2361.27236619142,1.23835380499695
"8880","TPSD1",0.309652613318593,0.947290845298168,1.03260118410598,1,2361.27236619142,-10
"477","PATJ",0.30973565948677,0.947290845298168,1.03224668227961,1,2361.27236619142,-1.35263520281825
"8979","METTL22",0.309847107681185,0.947290845298168,1.03177113414374,1,2361.27236619142,-0.348584147079661
"9906","HOXB2",0.309918002666024,0.947290845298168,1.03146874190374,1,2361.27236619142,0.989068342977506
"6996","BIRC3",0.309929359375026,0.947290845298168,1.03142030988043,1,2361.27236619142,0.631290009369095
"4253","ZBTB24",0.310061208523012,0.947290845298168,1.03085819268922,1,2361.27236619142,-0.434858408688266
"543","SH3GLB1",0.310212820917148,0.947290845298168,1.03021220263526,1,2361.27236619142,-0.133955265173129
"8579","EID1",0.310391763820755,0.947290845298168,1.02945029143095,1,2361.27236619142,-0.14600406224853
"11162","CD33",0.310419749679227,0.947290845298168,1.02933118369493,1,2361.27236619142,-0.429798863914374
"9014","MPV17L",0.310426906831296,0.947290845298168,1.02930072512094,1,2361.27236619142,-10
"3019","CXCL13",0.310435581768238,0.947290845298168,1.02926380856084,1,2361.27236619142,-10
"6387","OAT",0.310445252195217,0.947290845298168,1.02922265723439,1,2361.27236619142,0.310749431740707
"7447","GDF11",0.310460962678929,0.947290845298168,1.02915580673957,1,2361.27236619142,1.2328124378823
"3484","ELL2",0.310509617316361,0.947290845298168,1.02894880181193,1,2361.27236619142,0.121485874079065
"5509","ACO1",0.310545886446934,0.947290845298168,1.02879451946358,1,2361.27236619142,0.348705870823181
"10446","HMG20B",0.310570002178179,0.947290845298168,1.02869194847588,1,2361.27236619142,-0.25022800735172
"7333","ABCD2",0.310608775565905,0.947290845298168,1.02852705609805,1,2361.27236619142,-10
"852","NAXE",0.31066110010339,0.947290845298168,1.02830457696673,1,2361.27236619142,-0.351673112088866
"1321","RAB10",0.310852516939896,0.947290845298168,1.02749110586702,1,2361.27236619142,0.105711457726418
"4436","PDCD2",0.310940210320899,0.947290845298168,1.02711865005016,1,2361.27236619142,0.294004311833369
"9488","ZMYND15",0.311123603630966,0.947290845298168,1.0263401748338,1,2361.27236619142,-0.289472456329036
"746","ANXA9",0.311205118641949,0.947290845298168,1.02599434861707,1,2361.27236619142,-10
"5208","CYP7B1",0.31120560860082,0.947290845298168,1.02599227033082,1,2361.27236619142,-10
"10460","EBI3",0.311208330291323,0.947290845298168,1.02598072565993,1,2361.27236619142,-10
"6439","DRD4",0.311209283550812,0.947290845298168,1.02597668222356,1,2361.27236619142,-10
"485","RAVER2",0.311210146937036,0.947290845298168,1.02597302001613,1,2361.27236619142,-10
"10821","SLC7A9",0.311212575276541,0.947290845298168,1.02596271984984,1,2361.27236619142,-10
"12366","RAB40A",0.311213291958747,0.947290845298168,1.02595967995477,1,2361.27236619142,-10
"8794","AGBL1",0.311213849494814,0.947290845298168,1.02595731510379,1,2361.27236619142,-10
"7258","TAS2R31",0.311214524709549,0.947290845298168,1.0259544511131,1,2361.27236619142,-10
"4858","THAP5",0.311315006736003,0.947290845298168,1.02552833682773,1,2361.27236619142,-0.432047831871238
"10053","NAT9",0.311345070735877,0.947290845298168,1.02540087921828,1,2361.27236619142,-0.635172573888757
"10200","LPIN2",0.311348756655077,0.947290845298168,1.02538525371069,1,2361.27236619142,-0.188691978222504
"11857","MAPK1",0.311481502823757,0.947290845298168,1.02482267110408,1,2361.27236619142,0.148705838115634
"942","ATP1B1",0.311522006957638,0.947290845298168,1.02465107549236,1,2361.27236619142,0.228785290980685
"6108","NRBF2",0.311564953550001,0.947290845298168,1.02446916418378,1,2361.27236619142,-0.209030891139344
"6475","CHRNA10",0.31159144642759,0.947290845298168,1.02435696310846,1,2361.27236619142,-10
"11087","PLA2G4C",0.311640641975428,0.947290845298168,1.0241486460118,1,2361.27236619142,0.351667658264597
"8041","RNASE6",0.311697271221386,0.947290845298168,1.02390890422167,1,2361.27236619142,0.103519273202077
"4766","CYP3A5",0.311910699364886,0.947290845298168,1.02300585929387,1,2361.27236619142,1.83779087840177
"1602","FAHD2A",0.311934708514257,0.947290845298168,1.02290432358655,1,2361.27236619142,0.463823291306551
"10768","HAPLN4",0.311994762271114,0.947290845298168,1.02265039834127,1,2361.27236619142,-10
"11561","WFDC3",0.311997926849206,0.947290845298168,1.02263701932695,1,2361.27236619142,-10
"8264","PLEKHD1",0.311998591610981,0.947290845298168,1.0226342089093,1,2361.27236619142,-10
"5134","NRG1",0.31200013649252,0.947290845298168,1.02262767763381,1,2361.27236619142,-10
"1947","LANCL1",0.31200411343799,0.947290845298168,1.02261086454753,1,2361.27236619142,-0.547323248603513
"5927","NPDC1",0.312007361386429,0.947290845298168,1.02259713360426,1,2361.27236619142,-10
"2641","PFN2",0.312007813810495,0.947290845298168,1.02259522096271,1,2361.27236619142,-10
"6024","SPAG6",0.312120071109672,0.947290845298168,1.02212076035064,1,2361.27236619142,1.22201476311968
"9500","SPAG7",0.312300482076354,0.947290845298168,1.0213587113593,1,2361.27236619142,0.269792860602169
"12112","CD99",0.312308979847775,0.947290845298168,1.02132283126476,1,2361.27236619142,-0.132102773558534
"12042","RRP7A",0.312350093997817,0.947290845298168,1.02114925320065,1,2361.27236619142,-0.266746530305188
"3450","DHFR",0.312479800608913,0.947290845298168,1.02060184577511,1,2361.27236619142,0.416018813994084
"5191","XKR4",0.312498566899721,0.947290845298168,1.02052266999662,1,2361.27236619142,-10
"8615","RFX7",0.312605630362248,0.947290845298168,1.02007108336144,1,2361.27236619142,0.204318276427404
"3173","OTUD4",0.312647000245702,0.947290845298168,1.01989664198699,1,2361.27236619142,0.237494277164821
"1659","SULT1C2",0.312670664035214,0.947290845298168,1.01979687415508,1,2361.27236619142,1.00982135267542
"4730","FAM133B",0.31268609671411,0.947290845298168,1.01973181444602,1,2361.27236619142,-0.194289579880391
"2992","CXCL6",0.312787402681284,0.947290845298168,1.01930484184674,1,2361.27236619142,-10
"11848","LZTR1",0.312787467570481,0.947290845298168,1.01930456841717,1,2361.27236619142,-0.571762244804982
"4832","PSMC2",0.312789229049197,0.947290845298168,1.01929714594058,1,2361.27236619142,-0.174500059617221
"7876","STARD13",0.312835041582266,0.947290845298168,1.01910412135653,1,2361.27236619142,-0.145805733637404
"7994","TMTC4",0.312848483318499,0.947290845298168,1.01904749351767,1,2361.27236619142,0.691806937952799
"6983","PIWIL4",0.312908896530581,0.947290845298168,1.01879302174234,1,2361.27236619142,-0.319110111890547
"2235","ZKSCAN7",0.312943067851628,0.947290845298168,1.01864911413423,1,2361.27236619142,1.21675211198648
"9130","NPIPB13",0.312943622683224,0.947290845298168,1.01864677770997,1,2361.27236619142,1.2167509905791
"6836","RBM4",0.31338781088767,0.947478958812635,1.01677801235212,1,2361.27236619142,-0.258720307636241
"8514","DNAJC17",0.313491052479275,0.947478958812635,1.01634415522339,1,2361.27236619142,0.331013032620579
"2315","GNAI2",0.313589812527251,0.947478958812635,1.01592930576456,1,2361.27236619142,0.0851493091876828
"3105","CYP2U1",0.313662506537486,0.947478958812635,1.01562405783502,1,2361.27236619142,-0.941074365001258
"5942","EXD3",0.313678594165444,0.947478958812635,1.01555651709871,1,2361.27236619142,0.338543372983826
"9600","PMP22",0.313801865057394,0.947478958812635,1.01503913873758,1,2361.27236619142,-0.159477594662351
"6597","APIP",0.313817180014164,0.947478958812635,1.01497487911853,1,2361.27236619142,0.24316378261377
"7598","CDK17",0.313847907220086,0.947478958812635,1.01484596401439,1,2361.27236619142,0.173717095701766
"6114","HERC4",0.313874589250762,0.947478958812635,1.01473403370711,1,2361.27236619142,-0.131062493931441
"6210","IFIT3",0.313904461954188,0.947478958812635,1.01460873338018,1,2361.27236619142,-0.109351276846751
"4965","ARHGEF5",0.313944722631015,0.947478958812635,1.01443988560817,1,2361.27236619142,-10
"3568","VDAC1",0.313966774769642,0.947478958812635,1.01434741395177,1,2361.27236619142,0.184697206777276
"9098","SPNS1",0.314033378937678,0.947478958812635,1.01406817295347,1,2361.27236619142,-0.291066662570707
"9361","CMC2",0.314081069494125,0.947478958812635,1.01386827569205,1,2361.27236619142,0.176193888857954
"8641","RAB8B",0.314139024857901,0.947478958812635,1.01362540640269,1,2361.27236619142,0.114460468100666
"9045","CRYM",0.314244283724737,0.947568541041578,1.01318445557939,1,2361.27236619142,-10
"2496","TMEM39A",0.314361605628333,0.94768459400692,1.01269319778154,1,2361.27236619142,-0.464949819751906
"7554","GLIPR1L2",0.314529797699683,0.94768459400692,1.0119893512494,1,2361.27236619142,0.91319534604075
"6506","ZNF215",0.314549791916419,0.94768459400692,1.0119057126232,1,2361.27236619142,1.01669218285851
"4396","TMEM242",0.314633317380759,0.94768459400692,1.01155638902534,1,2361.27236619142,-0.371757469158302
"8363","DGLUCY",0.314704649702768,0.94768459400692,1.01125815610757,1,2361.27236619142,0.153347151420625
"6614","EXT2",0.314755482645501,0.94768459400692,1.01104568289256,1,2361.27236619142,0.269552853143659
"547","PKN2",0.314934289706428,0.94768459400692,1.0102986557864,1,2361.27236619142,0.118045747947458
"6504","DCHS1",0.315025387446027,0.94768459400692,1.00991827746784,1,2361.27236619142,1.22611086417362
"678","GDAP2",0.315060855640037,0.94768459400692,1.00977021906833,1,2361.27236619142,-0.244270859032019
"883","NHLH1",0.315270521865167,0.94768459400692,1.00889543396516,1,2361.27236619142,-10
"7144","ST14",0.315386755792984,0.94768459400692,1.00841080211452,1,2361.27236619142,-0.339282469057246
"12498","GAB3",0.315429976392738,0.94768459400692,1.00823065550756,1,2361.27236619142,0.206600643352932
"1821","CHN1",0.315464850480136,0.94768459400692,1.00808532132873,1,2361.27236619142,0.792590262519736
"2257","CCRL2",0.315485587713023,0.94768459400692,1.00799891101251,1,2361.27236619142,0.434010364617735
"10302","CFAP53",0.315601878767301,0.94768459400692,1.00751447366322,1,2361.27236619142,1.00683748863881
"1110","LPGAT1",0.315714281226072,0.94768459400692,1.00704645726236,1,2361.27236619142,-0.217037490107401
"10540","RAB11B",0.315716108598942,0.94768459400692,1.00703885033049,1,2361.27236619142,-0.286041415363433
"8512","RMDN3",0.31587454421434,0.94768459400692,1.00637953855483,1,2361.27236619142,0.319128359405465
"5015","PAXIP1",0.315897719690414,0.94768459400692,1.0062831327637,1,2361.27236619142,-0.558839607828007
"5872","TSC1",0.315961552161964,0.94768459400692,1.00601764911495,1,2361.27236619142,0.335804212710509
"7446","CD63",0.316001117519362,0.94768459400692,1.00585312933562,1,2361.27236619142,0.10658134980157
"9716","COPRS",0.31601079022179,0.94768459400692,1.00581291262694,1,2361.27236619142,-0.273063760831512
"8767","TLNRD1",0.316297917766856,0.94768459400692,1.00461984119043,1,2361.27236619142,-0.334328039222074
"8129","CFL2",0.316328672198393,0.94768459400692,1.00449213462451,1,2361.27236619142,0.371580452688869
"8603","MYO5C",0.316401473472054,0.94768459400692,1.00418989504015,1,2361.27236619142,0.950717671238133
"5054","TRMT9B",0.316446478617624,0.94768459400692,1.00400309861156,1,2361.27236619142,-0.798260410414608
"7509","ATP23",0.316478806646195,0.94768459400692,1.0038689407693,1,2361.27236619142,-0.941113755609377
"11514","NDRG3",0.316624072327695,0.94768459400692,1.00326632544585,1,2361.27236619142,-0.307424066412279
"1980","CNPPD1",0.316639997541762,0.94768459400692,1.00320028386164,1,2361.27236619142,0.38087941355457
"3192","TRIM2",0.31668494837859,0.94768459400692,1.00301389701681,1,2361.27236619142,-10
"2746","TRA2B",0.316822432422745,0.94768459400692,1.00244404014597,1,2361.27236619142,-0.203894918744888
"9459","SMG6",0.31684378213139,0.94768459400692,1.00235557693844,1,2361.27236619142,0.172363313691147
"2078","TRNT1",0.316904895753287,0.94768459400692,1.00210239387581,1,2361.27236619142,0.350817031888657
"6499","DNHD1",0.316914210864691,0.94768459400692,1.00206380861924,1,2361.27236619142,-0.332523579578556
"6487","TRIM6",0.316927612412489,0.94768459400692,1.00200829904613,1,2361.27236619142,-0.464574141534171
"5310","UBR5",0.317007835632112,0.947698514103055,1.00167607665542,1,2361.27236619142,0.131122719422523
"2692","RPL22L1",0.317176316576215,0.947746191533055,1.00097871800097,1,2361.27236619142,0.25991957823555
"2306","RNF123",0.317293400832915,0.947746191533055,1.00049438122339,1,2361.27236619142,-0.682812647976137
"5565","FBXO10",0.317323335299482,0.947746191533055,1.00037059039776,1,2361.27236619142,-0.616293216467855
"4449","MAFK",0.317326071146424,0.947746191533055,1.0003592773557,1,2361.27236619142,-0.575842054667657
"2471","NECTIN3",0.317411650475133,0.947776073478247,1.00000546157338,1,2361.27236619142,-10
"3943","DDX39B",0.317609191634784,0.947907541070492,0.999189232943443,1,2361.27236619142,-0.20928049384303
"7954","DIAPH3",0.317797314693208,0.947907541070492,0.998412538461192,1,2361.27236619142,-10
"8653","OAZ2",0.317800640316092,0.947907541070492,0.998398813553001,1,2361.27236619142,0.174253494848463
"12426","RBMX2",0.317935832219967,0.947907541070492,0.997841033582428,1,2361.27236619142,-0.359847697278369
"2173","TGFBR2",0.317947104716047,0.947907541070492,0.997794539146611,1,2361.27236619142,-0.13710245734336
"1733","MAP3K19",0.318027143245491,0.947907541070492,0.997464475172047,1,2361.27236619142,-10
"10931","SAMD4B",0.318044829629876,0.947907541070492,0.997391554532124,1,2361.27236619142,-0.274953795210709
"582","SNX7",0.318231566251047,0.947907541070492,0.996621967592987,1,2361.27236619142,0.706035430444726
"3347","PARP8",0.318338827650669,0.947907541070492,0.996180185425053,1,2361.27236619142,0.139005814045529
"3873","SOX4",0.318382507556728,0.947907541070492,0.996000335118543,1,2361.27236619142,0.3004702620223
"3972","SKIV2L",0.318411159585782,0.947907541070492,0.995882379108768,1,2361.27236619142,-0.565955716159391
"963","PRDX6",0.318428824746176,0.947907541070492,0.99580966129969,1,2361.27236619142,0.140015420691843
"9511","C1QBP",0.318541718865105,0.947907541070492,0.995345063033056,1,2361.27236619142,-0.333766440523415
"3613","ANKHD1",0.318583634378997,0.947907541070492,0.995172621284952,1,2361.27236619142,0.125729755299228
"11951","APOL1",0.318589449454758,0.947907541070492,0.995148700233922,1,2361.27236619142,-0.358000342017566
"10581","ATG4D",0.318822713926585,0.948069295080705,0.994189610045235,1,2361.27236619142,0.477468417503407
"8605","ARPP19",0.318840179890474,0.948069295080705,0.994117834094285,1,2361.27236619142,-0.179615519560313
"7999","ERCC5",0.318957086883121,0.948069295080705,0.993637540672606,1,2361.27236619142,0.198602309007103
"1633","LIPT1",0.318992991764459,0.948069295080705,0.993490077727024,1,2361.27236619142,0.531087593304505
"12279","FAAH2",0.319034659653805,0.948069295080705,0.993318973196918,1,2361.27236619142,-1.47219190231021
"11486","ACSS2",0.319127415422263,0.948069295080705,0.992938187451338,1,2361.27236619142,0.270910054045308
"8550","TP53BP1",0.319290607622058,0.948069295080705,0.99226859548151,1,2361.27236619142,-0.369806811507106
"10324","LMAN1",0.31942214980859,0.948069295080705,0.991729193729945,1,2361.27236619142,-0.220308092940692
"374","EBNA1BP2",0.319458120479099,0.948069295080705,0.99158174328965,1,2361.27236619142,-0.50395328135042
"3361","MAP3K1",0.319537355286464,0.948069295080705,0.991257022139908,1,2361.27236619142,-0.142523580637355
"7004","CASP5",0.319824909395939,0.948069295080705,0.990079452988309,1,2361.27236619142,-10
"2214","RPL14",0.319860247536846,0.948069295080705,0.989934835083024,1,2361.27236619142,-0.106540020957731
"2638","COMMD2",0.319870672795192,0.948069295080705,0.989892174742103,1,2361.27236619142,-0.26638261628534
"743","ARNT",0.319876490400154,0.948069295080705,0.9898683697952,1,2361.27236619142,-0.198739638635851
"2827","TMEM129",0.320121910589065,0.948069295080705,0.988864658167917,1,2361.27236619142,-0.529583835066681
"11026","ZNF180",0.320160152951786,0.948069295080705,0.988708346957825,1,2361.27236619142,-0.77624284743785
"1370","CAPN14",0.320217952036943,0.948069295080705,0.988472146545258,1,2361.27236619142,-10
"3582","PCBD2",0.320301974944246,0.948069295080705,0.988128880517063,1,2361.27236619142,-0.317414136821436
"1583","IMMT",0.320313201811893,0.948069295080705,0.988083023402462,1,2361.27236619142,-0.205930055233766
"11242","NCR1",0.320436448637188,0.948069295080705,0.987579750105756,1,2361.27236619142,-10
"6672","DTX4",0.32048857999697,0.948069295080705,0.987366950538846,1,2361.27236619142,-0.95040582184996
"2753","RFC4",0.320497530720763,0.948069295080705,0.987330418378391,1,2361.27236619142,0.604388345214452
"7140","TMEM45B",0.320503128558143,0.948069295080705,0.987307571624573,1,2361.27236619142,-10
"12097","CHKB",0.320869958545243,0.948069295080705,0.985811553027811,1,2361.27236619142,-0.26326340467518
"2954","SLAIN2",0.320915717049931,0.948069295080705,0.985625097126556,1,2361.27236619142,0.190301335772191
"11099","SULT2B1",0.321038184668205,0.948069295080705,0.985126240587049,1,2361.27236619142,-10
"9700","SSH2",0.32137528217974,0.948069295080705,0.983754409718539,1,2361.27236619142,0.134145702149492
"8290","PTGR2",0.321405640892557,0.948069295080705,0.983630956873314,1,2361.27236619142,-0.401034866884064
"10801","ZNF730",0.321852045420415,0.948069295080705,0.981817438130034,1,2361.27236619142,-10
"10845","FXYD7",0.321852559755126,0.948069295080705,0.981815350557518,1,2361.27236619142,-10
"3330","C7",0.321853060358307,0.948069295080705,0.981813318722517,1,2361.27236619142,-10
"1876","HECW2",0.321853171432638,0.948069295080705,0.981812867897516,1,2361.27236619142,-10
"4888","FSCN3",0.321854909764184,0.948069295080705,0.9818058124388,1,2361.27236619142,-10
"5903","DNLZ",0.321854944188733,0.948069295080705,0.981805672718557,1,2361.27236619142,-10
"2501","PLA1A",0.321855238549184,0.948069295080705,0.981804477987279,1,2361.27236619142,-10
"4714","ADAM22",0.321861056864242,0.948069295080705,0.981780863279749,1,2361.27236619142,-10
"8233","ZBTB25",0.321920622290132,0.948069295080705,0.981539138355781,1,2361.27236619142,-0.325882472460646
"2113","SLC6A11",0.322098154660946,0.948069295080705,0.980819036574763,1,2361.27236619142,-10
"10903","ZFP30",0.322161657371123,0.948069295080705,0.980561585761024,1,2361.27236619142,0.413421506926478
"11490","EDEM2",0.322228601925939,0.948069295080705,0.980290253581521,1,2361.27236619142,-0.257190177801825
"3672","IRGM",0.32224602148042,0.948069295080705,0.980219662782389,1,2361.27236619142,-10
"2736","FAM131A",0.322293515073001,0.948069295080705,0.980027225868575,1,2361.27236619142,-0.622477691146407
"2782","TCTEX1D2",0.3223050878728,0.948069295080705,0.979980340287248,1,2361.27236619142,0.603476861454472
"6500","RRP8",0.322317380471456,0.948069295080705,0.979930540973511,1,2361.27236619142,0.427101672694933
"1264","CMPK2",0.322392024832353,0.948069295080705,0.979628198331048,1,2361.27236619142,-0.141381180670576
"9260","FBXL8",0.32241682520681,0.948069295080705,0.979527766293864,1,2361.27236619142,0.61854753859179
"1963","GPBAR1",0.322427914576622,0.948069295080705,0.979482861882091,1,2361.27236619142,-0.439731604363223
"5733","PRPF4",0.322568981396823,0.948069295080705,0.978911814887518,1,2361.27236619142,0.318271464684208
"7162","ADIPOR2",0.322585854534265,0.948069295080705,0.978843533472743,1,2361.27236619142,-0.225617535551354
"6748","FERMT3",0.32262457767328,0.948069295080705,0.97868684832117,1,2361.27236619142,0.167624449986937
"5744","TEX53",0.322676842437653,0.948069295080705,0.978475409136974,1,2361.27236619142,-10
"12374","RNF128",0.322679721740997,0.948069295080705,0.978463762114158,1,2361.27236619142,-10
"11774","PWP2",0.322684472926536,0.948069295080705,0.97844454347119,1,2361.27236619142,-10
"913","DUSP12",0.322726084100114,0.948069295080705,0.978276241375798,1,2361.27236619142,-0.412126131134767
"248","GMEB1",0.322940541423752,0.94827027471824,0.977409293272476,1,2361.27236619142,-0.368037973009654
"3959","CLIC1",0.322945725486134,0.94827027471824,0.977388346001674,1,2361.27236619142,-0.0974768553538016
"4949","MRPS33",0.323298759081189,0.948487291700465,0.975962884703348,1,2361.27236619142,-0.3183929680725
"7219","C1R",0.323522291820418,0.948487291700465,0.975061377742378,1,2361.27236619142,-1.33177562231502
"1958","RPL37A",0.32352844040152,0.948487291700465,0.975036592156961,1,2361.27236619142,0.106210894638412
"290","ZNF362",0.323596571760697,0.948487291700465,0.974761989029041,1,2361.27236619142,-0.358006986290947
"1578","GNLY",0.323624827932141,0.948487291700465,0.974648125064687,1,2361.27236619142,-10
"8016","PCID2",0.32368865253312,0.948487291700465,0.974390979240137,1,2361.27236619142,-0.433866728954539
"4838","PUS7",0.323723807107998,0.948487291700465,0.974249371988153,1,2361.27236619142,-0.716882799133961
"6832","ZDHHC24",0.323731740935384,0.948487291700465,0.974217416297665,1,2361.27236619142,-0.321176374374579
"325","CDCA8",0.323764446263456,0.948487291700465,0.97408569743997,1,2361.27236619142,-10
"10704","TMEM38A",0.323775942569946,0.948487291700465,0.974039400891952,1,2361.27236619142,-1.25067599623438
"703","POLR3GL",0.324326884678117,0.94910513699,0.971823256099457,1,2361.27236619142,-0.188613579338214
"4160","FAM135A",0.324351693418461,0.94910513699,0.971723580928142,1,2361.27236619142,0.1730488158487
"2051","ASB1",0.324457625321341,0.94910513699,0.971298087024403,1,2361.27236619142,0.420022946630232
"6743","NAA40",0.324485411218094,0.94910513699,0.971186510546388,1,2361.27236619142,0.413996602366959
"8391","CLMN",0.324531359897054,0.94910513699,0.97100202768889,1,2361.27236619142,0.216627095829813
"1619","SEMA4C",0.324819296188639,0.94910513699,0.969846756214506,1,2361.27236619142,0.535869689491803
"6945","NDUFC2",0.325120153338313,0.94910513699,0.968641089340703,1,2361.27236619142,0.135274746392924
"12018","L3MBTL2",0.325269839996519,0.94910513699,0.968041778885139,1,2361.27236619142,-0.46155596150418
"7770","DENR",0.325284923008377,0.94910513699,0.967981410266059,1,2361.27236619142,0.207498389828342
"5467","CD274",0.325285839182489,0.94910513699,0.967977743467518,1,2361.27236619142,-0.567563245750186
"7181","GALNT8",0.325373719763918,0.94910513699,0.967626083028848,1,2361.27236619142,0.654355883963947
"7445","RDH5",0.325380789383757,0.94910513699,0.967597798902084,1,2361.27236619142,0.757414004307888
"740","HORMAD1",0.325497119899622,0.94910513699,0.967132500693446,1,2361.27236619142,0.429503032058559
"3026","RASGEF1B",0.325638640545185,0.94910513699,0.966566743838337,1,2361.27236619142,-0.229031296711862
"9482","UBE2G1",0.325706854348741,0.94910513699,0.966294161877382,1,2361.27236619142,0.17566504620564
"4110","POLH",0.32574618923341,0.94910513699,0.966137014265129,1,2361.27236619142,-0.435771914625584
"9078","GTF3C1",0.325797508397672,0.94910513699,0.96593202578086,1,2361.27236619142,0.257682835066312
"2982","YTHDC1",0.325825092910357,0.94910513699,0.96582186029237,1,2361.27236619142,0.177404810346786
"5239","ZC2HC1A",0.32584585313703,0.94910513699,0.965738957401756,1,2361.27236619142,0.333387116028553
"999","NPL",0.325862968165828,0.94910513699,0.965670616328982,1,2361.27236619142,-0.0890011384130295
"597","RNPC3",0.32594639515804,0.94910513699,0.965337556676376,1,2361.27236619142,0.208387158261436
"4316","VNN1",0.326028588531706,0.94910513699,0.965009532303123,1,2361.27236619142,0.861187151494159
"9642","FAM83G",0.326071869945195,0.94910513699,0.96483684514294,1,2361.27236619142,1.20767830890505
"1013","TRMT1L",0.326182914545341,0.94910513699,0.964393930606533,1,2361.27236619142,-0.273735086995883
"1115","ATF3",0.326274105424246,0.94910513699,0.964030354333792,1,2361.27236619142,-0.259123489544642
"2435","ARL13B",0.326368603934459,0.94910513699,0.963653732614936,1,2361.27236619142,0.323146449263825
"5004","ABCF2",0.326477388711889,0.94910513699,0.963220352165112,1,2361.27236619142,-0.486311502174686
"577","ABCD3",0.326565462004133,0.94910513699,0.962869622981916,1,2361.27236619142,-0.282540533714946
"2573","ATP2C1",0.326670136312928,0.94910513699,0.962452947527577,1,2361.27236619142,0.183874357148529
"7455","CDK2",0.327127805060581,0.94910513699,0.960633188933183,1,2361.27236619142,0.59871402052364
"2259","TMIE",0.327263571833238,0.94910513699,0.96009400933013,1,2361.27236619142,2.13213270886742
"7124","CHEK1",0.327442455975798,0.94910513699,0.95938404765668,1,2361.27236619142,0.616876904104338
"11385","RNF24",0.327510219481741,0.94910513699,0.959115239826371,1,2361.27236619142,-0.344505513286681
"7889","FOXO1",0.327687720117306,0.94910513699,0.958411470652287,1,2361.27236619142,0.234080602231795
"6685","PRPF19",0.327718675396708,0.94910513699,0.958288788403737,1,2361.27236619142,-0.485251950490913
"12495","FAM3A",0.327722616528101,0.94910513699,0.958273169979032,1,2361.27236619142,-0.491280391153221
"10592","TIMM29",0.327733626507734,0.94910513699,0.958229539529877,1,2361.27236619142,-0.485711548615941
"7787","EIF2B1",0.327840638329271,0.94910513699,0.957805573399521,1,2361.27236619142,-0.386493334928829
"78","SLC25A33",0.327908487196644,0.94910513699,0.957536860640954,1,2361.27236619142,0.434126114507764
"8552","PPIP5K1",0.327909379142788,0.94910513699,0.957533328614943,1,2361.27236619142,0.547913203613345
"7065","FXYD6",0.328243154913909,0.94910513699,0.956212501407959,1,2361.27236619142,0.316141369752398
"6048","KIF5B",0.328286686850028,0.94910513699,0.956040367010607,1,2361.27236619142,-0.129885394132913
"3017","CCNI",0.328303438228729,0.94910513699,0.955974136624352,1,2361.27236619142,0.106597343668125
"3112","CASP6",0.328417575597031,0.94910513699,0.955522987998907,1,2361.27236619142,0.371626608617929
"10268","ZNF24",0.32850203484909,0.94910513699,0.955189281531846,1,2361.27236619142,-0.225859721550671
"8314","JDP2",0.32850401201628,0.94910513699,0.955181470922912,1,2361.27236619142,-0.283545940908689
"8166","L2HGDH",0.328517816003432,0.94910513699,0.955126941338185,1,2361.27236619142,0.557264544716779
"2818","IDUA",0.328630349550583,0.94910513699,0.954682516064958,1,2361.27236619142,-1.238846366908
"4173","COX7A2",0.32865244528326,0.94910513699,0.954595277810482,1,2361.27236619142,0.109651885941987
"1455","CFAP36",0.328749786584628,0.94910513699,0.954211048150494,1,2361.27236619142,-0.283151731941148
"6187","PRXL2A",0.328752100310333,0.94910513699,0.954201917154521,1,2361.27236619142,0.191722391628314
"12003","RPL3",0.328800857392901,0.94910513699,0.954009519764289,1,2361.27236619142,0.111187305943984
"11088","LIG1",0.328822245401583,0.94910513699,0.953925133790388,1,2361.27236619142,0.434767335672397
"1897","AOX1",0.328982020966897,0.94910513699,0.953294973047268,1,2361.27236619142,-1.42857720117393
"1148","NVL",0.329048781665372,0.94910513699,0.953031786836694,1,2361.27236619142,0.274686508960163
"2379","CCDC66",0.329056481811678,0.94910513699,0.953001435632383,1,2361.27236619142,-0.246372664844377
"3098","INTS12",0.329217392220361,0.94910513699,0.952367400625918,1,2361.27236619142,0.316356963550047
"7029","PPP2R1B",0.329294772749994,0.94910513699,0.952062644910349,1,2361.27236619142,-0.528275894573213
"10616","ZNF69",0.329332962468154,0.94910513699,0.951912273490599,1,2361.27236619142,0.36842728842469
"6317","PCGF6",0.329360359121418,0.94910513699,0.951804413874612,1,2361.27236619142,0.336716486920433
"10058","KCTD2",0.329539715943912,0.94910513699,0.951098587205037,1,2361.27236619142,0.395226458489011
"728","APH1A",0.329798366997259,0.94910513699,0.95008161130932,1,2361.27236619142,0.158167207214648
"3633","HDAC3",0.329839645707404,0.94910513699,0.949919407966254,1,2361.27236619142,0.227320886088133
"3164","ZNF330",0.330083922575838,0.94910513699,0.948960082409584,1,2361.27236619142,-0.263372718569041
"9074","KDM8",0.330108289119152,0.94910513699,0.948864441785339,1,2361.27236619142,0.88460478348751
"11730","SLC5A3",0.330181931141124,0.94910513699,0.948575448065881,1,2361.27236619142,0.248526005736909
"12488","ATP6AP1",0.330217552184636,0.94910513699,0.94843569101901,1,2361.27236619142,0.15048576151515
"1787","TTC21B",0.330279591557749,0.94910513699,0.948192331117723,1,2361.27236619142,0.265747614427832
"4841","ATXN7L1",0.330361137858421,0.94910513699,0.947872544523596,1,2361.27236619142,-0.15717289486357
"10900","ZNF793",0.330433650469171,0.94910513699,0.94758827208536,1,2361.27236619142,-10
"841","SEMA4A",0.330498720767955,0.94910513699,0.947333246550219,1,2361.27236619142,0.145890831173544
"8663","DPP8",0.330635774384225,0.94910513699,0.946796320345504,1,2361.27236619142,0.180557581836134
"5695","RNF20",0.330774488880594,0.94910513699,0.946253189051828,1,2361.27236619142,0.269649800852909
"7351","RPAP3",0.331021899081021,0.94910513699,0.945285216405097,1,2361.27236619142,0.281576064883318
"10114","AFMID",0.331084099779716,0.94910513699,0.945042012703207,1,2361.27236619142,0.268492552311389
"1959","TNS1",0.331185534862599,0.94910513699,0.94464553373476,1,2361.27236619142,-0.231725054917757
"2075","NEU4",0.331282269928236,0.94910513699,0.944267576378899,1,2361.27236619142,-10
"2543","CFAP100",0.331285040540201,0.94910513699,0.944256753378599,1,2361.27236619142,-10
"6510","PPFIBP2",0.331302044489915,0.94910513699,0.944190332516514,1,2361.27236619142,-0.219151135143664
"7527","HELB",0.331353989253176,0.94910513699,0.943987453907477,1,2361.27236619142,-0.34091881380794
"876","PIGM",0.331358768884314,0.94910513699,0.943968788420026,1,2361.27236619142,-0.571579376094123
"3752","ZNF346",0.331530958376179,0.94910513699,0.943296590601905,1,2361.27236619142,-0.41507488308854
"1421","SLC3A1",0.331585065388717,0.94910513699,0.943085462300011,1,2361.27236619142,1.76853131526143
"969","RC3H1",0.331690229642498,0.94910513699,0.942675237380722,1,2361.27236619142,0.144738983852335
"2245","EXOSC7",0.331812918499068,0.94910513699,0.942196871512554,1,2361.27236619142,0.310136165080361
"6496","TRIM3",0.33195351945147,0.94910513699,0.941648955956054,1,2361.27236619142,-0.768954467513061
"8191","GMFB",0.331958870625865,0.94910513699,0.941628108783642,1,2361.27236619142,-0.211317411083092
"7187","SCNN1A",0.332127087908983,0.94910513699,0.940972994139977,1,2361.27236619142,-10
"7625","GLT8D2",0.332128288237009,0.94910513699,0.940968321106434,1,2361.27236619142,-10
"6509","OLFML1",0.332130598763882,0.94910513699,0.940959325987394,1,2361.27236619142,-10
"12","C1QTNF12",0.332131467002405,0.94910513699,0.940955945866989,1,2361.27236619142,-10
"7073","KMT2A",0.332154726981073,0.94910513699,0.940865397339021,1,2361.27236619142,0.157322957017148
"251","SRSF4",0.332195226723825,0.94910513699,0.9407077564926,1,2361.27236619142,-0.130656557738769
"7748","OASL",0.332293869691715,0.94910513699,0.940323906685893,1,2361.27236619142,-0.158297320061698
"11559","DBNDD2",0.332326107620776,0.94910513699,0.940198492043784,1,2361.27236619142,-0.231143630447474
"12125","HCCS",0.332328933641506,0.94910513699,0.940187498799238,1,2361.27236619142,-0.374721698150983
"12399","SOWAHD",0.332367471776387,0.94910513699,0.940037597572382,1,2361.27236619142,0.550565608549981
"6820","PACS1",0.332698501851216,0.94910513699,0.938750948969104,1,2361.27236619142,-0.182990032533279
"10290","PIAS2",0.332744716476362,0.94910513699,0.938571457722005,1,2361.27236619142,0.214643192443944
"8941","MEFV",0.33279923044207,0.94910513699,0.938359775740023,1,2361.27236619142,-0.543896127778107
"12422","AIFM1",0.332837188934671,0.94910513699,0.938212407279472,1,2361.27236619142,-0.30428188344607
"11411","MACROD2",0.332891562716715,0.94910513699,0.938001347862353,1,2361.27236619142,-1.48739545200427
"7948","NEK3",0.332893348370153,0.94910513699,0.937994417379896,1,2361.27236619142,-0.570120615647542
"2733","EEF1AKMT4",0.332947954999666,0.94910513699,0.93778250195476,1,2361.27236619142,-1.23435376153048
"7182","ANO2",0.332985574650731,0.94910513699,0.937636535966878,1,2361.27236619142,-10
"2684","ACTRT3",0.332987097454577,0.94910513699,0.937630627881022,1,2361.27236619142,-10
"9143","ZNF688",0.333020650017344,0.94910513699,0.937500461749463,1,2361.27236619142,-0.289845240650078
"6831","BBS1",0.33305422527668,0.94910513699,0.937370225090891,1,2361.27236619142,0.575722040129587
"5234","TMEM70",0.333245455987163,0.94910513699,0.936628785337575,1,2361.27236619142,0.221209079271626
"2169","CMC1",0.33325685715369,0.94910513699,0.936584598676959,1,2361.27236619142,-0.185604061703157
"3739","SIMC1",0.333580491056364,0.94910513699,0.935331155970827,1,2361.27236619142,0.316561300311608
"1905","CFLAR",0.333781825415567,0.94910513699,0.934552201919796,1,2361.27236619142,0.111667018892011
"10664","PODNL1",0.333844057980775,0.94910513699,0.934311553773746,1,2361.27236619142,-10
"11784","ITGB2",0.334033052596949,0.94910513699,0.933581094626326,1,2361.27236619142,0.114460548971651
"4350","ADAT2",0.334059515957355,0.94910513699,0.933478858527148,1,2361.27236619142,0.659714416247351
"3758","RGS14",0.334217219361544,0.94910513699,0.932869826165622,1,2361.27236619142,0.61537752391008
"5640","CENPP",0.334332786093211,0.94910513699,0.932423764618901,1,2361.27236619142,0.205843514180283
"7641","RIC8B",0.334359084521417,0.94910513699,0.93232228740099,1,2361.27236619142,0.29937101894533
"9947","ANKFN1",0.334388679839539,0.94910513699,0.932208101300735,1,2361.27236619142,1.13343620871703
"4354","LTV1",0.334466805284741,0.94910513699,0.931906738799845,1,2361.27236619142,0.402690249399236
"7117","ROBO3",0.334477005478328,0.94910513699,0.931867399335769,1,2361.27236619142,1.74141332946028
"1911","C2CD6",0.334478784486715,0.94910513699,0.931860538332576,1,2361.27236619142,1.74141327712177
"12033","SREBF2",0.33449507505414,0.94910513699,0.931797713671856,1,2361.27236619142,0.296449104798784
"11069","SLC1A5",0.334535420778565,0.94910513699,0.931642137781411,1,2361.27236619142,0.64985517304627
"6731","TMEM179B",0.334683999698351,0.94910513699,0.931069423510281,1,2361.27236619142,0.193541419515854
"4748","BRI3",0.334832419081254,0.94910513699,0.930497663591034,1,2361.27236619142,-0.0832711614684439
"5255","CA3",0.334846053845171,0.94910513699,0.930445155031332,1,2361.27236619142,1.08408566214511
"324","C1orf109",0.334958130605336,0.94910513699,0.930013646876847,1,2361.27236619142,0.518825960426102
"5972","SFMBT2",0.335058639291301,0.94910513699,0.929626841365684,1,2361.27236619142,-0.127491522333322
"3811","RIPK1",0.335087411128622,0.94910513699,0.92951614215093,1,2361.27236619142,-0.187947843550101
"3254","UFSP2",0.335245870004512,0.94910513699,0.928906701828292,1,2361.27236619142,0.263206385674548
"10380","CNN2",0.33525167853009,0.94910513699,0.928884369289152,1,2361.27236619142,-0.470880106544917
"5438","MFSD3",0.335268620142315,0.94910513699,0.928819235369502,1,2361.27236619142,-0.917610165582009
"4290","MCM9",0.335291621145022,0.94910513699,0.928730812496183,1,2361.27236619142,0.259488107895688
"12244","CCDC22",0.335348652189922,0.94910513699,0.928511602772482,1,2361.27236619142,-0.478545558066032
"4999","CDK5",0.33537649917934,0.94910513699,0.9284045856743,1,2361.27236619142,-0.486290528679317
"11046","PPP1R13L",0.335421071950266,0.94910513699,0.928233315478997,1,2361.27236619142,0.969483454996845
"878","PEA15",0.33552848209858,0.94910513699,0.927820718751651,1,2361.27236619142,0.25282869889456
"3004","THAP6",0.335667712006078,0.94910513699,0.927286155237114,1,2361.27236619142,-0.327163516483169
"3749","TSPAN17",0.335764817255444,0.94910513699,0.926913502110512,1,2361.27236619142,-0.5496305341752
"10767","NR2C2AP",0.335866215723835,0.94910513699,0.926524527237597,1,2361.27236619142,-1.23468183602311
"2108","VHL",0.335866775678143,0.94910513699,0.92652237963237,1,2361.27236619142,0.249415873919369
"3486","CAST",0.335939282647425,0.94910513699,0.926244332543539,1,2361.27236619142,0.104746971314789
"1558","GCFC2",0.33594403196933,0.94910513699,0.926226122821454,1,2361.27236619142,0.373900710142945
"5625","DAPK1",0.335958259688026,0.94910513699,0.926171573349383,1,2361.27236619142,0.11680295614121
"8697","LRRC49",0.336062497046216,0.94910513699,0.925772018754811,1,2361.27236619142,-10
"3600","SIL1",0.336206194090153,0.94910513699,0.925221482436041,1,2361.27236619142,0.156868705392221
"4356","SF3B5",0.336219767249993,0.94910513699,0.925169496843654,1,2361.27236619142,0.177021034770173
"11500","RBM12",0.336296981074443,0.94910513699,0.924873819162265,1,2361.27236619142,0.353246882191037
"3387","ERBIN",0.336339668686347,0.94910513699,0.924710392993457,1,2361.27236619142,-0.122005938207774
"7281","EPS8",0.336348187647406,0.94910513699,0.924677782146956,1,2361.27236619142,0.28927759501345
"6598","PDHX",0.336419549907367,0.94910513699,0.924404648670045,1,2361.27236619142,-0.255055945292329
"12197","KRBOX4",0.336485417636067,0.94910513699,0.924152613978836,1,2361.27236619142,-0.419705245193088
"5771","ZBTB26",0.33652265566861,0.94910513699,0.924010156522523,1,2361.27236619142,-0.593972747580786
"9285","PSKH1",0.336545434425077,0.94910513699,0.923923024746768,1,2361.27236619142,-0.511959342993876
"9499","ENO3",0.336695227803944,0.94910513699,0.923350241970309,1,2361.27236619142,0.941094940651269
"1479","AFTPH",0.337025477787356,0.94910513699,0.922088631786945,1,2361.27236619142,0.13903708159212
"4064","SAYSD1",0.337025597986625,0.94910513699,0.922088172907429,1,2361.27236619142,-0.456280090238019
"4388","RGS17",0.337161254105852,0.94910513699,0.921570424308939,1,2361.27236619142,-1.38658951752483
"2131","GRIP2",0.337263438005615,0.94910513699,0.921180611092381,1,2361.27236619142,1.71604503652378
"10985","DEDD2",0.337392875140426,0.94910513699,0.92068705906313,1,2361.27236619142,-0.323339593132422
"7246","CLEC12A",0.337538866612268,0.94910513699,0.920130689040214,1,2361.27236619142,-1.00277229393005
"1549","AUP1",0.337592409729666,0.94910513699,0.919926718413306,1,2361.27236619142,0.205549043285837
"4021","ITPR3",0.337626343879433,0.94910513699,0.919797469933595,1,2361.27236619142,1.22736704529662
"11451","ZNF337",0.337636301288706,0.94910513699,0.919759547434801,1,2361.27236619142,0.374813644820432
"52","C1orf174",0.33766427052671,0.94910513699,0.919653035446988,1,2361.27236619142,-0.476129933373738
"2979","CENPC",0.337666709863441,0.94910513699,0.919643746566684,1,2361.27236619142,-0.211060747415152
"6813","TSGA10IP",0.337705745624229,0.94910513699,0.91949511246366,1,2361.27236619142,1.17053802836899
"1703","RALB",0.337913829401932,0.94910513699,0.918703193356459,1,2361.27236619142,0.18984156751445
"706","NOTCH2NLA",0.338013863723136,0.94910513699,0.918322718635646,1,2361.27236619142,-0.7565485168335
"6939","CLNS1A",0.338142178963891,0.94910513699,0.917834900345924,1,2361.27236619142,0.20437092492228
"8643","USP3",0.338147294125459,0.94910513699,0.917815459098627,1,2361.27236619142,0.164127724660123
"3483","GLRX",0.338204303590126,0.94910513699,0.917598809361708,1,2361.27236619142,-0.13360934406611
"5644","ECM2",0.338230494477725,0.94910513699,0.917499294101248,1,2361.27236619142,0.978806608205748
"735","ECM1",0.338247349975611,0.94910513699,0.917435255189901,1,2361.27236619142,-0.319567387719455
"6425","SIRT3",0.338258134796857,0.94910513699,0.917394282783014,1,2361.27236619142,0.423938438099864
"3362","SETD9",0.33831726533145,0.94910513699,0.917169672280232,1,2361.27236619142,0.428398920820405
"1809","HAT1",0.338614929428323,0.94910513699,0.916039779537641,1,2361.27236619142,0.256319274461684
"4206","PNRC1",0.338639561324578,0.94910513699,0.91594633995951,1,2361.27236619142,-0.126974025884527
"8581","COPS2",0.338643155543631,0.94910513699,0.915932706274784,1,2361.27236619142,0.194745031302615
"2026","TIGD1",0.338926329707987,0.94910513699,0.914859173404398,1,2361.27236619142,-1.24137080714058
"8065","HAUS4",0.338934521927868,0.94910513699,0.914828134071993,1,2361.27236619142,-0.312654944286053
"5633","GADD45G",0.338964978550394,0.94910513699,0.914712746446963,1,2361.27236619142,0.365233858671715
"4872","MET",0.339008469577321,0.94910513699,0.914548000974427,1,2361.27236619142,-10
"2847","RGS12",0.339011234278506,0.94910513699,0.91453752915367,1,2361.27236619142,-0.196013068835508
"12283","ARHGEF9",0.339135165998024,0.94910513699,0.914068232548211,1,2361.27236619142,0.309674502488684
"5590","ABHD17B",0.33916066647523,0.94910513699,0.913971697590207,1,2361.27236619142,0.273740502852701
"3272","MRPL36",0.339191700880025,0.94910513699,0.913854226482014,1,2361.27236619142,-0.335123649198402
"4082","TAF8",0.339195950241297,0.94910513699,0.913838142968323,1,2361.27236619142,0.349212441986958
"6200","KLLN",0.339223732078519,0.94910513699,0.913732997472493,1,2361.27236619142,-10
"6687","TMEM132A",0.339277188055246,0.94910513699,0.913530716017497,1,2361.27236619142,-10
"6760","PRDX5",0.339309445175032,0.94910513699,0.913408673367903,1,2361.27236619142,-0.158997767797726
"8916","ECI1",0.339330930037722,0.94910513699,0.913327395485561,1,2361.27236619142,-0.291381325574998
"2268","SMARCC1",0.339439342736969,0.94910513699,0.912917372507164,1,2361.27236619142,0.199583848344962
"11652","DIDO1",0.339513903297514,0.94910513699,0.912635482427299,1,2361.27236619142,0.222909946652398
"8245","MPP5",0.339583304211331,0.94910513699,0.912373174154119,1,2361.27236619142,-0.188072351047972
"8448","NIPA1",0.33970217565719,0.94910513699,0.911924054118142,1,2361.27236619142,-0.453643811107398
"11410","NDUFAF5",0.339780615887532,0.94910513699,0.911627807037785,1,2361.27236619142,0.353706564819462
"2215","ZNF619",0.339800698426399,0.94910513699,0.911551975628625,1,2361.27236619142,-0.89591537791839
"1221","HEATR1",0.339917520219828,0.94910513699,0.911110977554834,1,2361.27236619142,0.458713114305192
"11829","COMT",0.340084131673053,0.94910513699,0.910482378000589,1,2361.27236619142,-0.14883185208969
"2314","RBM5",0.340180198924877,0.94910513699,0.910120119273549,1,2361.27236619142,0.165635342974751
"894","NECTIN4",0.340191021655037,0.94910513699,0.910079316613102,1,2361.27236619142,0.714713030055625
"3154","NDUFC1",0.340486912180896,0.94910513699,0.908964459316186,1,2361.27236619142,-0.158007857061492
"7032","C11orf1",0.340500467418824,0.94910513699,0.908913417092046,1,2361.27236619142,0.512816866784383
"9602","TVP23C",0.340587428357618,0.94910513699,0.908586030895518,1,2361.27236619142,0.296182176622121
"7045","TTC12",0.340602714275301,0.94910513699,0.908528494867552,1,2361.27236619142,0.602847098580062
"11955","EIF3D",0.340636843323835,0.94910513699,0.908400046047091,1,2361.27236619142,0.182217093629894
"5444","RPL8",0.340647159472121,0.94910513699,0.908361223380516,1,2361.27236619142,-0.0887572167537947
"8993","RMI2",0.340774552765292,0.94910513699,0.907881935825522,1,2361.27236619142,-0.793113633279273
"5162","GPAT4",0.340846227616999,0.94910513699,0.907612381975321,1,2361.27236619142,0.2455456812689
"12439","RTL8C",0.340925362905419,0.94910513699,0.907314859679726,1,2361.27236619142,0.323205038645781
"6830","DPP3",0.341095259809936,0.94910513699,0.906676418126332,1,2361.27236619142,-0.596710516504203
"2706","ZNF639",0.341163572739384,0.94910513699,0.90641983136108,1,2361.27236619142,-0.48480379070105
"10441","NFIC",0.341341312609619,0.94910513699,0.905752555825294,1,2361.27236619142,0.151788104043342
"11912","TBC1D10A",0.341581172137143,0.94910513699,0.90485281109862,1,2361.27236619142,-0.457625638928547
"3186","FAM160A1",0.341724296944511,0.94910513699,0.904316336688991,1,2361.27236619142,1.71604503627479
"2758","LPP",0.341732563579695,0.94910513699,0.90428536013204,1,2361.27236619142,-0.0960437596301241
"8244","GPHN",0.341760652732197,0.94910513699,0.904180112614589,1,2361.27236619142,0.24197557898607
"10981","ARHGEF1",0.341879128895802,0.94910513699,0.903736321448059,1,2361.27236619142,0.278627487755251
"7907","TSC22D1",0.341901348434725,0.94910513699,0.903653114001965,1,2361.27236619142,0.165841561274623
"9525","C17orf49",0.341903922775613,0.94910513699,0.903643474114416,1,2361.27236619142,-0.252051852495337
"2956","OCIAD1",0.34194012620113,0.94910513699,0.90350791698418,1,2361.27236619142,-0.169530349605149
"6110","REEP3",0.341980095317217,0.94910513699,0.903358282390621,1,2361.27236619142,0.169240868321347
"11628","VAPB",0.342006955899858,0.94910513699,0.903257736190806,1,2361.27236619142,0.233797219510971
"9330","ATXN1L",0.342009903137933,0.94910513699,0.903246704554763,1,2361.27236619142,-0.540641680899792
"288","AZIN2",0.342041409357739,0.94910513699,0.903128783460254,1,2361.27236619142,-1.28766088829152
"4191","RWDD2A",0.342063371552364,0.94910513699,0.903046592291887,1,2361.27236619142,0.693557704074165
"8048","ZNF219",0.342119431408263,0.94910513699,0.90283682653633,1,2361.27236619142,-0.400182510529348
"10236","ZNF519",0.342126494305301,0.94910513699,0.902810401752536,1,2361.27236619142,0.50666481072934
"7502","CDK4",0.342153046437291,0.94910513699,0.902711067463807,1,2361.27236619142,-0.483798294420808
"9594","DNAH9",0.342178950204924,0.94910513699,0.902614168793992,1,2361.27236619142,1.74141327707815
"8390","DICER1",0.342430627161387,0.94910513699,0.901673231350773,1,2361.27236619142,0.1310142106418
"1495","APLF",0.342436513750297,0.94910513699,0.901651234497455,1,2361.27236619142,-0.33192668594265
"11061","MYPOP",0.342475376570275,0.94910513699,0.901506025719261,1,2361.27236619142,-0.456244553610707
"12409","MCTS1",0.342495384015104,0.94910513699,0.90143127767808,1,2361.27236619142,-0.220773155860302
"6599","CD44",0.342539500168954,0.94910513699,0.901266480045801,1,2361.27236619142,-0.140812951562208
"4464","SDK1",0.342560283137134,0.94910513699,0.901188854373763,1,2361.27236619142,0.743833505809066
"2771","LSG1",0.34264645784515,0.94910513699,0.900867054311613,1,2361.27236619142,0.415961427132186
"10978","CEACAM21",0.342648732017937,0.94910513699,0.900858563404331,1,2361.27236619142,0.81232853055155
"6330","CFAP58",0.342840721656238,0.94910513699,0.900142020348082,1,2361.27236619142,1.00338836752614
"4880","AASS",0.342860870607673,0.94910513699,0.900066851909887,1,2361.27236619142,-10
"35","FAAP20",0.342869106220375,0.94910513699,0.900036129539484,1,2361.27236619142,0.210305213774421
"8707","ADPGK",0.342896963492982,0.94910513699,0.899932217339408,1,2361.27236619142,-0.150497529388137
"7227","FOXJ2",0.342909946738932,0.94910513699,0.899883791594381,1,2361.27236619142,-0.396930694324481
"10692","TPM4",0.342971693975918,0.94910513699,0.899653516660896,1,2361.27236619142,-0.108033715665687
"1368","LCLAT1",0.343053166303104,0.94910513699,0.899349766285003,1,2361.27236619142,0.34687412979638
"5035","MCPH1",0.343172216886173,0.94910513699,0.898906089367321,1,2361.27236619142,0.196655256921821
"11483","NCOA6",0.343639781774231,0.94910513699,0.897165581285214,1,2361.27236619142,-0.177261199699885
"1442","NRXN1",0.343734570361899,0.94910513699,0.896813121269,1,2361.27236619142,-10
"4884","GRM8",0.343736351587682,0.94910513699,0.896806499251497,1,2361.27236619142,-10
"11840","SCARF2",0.343737916124234,0.94910513699,0.896800682852259,1,2361.27236619142,-10
"10867","LRFN3",0.343737973598528,0.94910513699,0.896800469183633,1,2361.27236619142,-10
"7275","GUCY2C",0.343738734111753,0.94910513699,0.896797641875239,1,2361.27236619142,-10
"3630","PCDHGB6",0.343738875182592,0.94910513699,0.896797117426687,1,2361.27236619142,-10
"2040","COL6A3",0.343739436729722,0.94910513699,0.896795029807621,1,2361.27236619142,-10
"2943","YIPF7",0.343740581994367,0.94910513699,0.896790772162704,1,2361.27236619142,-10
"8105","LTB4R2",0.343741602335421,0.94910513699,0.896786978950866,1,2361.27236619142,-10
"4739","PPP1R9A",0.343743811114328,0.94910513699,0.896778767663982,1,2361.27236619142,-10
"1854","COL5A2",0.343781844570068,0.94910513699,0.89663738687144,1,2361.27236619142,1.24609929539843
"1025","RO60",0.343897240758298,0.94910513699,0.896208556913025,1,2361.27236619142,-0.208683746762626
"8937","IL32",0.343912732111717,0.94910513699,0.896151003472152,1,2361.27236619142,1.15888712584534
"9205","RPGRIP1L",0.343917674445305,0.94910513699,0.89613264246302,1,2361.27236619142,0.876570569594293
"11511","TGIF2",0.343966417958659,0.94910513699,0.895951577048599,1,2361.27236619142,0.303136037271132
"1935","CREB1",0.344289664384881,0.949449352588248,0.894751704745993,1,2361.27236619142,0.136531857130478
"1872","NABP1",0.344379839792763,0.949449352588248,0.894417250494479,1,2361.27236619142,0.128411436061057
"5635","AUH",0.344486299218538,0.949449352588248,0.894022552390897,1,2361.27236619142,-0.237852220942752
"9157","ORAI3",0.344513761212348,0.949449352588248,0.893920763872771,1,2361.27236619142,0.258600623026545
"2309","INKA1",0.34463904824241,0.949449352588248,0.893456523805284,1,2361.27236619142,-10
"7621","NT5DC3",0.344646330031148,0.949449352588248,0.893429548798227,1,2361.27236619142,-10
"2824","FAM53A",0.344762776329298,0.949449352588248,0.892998284284107,1,2361.27236619142,0.812379267892927
"11430","NAA20",0.344837256431862,0.949449352588248,0.89272254694132,1,2361.27236619142,0.196232701652912
"11680","GATD3B",0.344911163365964,0.949449352588248,0.892449011210423,1,2361.27236619142,-0.481030219722198
"10198","SMCHD1",0.344920193360474,0.949449352588248,0.892415595884798,1,2361.27236619142,0.107190024727568
"11507","EPB41L1",0.34492394947708,0.949449352588248,0.892401696794265,1,2361.27236619142,-0.319163547714064
"3327","PRKAA1",0.34502867506891,0.949529210892956,0.892014253878059,1,2361.27236619142,0.224148108020736
"2653","RAP2B",0.345194748365533,0.949628125781868,0.891400175159339,1,2361.27236619142,-0.160295599090245
"7888","COG6",0.345241667647601,0.949628125781868,0.8912267571495,1,2361.27236619142,0.238060646226493
"1966","TMBIM1",0.345291783236211,0.949628125781868,0.891041560532592,1,2361.27236619142,-0.203436933555001
"11232","LAIR1",0.345383679511705,0.949629225131145,0.890702062537979,1,2361.27236619142,-0.159457723608798
"3015","STBD1",0.345597252313192,0.949629225131145,0.889913519814161,1,2361.27236619142,-1.23429925430652
"5851","FNBP1",0.345638868756443,0.949629225131145,0.889759942507456,1,2361.27236619142,-0.100709834931717
"6741","SPINDOC",0.345721456626947,0.949629225131145,0.889455242356542,1,2361.27236619142,-0.647657355654674
"4044","MAPK13",0.345721474720867,0.949629225131145,0.889455175611534,1,2361.27236619142,0.234003599129213
"5367","LRRC6",0.345746514787402,0.949629225131145,0.889362812134577,1,2361.27236619142,0.409178861909651
"5658","FBP1",0.34588352638801,0.949763220853458,0.888857587778171,1,2361.27236619142,0.197037284374454
"173","EPHB2",0.346017861273399,0.949763220853458,0.888362496873329,1,2361.27236619142,0.13744943841077
"420","FAAH",0.346022498690651,0.949763220853458,0.888345410333636,1,2361.27236619142,-1.20534952811878
"9986","BCAS3",0.346144641992675,0.94989058101316,0.887895485666535,1,2361.27236619142,0.153841415864517
"5037","AGPAT5",0.346265846581446,0.950015309992981,0.887449231465553,1,2361.27236619142,-0.361654518035152
"7277","C12orf60",0.346566843583382,0.950341168992432,0.886341928136317,1,2361.27236619142,-1.30307593054672
"11896","KREMEN1",0.347029644029337,0.950341168992432,0.884641926282045,1,2361.27236619142,0.89008039572516
"11797","C21orf58",0.347038301585996,0.950341168992432,0.884610153840912,1,2361.27236619142,0.785772113407021
"7372","LMBR1L",0.347095364054358,0.950341168992432,0.884400766699123,1,2361.27236619142,-0.27432892162703
"6156","ANXA7",0.347101109073567,0.950341168992432,0.8843796882999,1,2361.27236619142,0.159145485612709
"11129","NOSIP",0.347126019970345,0.950341168992432,0.884288296026099,1,2361.27236619142,-0.228480489741402
"313","SH3D21",0.3473032949505,0.950341168992432,0.88363817235188,1,2361.27236619142,0.476697125633418
"4647","AUTS2",0.34734321269965,0.950341168992432,0.883491843397873,1,2361.27236619142,-0.411127367193082
"12428","STK26",0.347373237274297,0.950341168992432,0.883381795501798,1,2361.27236619142,-0.756582605785724
"1589","RMND5A",0.34741212114129,0.950341168992432,0.883239295172645,1,2361.27236619142,-0.295274630935493
"8401","EVL",0.347831051601272,0.950341168992432,0.881705384383222,1,2361.27236619142,0.154203946094194
"7308","STK38L",0.347838731251568,0.950341168992432,0.881677288815103,1,2361.27236619142,0.228298210800309
"3967","NEU1",0.347911555460385,0.950341168992432,0.881410907408876,1,2361.27236619142,-0.240417915925214
"11368","PTPRA",0.347918017593928,0.950341168992432,0.881387273429542,1,2361.27236619142,-0.148076015922953
"12212","ELK1",0.347964361533221,0.950341168992432,0.881217797075878,1,2361.27236619142,0.356265978903494
"4397","ZDHHC14",0.347983335304757,0.950341168992432,0.881148420242974,1,2361.27236619142,0.212465872965769
"7631","SLC41A2",0.348040310639316,0.950341168992432,0.880940123096448,1,2361.27236619142,0.215931725077846
"5024","NCAPG2",0.348095593069034,0.950341168992432,0.880738059338056,1,2361.27236619142,-0.658509526654431
"6087","PARG",0.34815337196514,0.950341168992432,0.88052691728491,1,2361.27236619142,-0.278569578711338
"1487","ETAA1",0.348183403896533,0.950341168992432,0.880417190068787,1,2361.27236619142,0.381570777027364
"7235","PHC1",0.348492015062455,0.950341168992432,0.879290366577014,1,2361.27236619142,0.52163329991885
"3260","CCDC127",0.348501108107294,0.950341168992432,0.879257185957737,1,2361.27236619142,0.370428053719568
"2201","OXSR1",0.348541862072044,0.950341168992432,0.879108488750558,1,2361.27236619142,0.184262990614151
"1822","ATF2",0.348554818357037,0.950341168992432,0.879061220670797,1,2361.27236619142,-0.201048500922509
"11835","ZDHHC8",0.3486270651522,0.950341168992432,0.878797688332318,1,2361.27236619142,0.507906333008381
"1766","ERMN",0.348736836928003,0.950341168992432,0.878397419359612,1,2361.27236619142,-1.1937849900469
"2165","NGLY1",0.348754861892425,0.950341168992432,0.878331709964259,1,2361.27236619142,0.195189287334472
"492","SGIP1",0.348780475091827,0.950341168992432,0.878238345856911,1,2361.27236619142,-0.882735113591923
"5508","C9orf72",0.348802362193195,0.950341168992432,0.878158571343402,1,2361.27236619142,-0.158664407432458
"8865","MCRIP2",0.348812379339635,0.950341168992432,0.878122062932041,1,2361.27236619142,0.204134383357349
"2172","RBMS3",0.348888277213665,0.950341168992432,0.877845492457614,1,2361.27236619142,-0.892832032530778
"6967","ME3",0.348973972612219,0.950341168992432,0.877533318289827,1,2361.27236619142,0.943903574787742
"12138","FANCB",0.349434698673551,0.950341168992432,0.875856754582264,1,2361.27236619142,-1.21753704894857
"10754","KLHL26",0.349438031058445,0.950341168992432,0.87584463912136,1,2361.27236619142,-0.662705250872997
"11227","LILRB3",0.349451537554921,0.950341168992432,0.875795535530013,1,2361.27236619142,-0.215926897592723
"1864","INPP1",0.349728356546772,0.950341168992432,0.874789713745509,1,2361.27236619142,0.394313926526627
"3748","GPRIN1",0.349946901876939,0.950341168992432,0.87399639436574,1,2361.27236619142,-10
"3344","NNT",0.350086840493436,0.950341168992432,0.873488771394621,1,2361.27236619142,0.213385978282501
"3093","BDH2",0.350148571918294,0.950341168992432,0.873264930380806,1,2361.27236619142,-0.293433876557842
"10707","CPAMD8",0.350149826899373,0.950341168992432,0.873260380318436,1,2361.27236619142,0.679572368886139
"6365","GRK5",0.35015680075441,0.950341168992432,0.873235096297656,1,2361.27236619142,0.429642289666143
"9706","CRLF3",0.35042352498773,0.950341168992432,0.87226859012407,1,2361.27236619142,0.156249451467272
"5561","ZCCHC7",0.350442113496376,0.950341168992432,0.872201269856597,1,2361.27236619142,0.143183060834037
"10750","FKBP8",0.350716071305367,0.950341168992432,0.871209666227457,1,2361.27236619142,0.145896473026028
"8183","ERO1A",0.350718588561301,0.950341168992432,0.871200559790301,1,2361.27236619142,-0.171067414567386
"9844","RPL27",0.350756145630649,0.950341168992432,0.871064703731834,1,2361.27236619142,-0.11202553245311
"964","SLC9C2",0.350878097229712,0.950341168992432,0.870623702031095,1,2361.27236619142,-10
"6897","STARD10",0.350905247590547,0.950341168992432,0.870525549250886,1,2361.27236619142,-0.452620346765568
"6944","KCTD14",0.351118599069801,0.950341168992432,0.86975461053232,1,2361.27236619142,-10
"5158","ADAM32",0.351123732604655,0.950341168992432,0.869736068536416,1,2361.27236619142,0.525821109421181
"7607","ACTR6",0.351199334102779,0.950341168992432,0.869463043605278,1,2361.27236619142,0.249033734826696
"6495","HPX",0.351248094236779,0.950341168992432,0.86928699525482,1,2361.27236619142,-10
"11012","ZNF155",0.351298651829896,0.950341168992432,0.869104492364977,1,2361.27236619142,0.319774512449364
"3944","NFKBIL1",0.351434733168383,0.950341168992432,0.868613443586244,1,2361.27236619142,-0.417794226635151
"7186","TNFRSF1A",0.351515806578945,0.950341168992432,0.868321013861882,1,2361.27236619142,0.151002579421063
"7886","NHLRC3",0.351622179274248,0.950341168992432,0.867937469757529,1,2361.27236619142,-0.155883806245833
"5253","RBIS",0.351664138029994,0.950341168992432,0.867786224142896,1,2361.27236619142,-0.213382069739324
"657","AP4B1",0.35177659478934,0.950341168992432,0.867380980980466,1,2361.27236619142,-0.639281416083696
"8317","TTLL5",0.351786360770487,0.950341168992432,0.86734579715377,1,2361.27236619142,0.227198654643309
"4240","PDSS2",0.351895894631353,0.950341168992432,0.866951271608955,1,2361.27236619142,-0.182710160141992
"8802","ABHD2",0.351951237105399,0.950341168992432,0.866751999521152,1,2361.27236619142,0.161519665081552
"10656","STX10",0.351964983421601,0.950341168992432,0.866702509679813,1,2361.27236619142,-0.192504368433875
"3033","THAP9",0.35196693988183,0.950341168992432,0.86669546619576,1,2361.27236619142,0.71241139264965
"8672","MAP2K1",0.352069380311805,0.950341168992432,0.866326743372169,1,2361.27236619142,-0.181620861782168
"9416","RPL13",0.352101715738057,0.950341168992432,0.866210386037734,1,2361.27236619142,-0.069210452931248
"6401","DOCK1",0.352235907041138,0.950341168992432,0.86572766148442,1,2361.27236619142,0.203224592627289
"2272","NME6",0.352250957084402,0.950341168992432,0.865673537823472,1,2361.27236619142,-0.363366635500002
"8107","ADCY4",0.352388492172797,0.950341168992432,0.865179073979575,1,2361.27236619142,-0.659565992223016
"3099","GSTCD",0.352539671884057,0.950341168992432,0.86463585911467,1,2361.27236619142,-0.305098647229404
"11565","ACOT8",0.352542027598704,0.950341168992432,0.864627397141165,1,2361.27236619142,0.333565242888281
"10206","ZBTB14",0.352707876152969,0.950341168992432,0.864031845791817,1,2361.27236619142,-0.498485837398042
"4728","PEX1",0.352829805145792,0.950341168992432,0.863594250624326,1,2361.27236619142,-0.357484341775849
"8358","PSMC1",0.353091333520232,0.950341168992432,0.862656338797654,1,2361.27236619142,0.169759613716795
"2321","HYAL2",0.353255743589437,0.950341168992432,0.862067205394824,1,2361.27236619142,-0.897656376949345
"3827","RREB1",0.353363963367395,0.950341168992432,0.86167962408805,1,2361.27236619142,-0.107157983442524
"153","NBL1",0.353388099838875,0.950341168992432,0.861593203188546,1,2361.27236619142,-0.348180182643292
"10230","PTPN2",0.353508660669079,0.950341168992432,0.861161654594526,1,2361.27236619142,-0.161233265421979
"11543","SGK2",0.353559991789926,0.950341168992432,0.860977975442386,1,2361.27236619142,1.124997850632
"11612","PFDN4",0.353562900918324,0.950341168992432,0.860967566743113,1,2361.27236619142,-0.402606498086467
"10832","PDCD2L",0.353637909096191,0.950341168992432,0.860699232088217,1,2361.27236619142,-1.18566076995228
"5199","UBXN2B",0.353667865786312,0.950341168992432,0.860592086610526,1,2361.27236619142,0.184646285549362
"4948","BRAF",0.353707417527694,0.950341168992432,0.860450641717133,1,2361.27236619142,0.151299766132937
"4036","PPARD",0.353943628019011,0.950341168992432,0.859606356110793,1,2361.27236619142,-0.239083714047042
"4506","AHR",0.354101208127141,0.950341168992432,0.859043547002788,1,2361.27236619142,0.134659209645508
"4373","LATS1",0.354140314206412,0.950341168992432,0.858903929787498,1,2361.27236619142,0.180028921704309
"7572","TMTC3",0.354223483255523,0.950341168992432,0.858607068300398,1,2361.27236619142,0.254408489476262
"2900","PPARGC1A",0.354281557602123,0.950341168992432,0.858399835746582,1,2361.27236619142,-10
"10718","DDA1",0.354506904428282,0.950341168992432,0.857596147866123,1,2361.27236619142,-0.336359647202437
"10926","SARS2",0.354581184081312,0.950341168992432,0.85733138650812,1,2361.27236619142,-1.19156418130744
"5388","LY6K",0.354585257931793,0.950341168992432,0.857316867928479,1,2361.27236619142,1.67264159701783
"6631","C11orf49",0.354656834920938,0.950341168992432,0.857061815737941,1,2361.27236619142,0.237063620036053
"3961","SAPCD1",0.354960416221927,0.950341168992432,0.85598083923021,1,2361.27236619142,-10
"3479","GPR150",0.354962718806524,0.950341168992432,0.855972645144515,1,2361.27236619142,-10
"6395","MMP21",0.354964024753785,0.950341168992432,0.855967997771606,1,2361.27236619142,-10
"8454","SNURF",0.354964668458328,0.950341168992432,0.855965707078945,1,2361.27236619142,-10
"11471","ACTL10",0.354966420078381,0.950341168992432,0.855959473777192,1,2361.27236619142,-10
"6550","NCR3LG1",0.354968309703651,0.950341168992432,0.85595274941836,1,2361.27236619142,-10
"2060","CROCC2",0.35496919880483,0.950341168992432,0.855949585508872,1,2361.27236619142,-10
"9652","LGALS9B",0.354972004402803,0.950341168992432,0.855939601724138,1,2361.27236619142,-10
"6351","FAM160B1",0.355130106063491,0.950341168992432,0.855377167919353,1,2361.27236619142,0.260046554129683
"8498","SRP14",0.355189893391412,0.950341168992432,0.855164568723056,1,2361.27236619142,-0.0872249590408751
"10006","ICAM2",0.355335714430636,0.950341168992432,0.854646245718518,1,2361.27236619142,-0.329407546330178
"11290","TRAPPC2B",0.355379492050584,0.950341168992432,0.854490694405487,1,2361.27236619142,-0.372332248857579
"11419","PET117",0.355420407735348,0.950341168992432,0.854345335899135,1,2361.27236619142,-0.636890617910645
"4029","ILRUN",0.355593348360492,0.950341168992432,0.853731194124038,1,2361.27236619142,-0.160979429276849
"11101","SPHK2",0.355659875966294,0.950341168992432,0.853495052213165,1,2361.27236619142,-0.43813472139357
"1461","PAPOLG",0.355737693141931,0.950341168992432,0.853218914419417,1,2361.27236619142,-0.253312273930615
"6982","FUT4",0.355756578054316,0.950341168992432,0.853151912932209,1,2361.27236619142,-0.479098364544373
"8923","PDPK1",0.355804932573899,0.950341168992432,0.852980378905497,1,2361.27236619142,-0.251669136345528
"23","VWA1",0.355897600949317,0.950341168992432,0.852651734095937,1,2361.27236619142,-10
"7721","KSR2",0.355898673645091,0.950341168992432,0.852647930508752,1,2361.27236619142,-10
"860","SH2D2A",0.355899295448858,0.950341168992432,0.852645725711102,1,2361.27236619142,-10
"8115","COCH",0.355900722292677,0.950341168992432,0.852640666414827,1,2361.27236619142,-10
"8081","JPH4",0.355900755038163,0.950341168992432,0.852640550306357,1,2361.27236619142,-10
"6232","PLCE1",0.35590130358043,0.950341168992432,0.852638605295348,1,2361.27236619142,-10
"6817","CST6",0.355901501298665,0.950341168992432,0.852637904230698,1,2361.27236619142,-10
"9631","MYO15A",0.355902733417446,0.950341168992432,0.852633535425056,1,2361.27236619142,-10
"6771","MAJIN",0.355904528818024,0.950341168992432,0.852627169390742,1,2361.27236619142,-10
"482","ITGB3BP",0.35590474718025,0.950341168992432,0.852626395136769,1,2361.27236619142,-0.339176344068883
"4390","CNKSR3",0.355905741571458,0.950341168992432,0.852622869300092,1,2361.27236619142,-10
"3754","RAB24",0.35592808040118,0.950341168992432,0.852543665537192,1,2361.27236619142,-0.870197516348603
"8108","RIPK3",0.355975017217255,0.950341168992432,0.852377270228758,1,2361.27236619142,-0.41347132343268
"11966","MFNG",0.355976466256935,0.950341168992432,0.852372133729181,1,2361.27236619142,-0.476087446255569
"8931","FLYWCH1",0.355992189598169,0.950341168992432,0.852316400083121,1,2361.27236619142,-0.321490903735757
"11992","SUN2",0.355996641013718,0.950341168992432,0.852300622013072,1,2361.27236619142,-0.311487307208174
"10310","MBD2",0.356015860300267,0.950341168992432,0.85223250223795,1,2361.27236619142,0.128403452632002
"4263","GTF3C6",0.356167788838562,0.950341168992432,0.85169419257219,1,2361.27236619142,-0.178287364994535
"3367","PDE4D",0.356255865874563,0.950341168992432,0.851382264245023,1,2361.27236619142,0.227779910291339
"5654","PHF2",0.35627526960463,0.950341168992432,0.85131355938077,1,2361.27236619142,-0.294070774518634
"4286","GOPC",0.356293265851753,0.950341168992432,0.851249842729483,1,2361.27236619142,-0.209121932748552
"5036","ANGPT2",0.356343742686826,0.950341168992432,0.851071150416656,1,2361.27236619142,-1.20597138649627
"719","NBPF19",0.356438589522825,0.950341168992432,0.850735478408622,1,2361.27236619142,0.268849656252333
"5000","SLC4A2",0.356463189453823,0.950341168992432,0.850648436916235,1,2361.27236619142,-0.334140107435725
"9350","TMEM231",0.356692326678607,0.950642140878435,0.849838080525011,1,2361.27236619142,-10
"3069","GRID2",0.356844781600605,0.950642140878435,0.849299310979545,1,2361.27236619142,-10
"5179","MCM4",0.356877356388744,0.950642140878435,0.849184233954462,1,2361.27236619142,-0.901046788784492
"9727","CCL2",0.356978295113566,0.950642140878435,0.848827739043085,1,2361.27236619142,-0.2485875363999
"219","ZDHHC18",0.357002621161006,0.950642140878435,0.848741845116178,1,2361.27236619142,0.363179456304672
"5143","RAB11FIP1",0.35703089733972,0.950642140878435,0.848642013591967,1,2361.27236619142,-0.1773017704242
"12243","CACNA1F",0.357218546329093,0.950679222515756,0.84797977735724,1,2361.27236619142,1.64918322723561
"4226","TSTD3",0.357241996214492,0.950679222515756,0.847897053420421,1,2361.27236619142,-0.386524347802802
"11614","AURKA",0.357272241106511,0.950679222515756,0.847790369814155,1,2361.27236619142,0.49069642722243
"8511","RAD51",0.357554710701015,0.951213388079966,0.84679460587528,1,2361.27236619142,-10
"7578","BTG1",0.357624681029985,0.951213388079966,0.846548112922713,1,2361.27236619142,0.11670253612019
"6852","CORO1B",0.357996986258107,0.951861142068251,0.845237661678712,1,2361.27236619142,0.1577862019205
"4224","PNISR",0.358218207883749,0.951861142068251,0.84445988590563,1,2361.27236619142,0.108013382848168
"9896","MRPL10",0.358233813966164,0.951861142068251,0.844405042639129,1,2361.27236619142,0.389831493383926
"10958","LTBP4",0.358300905038827,0.951861142068251,0.844169307005321,1,2361.27236619142,0.437360407986172
"3315","NADK2",0.358323294611113,0.951861142068251,0.844090651028646,1,2361.27236619142,0.417140380023715
"7563","SYT1",0.358323614680186,0.951861142068251,0.844089526654844,1,2361.27236619142,-0.586131276385267
"2289","NDUFAF3",0.358411523134729,0.951884555391475,0.843780764447481,1,2361.27236619142,0.170381513429967
"4073","FOXP4",0.358529816632611,0.951884555391475,0.843365444713196,1,2361.27236619142,-0.590027358049114
"11320","ZSCAN18",0.358592837000147,0.951884555391475,0.843144261796942,1,2361.27236619142,0.464133236607815
"868","AIM2",0.358636035740748,0.951884555391475,0.842992677833452,1,2361.27236619142,-0.390541347473054
"965","KLHL20",0.359173835568824,0.951974213870589,0.841107644082559,1,2361.27236619142,-0.216963173877204
"4699","PHTF2",0.359198592517232,0.951974213870589,0.841020962419841,1,2361.27236619142,0.163407258186894
"10161","ANAPC11",0.359244127958749,0.951974213870589,0.840861550357217,1,2361.27236619142,0.151226065414225
"8428","PPP1R13B",0.359306814823087,0.951974213870589,0.840642139493612,1,2361.27236619142,-1.2265241430868
"8985","C16orf72",0.359377539387164,0.951974213870589,0.840394659063851,1,2361.27236619142,0.265855525693651
"8723","COX5A",0.3593954248646,0.951974213870589,0.840332084561994,1,2361.27236619142,-0.158219562584551
"10582","KRI1",0.359398496852918,0.951974213870589,0.84032133727148,1,2361.27236619142,-0.740253877772488
"4587","MRPL32",0.359565608783996,0.951974213870589,0.839736890003622,1,2361.27236619142,-0.374705173571138
"7199","ING4",0.359796459748437,0.951974213870589,0.838930140673179,1,2361.27236619142,0.259177319712597
"654","PHTF1",0.359911743653901,0.951974213870589,0.838527527659708,1,2361.27236619142,0.236053456773675
"7709","PLBD2",0.359934044733505,0.951974213870589,0.838449664747365,1,2361.27236619142,-0.188535483893897
"2506","LRRC58",0.359959052006641,0.951974213870589,0.838362361223939,1,2361.27236619142,0.19388253803181
"5488","HAUS6",0.360169294692801,0.951974213870589,0.837628707997488,1,2361.27236619142,-0.340651911841585
"12077","CRELD2",0.360173909030366,0.951974213870589,0.837612612635595,1,2361.27236619142,-0.531232844966296
"2342","ABHD14B",0.360210245430769,0.951974213870589,0.837485876849783,1,2361.27236619142,0.389691597697854
"1704","TFCP2L1",0.360217165864348,0.951974213870589,0.83746174143737,1,2361.27236619142,0.716978808200251
"7741","RNF10",0.360235406872643,0.951974213870589,0.837398127927863,1,2361.27236619142,0.180073900901845
"6800","KAT5",0.360251577728097,0.951974213870589,0.837341737560883,1,2361.27236619142,-0.349562055225687
"7080","UPK2",0.360359086280651,0.951974213870589,0.836966926672683,1,2361.27236619142,-1.17404893009729
"10722","CCDC194",0.360418868613645,0.951974213870589,0.836758572079137,1,2361.27236619142,-0.734707977498871
"4067","OARD1",0.360490258067153,0.951974213870589,0.836509826521744,1,2361.27236619142,-0.225848763334856
"8321","GPATCH2L",0.360531436476655,0.951974213870589,0.836366377577093,1,2361.27236619142,0.147322468846613
"8332","NOXRED1",0.360567765724723,0.951974213870589,0.836239839906684,1,2361.27236619142,-0.476616554681657
"6879","FADD",0.360574778874316,0.951974213870589,0.836215414571209,1,2361.27236619142,-0.388271435359769
"11898","EWSR1",0.360679140447194,0.951974213870589,0.835852022391183,1,2361.27236619142,0.159275586069129
"6119","SLC25A16",0.360833115213358,0.951974213870589,0.83531613930874,1,2361.27236619142,-0.35341535695342
"6254","MMS19",0.360996542604961,0.951974213870589,0.834747702891713,1,2361.27236619142,-0.355426684348068
"4726","ANKIB1",0.361104322192027,0.951974213870589,0.834373016001696,1,2361.27236619142,0.149623890045462
"6745","OTUB1",0.361132097016605,0.951974213870589,0.834276484106341,1,2361.27236619142,0.2459257077061
"3625","ZMAT2",0.361166476818027,0.951974213870589,0.834157010683277,1,2361.27236619142,0.1795731078736
"11218","NDUFA3",0.361231171928326,0.951974213870589,0.833932230919373,1,2361.27236619142,0.140847663820923
"11669","TPD52L2",0.36125056443119,0.951974213870589,0.833864863507488,1,2361.27236619142,-0.165509787905695
"10659","CCDC130",0.36134519869997,0.951974213870589,0.833536186100792,1,2361.27236619142,0.238280931335333
"12089","LMF2",0.361429979400369,0.951974213870589,0.833241832319536,1,2361.27236619142,0.285615382084122
"7185","PLEKHG6",0.361562129746347,0.951974213870589,0.832783203819646,1,2361.27236619142,1.6270914244175
"1113","PACC1",0.361587122011062,0.951974213870589,0.832696494046496,1,2361.27236619142,0.226903162328897
"1092","FCMR",0.361587870726831,0.951974213870589,0.832693896531418,1,2361.27236619142,0.444630855477392
"9682","RPL23A",0.361642196731107,0.951974213870589,0.832505443467717,1,2361.27236619142,0.105284319256596
"6680","MS4A4E",0.361728344242376,0.951974213870589,0.832206683965691,1,2361.27236619142,-0.701214550308699
"10702","MED26",0.361755888878841,0.951974213870589,0.832111179914346,1,2361.27236619142,-0.437216846977839
"11160","SIGLEC9",0.361846473046403,0.951974213870589,0.831797173049304,1,2361.27236619142,-0.225191497693131
"3806","WRNIP1",0.361857991987967,0.951974213870589,0.831757250818641,1,2361.27236619142,-0.301936194025441
"11948","RBFOX2",0.362259313760424,0.952001175542857,0.830367448819945,1,2361.27236619142,0.420520277820138
"1147","DEGS1",0.362383882846775,0.952001175542857,0.829936490918733,1,2361.27236619142,0.228357645624566
"11901","AP1B1",0.362584962698012,0.952001175542857,0.829241268944646,1,2361.27236619142,-0.112428232385309
"6483","TRIM68",0.36262478287095,0.952001175542857,0.829103656206207,1,2361.27236619142,0.604074873520101
"8154","RPS29",0.362650820092042,0.952001175542857,0.829013686642742,1,2361.27236619142,0.087792747447884
"4618","SEC61G",0.362715353885428,0.952001175542857,0.828790733697715,1,2361.27236619142,-0.142245787091368
"9728","CCL7",0.36300890643237,0.952001175542857,0.827777252796113,1,2361.27236619142,0.280758036418519
"9551","TNFSF12",0.363150850061349,0.952001175542857,0.827287603299324,1,2361.27236619142,-0.234592121903644
"5796","LRSAM1",0.363167740914638,0.952001175542857,0.827229354145954,1,2361.27236619142,0.204976484412314
"12105","IL3RA",0.363180579615514,0.952001175542857,0.827185081597654,1,2361.27236619142,-0.736240636313747
"7537","CPSF6",0.363283966353468,0.952001175542857,0.826828645108008,1,2361.27236619142,0.210288127025426
"1485","SPRED2",0.363290683976739,0.952001175542857,0.826805490260924,1,2361.27236619142,-0.295719004869145
"8380","GON7",0.363291155952132,0.952001175542857,0.826803863440243,1,2361.27236619142,0.326460841802195
"5056","SGCZ",0.363303200682051,0.952001175542857,0.826762348248904,1,2361.27236619142,-10
"12346","GLA",0.36351771119184,0.952001175542857,0.826023302622832,1,2361.27236619142,0.194327462713241
"500","GNG12",0.363570013027915,0.952001175542857,0.825843200416459,1,2361.27236619142,-0.91785279705638
"1123","SMYD2",0.363648749526229,0.952001175542857,0.825572137636298,1,2361.27236619142,-0.370171652706964
"456","LRRC42",0.36365722719424,0.952001175542857,0.825542956774351,1,2361.27236619142,-0.525357808084805
"5254","CA13",0.363724508149766,0.952001175542857,0.825311403324858,1,2361.27236619142,0.814255029155094
"7515","RXYLT1",0.363761229703164,0.952001175542857,0.825185047809102,1,2361.27236619142,-0.53753164097164
"3995","PSMB9",0.363826541643174,0.952001175542857,0.824960359003177,1,2361.27236619142,0.134176866030096
"10088","CDK3",0.363832151211998,0.952001175542857,0.824941063338936,1,2361.27236619142,0.757010948368827
"996","CACNA1E",0.363849194305021,0.952001175542857,0.824882441430682,1,2361.27236619142,-10
"2528","SLC49A4",0.363881661721031,0.952001175542857,0.824770776099518,1,2361.27236619142,0.186421700711442
"10067","MRPS7",0.364039890687022,0.952001175542857,0.824226775854308,1,2361.27236619142,-0.25907716946861
"7475","STAT2",0.364127651183351,0.952001175542857,0.823925191373465,1,2361.27236619142,-0.100405555949604
"10372","AZU1",0.364142793193427,0.952001175542857,0.823873166807742,1,2361.27236619142,0.42120823585684
"5046","PINX1",0.364157995873873,0.952001175542857,0.823820936805987,1,2361.27236619142,-0.546274776011365
"9418","SPATA33",0.364338043809874,0.952001175542857,0.823202597571063,1,2361.27236619142,-0.86891635361232
"8607","RSL24D1",0.364546713531294,0.952001175542857,0.822486491781645,1,2361.27236619142,-0.177706589143626
"4494","UMAD1",0.364757188888389,0.952001175542857,0.82176476457489,1,2361.27236619142,-0.16846053636089
"12159","BCLAF3",0.36514668355763,0.952001175542857,0.820430695227819,1,2361.27236619142,0.290423015608882
"451","LRP8",0.365315068282604,0.952001175542857,0.819854566560213,1,2361.27236619142,0.681596382479066
"2825","SLBP",0.365511151506854,0.952001175542857,0.819184131392235,1,2361.27236619142,-0.25438258382245
"2580","ACAD11",0.365535006768191,0.952001175542857,0.819102601053667,1,2361.27236619142,0.296846592761572
"7690","MAPKAPK5",0.36559457877276,0.952001175542857,0.818899033512065,1,2361.27236619142,-0.322982895815902
"7316","TMTC1",0.365623461595282,0.952001175542857,0.818800352621662,1,2361.27236619142,0.430112872409611
"1985","ANKZF1",0.36576071426021,0.952001175542857,0.81833156370704,1,2361.27236619142,-0.462037602089438
"8675","ZWILCH",0.365765687356946,0.952001175542857,0.818314582589209,1,2361.27236619142,-0.635929883644146
"3448","ZFYVE16",0.365867451307011,0.952001175542857,0.817967170120604,1,2361.27236619142,-0.121177969274788
"5130","GSR",0.365893850621038,0.952001175542857,0.817877067273245,1,2361.27236619142,0.293102872450412
"5076","XPO7",0.365898559803535,0.952001175542857,0.8178609954269,1,2361.27236619142,0.201031422574665
"5606","GNAQ",0.36592453596488,0.952001175542857,0.817772347221029,1,2361.27236619142,0.0858567319996884
"1645","CNOT11",0.366220905674769,0.952001175542857,0.816761551570486,1,2361.27236619142,-0.359093629169065
"7454","PMEL",0.36633009761621,0.952001175542857,0.816389428829739,1,2361.27236619142,1.64918322750965
"11349","CSNK2A1",0.366503297160281,0.952001175542857,0.815799485981063,1,2361.27236619142,0.162925590598313
"12368","TCEAL3",0.366550883826914,0.952001175542857,0.815637466671079,1,2361.27236619142,-0.210324014847793
"5165","IKBKB",0.36664758753413,0.952001175542857,0.815308307549476,1,2361.27236619142,0.19778725248962
"2197","PLCD1",0.36667172459701,0.952001175542857,0.815226168860023,1,2361.27236619142,0.709644238873108
"8462","GOLGA8Q",0.366701093857348,0.952001175542857,0.815126235074813,1,2361.27236619142,-10
"4278","DSE",0.366772614850909,0.952001175542857,0.814882919520509,1,2361.27236619142,0.17685991728811
"5452","CBWD1",0.366775614704074,0.952001175542857,0.814872715412905,1,2361.27236619142,-0.260097885818846
"12253","GPR173",0.366902590708809,0.952001175542857,0.814440908304291,1,2361.27236619142,1.74141327707382
"11022","ZNF235",0.366958071420106,0.952001175542857,0.814252300313917,1,2361.27236619142,-0.264938977244503
"9675","SPAG5",0.367001043515374,0.952001175542857,0.814106242890574,1,2361.27236619142,1.08471403941716
"2587","RYK",0.367026734316373,0.952001175542857,0.814018934036397,1,2361.27236619142,-0.2041765390732
"790","SLC39A1",0.367034324072281,0.952001175542857,0.813993142269979,1,2361.27236619142,-0.277177996349279
"10095","SPHK1",0.367076803761228,0.952001175542857,0.813848800030915,1,2361.27236619142,0.22967130552195
"3714","SPDL1",0.367175577714027,0.952001175542857,0.813513264580726,1,2361.27236619142,-0.582759375227188
"4628","CHCHD2",0.367280900566786,0.952001175542857,0.813155620691131,1,2361.27236619142,0.102807793049953
"9129","SULT1A3",0.36740192195077,0.952001175542857,0.81274484543925,1,2361.27236619142,-0.852673713085372
"1785","COBLL1",0.3674463735215,0.952001175542857,0.812594013514364,1,2361.27236619142,0.536306273083816
"2067","SEPTIN2",0.367520063719981,0.952001175542857,0.812344025718107,1,2361.27236619142,0.116019857217553
"9209","CES1",0.367619910240236,0.952001175542857,0.812005415989572,1,2361.27236619142,0.648157696998537
"2942","ATP8A1",0.367660947599856,0.952001175542857,0.81186628298571,1,2361.27236619142,0.204006276979284
"4113","RSPH9",0.367672746287304,0.952001175542857,0.811826284730861,1,2361.27236619142,-10
"12175","IL1RAPL1",0.367679834332607,0.952001175542857,0.81180225669252,1,2361.27236619142,-10
"6486","UBQLNL",0.367682732901448,0.952001175542857,0.811792430907738,1,2361.27236619142,-10
"2978","ADGRL3",0.367684571529211,0.952001175542857,0.811786198246102,1,2361.27236619142,-10
"272","DCDC2B",0.367686235485677,0.952001175542857,0.811780557730315,1,2361.27236619142,-10
"1028","CFH",0.367771501979135,0.952001175542857,0.811491567036147,1,2361.27236619142,-0.679689009254928
"7827","TPTE2",0.367793733303043,0.952001175542857,0.81141623451821,1,2361.27236619142,-10
"4165","KCNQ5",0.36781764123055,0.952001175542857,0.811335227771209,1,2361.27236619142,-10
"2037","AGAP1",0.367822122706499,0.952001175542857,0.811320044092135,1,2361.27236619142,-0.948803507505712
"7759","SETD1B",0.36785925226273,0.952001175542857,0.811194255420546,1,2361.27236619142,0.286644823634999
"8084","NRL",0.367997136092884,0.952001175542857,0.810727282825435,1,2361.27236619142,-0.731301096007154
"462","ACOT11",0.368007390949099,0.952001175542857,0.810692562324269,1,2361.27236619142,0.250343050329774
"961","TNFSF18",0.368100119906072,0.952001175542857,0.81037866527436,1,2361.27236619142,-10
"5071","INTS10",0.368145978116577,0.952001175542857,0.810223471182011,1,2361.27236619142,0.221496694518663
"2417","FOXP1",0.368197036434729,0.952001175542857,0.810050710452633,1,2361.27236619142,0.119387349806838
"7105","CRTAM",0.368414335789769,0.952001175542857,0.809315829969508,1,2361.27236619142,0.696100337500807
"6783","SYVN1",0.368431297984143,0.952001175542857,0.809258491241741,1,2361.27236619142,0.345211469607755
"7967","CLN5",0.368477177689935,0.952001175542857,0.809103418638521,1,2361.27236619142,0.214257286264537
"11879","LRP5L",0.368629740523616,0.952001175542857,0.808587952201727,1,2361.27236619142,0.438618154746937
"4957","TRPV5",0.368659292835296,0.952001175542857,0.808488137687266,1,2361.27236619142,-10
"10378","GRIN3B",0.368663800449914,0.952001175542857,0.808472913957033,1,2361.27236619142,-10
"4281","TRAPPC3L",0.368671289382578,0.952001175542857,0.808447621886389,1,2361.27236619142,-10
"6480","RRM1",0.368707565383543,0.952001175542857,0.808325118535747,1,2361.27236619142,0.311316231707818
"1375","SLC30A6",0.36881931512719,0.952001175542857,0.807947847302107,1,2361.27236619142,-0.311875628162645
"1654","MRPS9",0.368839639421458,0.952001175542857,0.807879248850783,1,2361.27236619142,0.323496818423773
"1563","TMSB10",0.36896906074309,0.952001175542857,0.807442550172131,1,2361.27236619142,-0.0637960368433653
"1895","KCTD18",0.369060936981196,0.952001175542857,0.807132667134999,1,2361.27236619142,0.360423039759814
"9389","COX4I1",0.369099753973174,0.952001175542857,0.807001776272044,1,2361.27236619142,0.0914274382706563
"753","GABPB2",0.369121528686787,0.952001175542857,0.806928360353918,1,2361.27236619142,-0.37854488554076
"5915","RABL6",0.369165318817125,0.952001175542857,0.806780735229549,1,2361.27236619142,0.172315184841511
"11016","ZNF284",0.369262424419763,0.952001175542857,0.806453460220422,1,2361.27236619142,-0.723703444108107
"12027","PMM1",0.369334539832276,0.952001175542857,0.806210487251924,1,2361.27236619142,-0.517482237803192
"9625","SREBF1",0.369400337298538,0.952001175542857,0.805988858540127,1,2361.27236619142,0.315845840659272
"1890","FTCDNL1",0.369421416966433,0.952001175542857,0.805917866537423,1,2361.27236619142,-0.386277219849534
"7968","FBXL3",0.369539100876506,0.952001175542857,0.80552163497753,1,2361.27236619142,0.235433175472387
"5527","NUDT2",0.369612313127363,0.952001175542857,0.805275224402598,1,2361.27236619142,0.273884364063718
"6974","SMCO4",0.369663862882147,0.952001175542857,0.805101764144579,1,2361.27236619142,-0.23360440471545
"12431","GPC4",0.369687084354813,0.952001175542857,0.805023637009617,1,2361.27236619142,0.632975015867655
"10674","DDX39A",0.370064334046164,0.952523707378808,0.803755362914494,1,2361.27236619142,-0.349651140417532
"8229","WDR89",0.370146999853797,0.952523707378808,0.803477689968184,1,2361.27236619142,0.507130772812797
"7266","CREBL2",0.370156703018135,0.952523707378808,0.80344510288914,1,2361.27236619142,0.150385585951945
"9519","MED31",0.370193808289954,0.952523707378808,0.803320499643924,1,2361.27236619142,-0.341426909026804
"12504","CMC4",0.370281399737754,0.952553648022804,0.803026427838454,1,2361.27236619142,-0.368502686108898
"11426","SMIM26",0.370436312782286,0.952642303202945,0.802506574027112,1,2361.27236619142,0.155134456586303
"12357","GPRASP1",0.370497423113662,0.952642303202945,0.802301584757446,1,2361.27236619142,1.07817706732938
"11676","RGS19",0.370543748905507,0.952642303202945,0.802146220380312,1,2361.27236619142,-0.188060879058924
"11822","C22orf39",0.370817766263489,0.952993525815036,0.801227793323437,1,2361.27236619142,-0.328406012003761
"3729","RPL26L1",0.370965091039989,0.952993525815036,0.800734394830857,1,2361.27236619142,0.231670944645887
"1214","B3GALNT2",0.370965937468264,0.952993525815036,0.80073156088831,1,2361.27236619142,0.280646938674237
"569","MTF2",0.370991983358583,0.952993525815036,0.800644360563714,1,2361.27236619142,0.162772028711329
"9870","ADAM11",0.371088265977738,0.952993525815036,0.800322085433705,1,2361.27236619142,1.64918324652348
"9764","ARHGAP23",0.371180666615076,0.952993525815036,0.800012913803373,1,2361.27236619142,-1.17192035378526
"2258","ALS2CL",0.371456484510864,0.952993525815036,0.799090668997265,1,2361.27236619142,-0.710045942242574
"3432","ZBED3",0.371460495190337,0.952993525815036,0.799077265655957,1,2361.27236619142,0.269564262499238
"7667","GIT2",0.371534065770047,0.952993525815036,0.798831435065962,1,2361.27236619142,-0.137924313250099
"11788","COL18A1",0.371576986019673,0.952993525815036,0.798688051682128,1,2361.27236619142,1.07246616334809
"11812","PEX26",0.371580995177285,0.952993525815036,0.798674659498896,1,2361.27236619142,0.302416580896263
"7673","ARPC3",0.371592244736108,0.952993525815036,0.798637082570234,1,2361.27236619142,-0.0805237461659919
"10825","GPATCH1",0.371696731264008,0.953066593085652,0.798288141923369,1,2361.27236619142,0.410068809508614
"7367","FKBP11",0.37184855518767,0.953238038305809,0.797781358778867,1,2361.27236619142,0.483858213405958
"1152","DNAH14",0.372006799317766,0.953238038305809,0.797253453027475,1,2361.27236619142,0.678054469510633
"8251","PIGH",0.372167934004315,0.953238038305809,0.796716226916863,1,2361.27236619142,0.350421137101684
"2603","CEP70",0.372193508285085,0.953238038305809,0.796630991692313,1,2361.27236619142,-1.19037735057691
"10035","MAP2K6",0.372229604912656,0.953238038305809,0.796510701012047,1,2361.27236619142,0.383497943786356
"2635","HPS3",0.372316689927674,0.953238038305809,0.796220560571974,1,2361.27236619142,0.171048166499824
"5132","PPP2CB",0.37232371173505,0.953238038305809,0.79619717020933,1,2361.27236619142,-0.184785275567707
"7062","CEP164",0.372473651762513,0.953238038305809,0.795697851806077,1,2361.27236619142,-0.297899397670429
"1270","ASAP2",0.372666687042597,0.953238038305809,0.795055434990674,1,2361.27236619142,-10
"6414","ADAM8",0.372903242986901,0.953238038305809,0.794268817244689,1,2361.27236619142,-0.250499864276459
"1832","OSBPL6",0.372904327241473,0.953238038305809,0.794265213389258,1,2361.27236619142,-10
"5016","INSIG1",0.372924084223413,0.953238038305809,0.794199547518005,1,2361.27236619142,-0.372614140437367
"1609","ITPRIPL1",0.372958279465696,0.953238038305809,0.794085905010011,1,2361.27236619142,-10
"985","TOR1AIP2",0.372974295564134,0.953238038305809,0.794032683043053,1,2361.27236619142,-0.167117266610908
"2764","FGF12",0.372987020913014,0.953238038305809,0.793990398615068,1,2361.27236619142,0.678277609387371
"6402","INSYN2A",0.373070922516895,0.953238038305809,0.793711656710966,1,2361.27236619142,1.07320905090167
"489","LEPROT",0.373226843753225,0.953238038305809,0.793193880839903,1,2361.27236619142,0.140888635556125
"10144","SLC38A10",0.373373926801706,0.953238038305809,0.792705732019467,1,2361.27236619142,0.229047481086839
"729","C1orf54",0.373709259188439,0.953238038305809,0.791593815591952,1,2361.27236619142,-0.180610987832412
"1282","PDIA6",0.373907897309276,0.953238038305809,0.790935817903024,1,2361.27236619142,0.168704592102418
"5549","TLN1",0.373959661701769,0.953238038305809,0.790764426507693,1,2361.27236619142,0.0960048250407311
"2500","ADPRH",0.37399424677386,0.953238038305809,0.79064993420635,1,2361.27236619142,-0.351557818127217
"11790","PCBP3",0.374118263853993,0.953238038305809,0.790239503346177,1,2361.27236619142,-0.995532098893933
"444","COA7",0.374192970567872,0.953238038305809,0.78999235574526,1,2361.27236619142,-0.618776721488995
"9530","DLG4",0.374312982063925,0.953238038305809,0.789595473963697,1,2361.27236619142,0.313489571998522
"10684","ILVBL",0.374362125136574,0.953238038305809,0.789433007778758,1,2361.27236619142,-0.6130353352058
"10025","C17orf58",0.374368316820848,0.953238038305809,0.789412540294874,1,2361.27236619142,-0.508477997877639
"50","CEP104",0.374416205272448,0.953238038305809,0.789254254313757,1,2361.27236619142,0.273729710469246
"11552","YWHAB",0.374844262394546,0.953238038305809,0.787840655059192,1,2361.27236619142,-0.0945376344797052
"11695","ATP5PF",0.374969452994201,0.953238038305809,0.787427658546282,1,2361.27236619142,-0.118277661677483
"6149","P4HA1",0.374991836917253,0.953238038305809,0.787353835680955,1,2361.27236619142,0.141081434105475
"11229","LILRB5",0.374995765826083,0.953238038305809,0.78734087865718,1,2361.27236619142,-0.228361936804293
"1744","ARHGAP15",0.374997219498484,0.953238038305809,0.787336084685392,1,2361.27236619142,0.104104885546609
"7268","APOLD1",0.375189353709655,0.953238038305809,0.786702687259018,1,2361.27236619142,-0.834547874792505
"6774","SNX15",0.375344684617849,0.953238038305809,0.786190949925574,1,2361.27236619142,0.442715257425214
"3430","CRHBP",0.375397783179586,0.953238038305809,0.786016085034015,1,2361.27236619142,0.469278340143256
"1794","FASTKD1",0.375432742762245,0.953238038305809,0.785900974633534,1,2361.27236619142,-0.248050573219632
"10333","VPS4B",0.375539066772621,0.953238038305809,0.785550977161847,1,2361.27236619142,0.151504167077301
"5985","CAMK1D",0.375564835536095,0.953238038305809,0.785466172478115,1,2361.27236619142,0.253340369709723
"4689","DTX2",0.375610367234587,0.953238038305809,0.785316348197702,1,2361.27236619142,0.250956415610596
"2070","THAP4",0.375732786675951,0.953238038305809,0.78491364753264,1,2361.27236619142,0.326536716151585
"3928","PPP1R18",0.375818369454905,0.953238038305809,0.784632231115224,1,2361.27236619142,0.150580551484666
"4552","MTURN",0.375838219647602,0.953238038305809,0.784566971852313,1,2361.27236619142,0.324229912640393
"1747","ACVR2A",0.375951007589347,0.953238038305809,0.784196263452665,1,2361.27236619142,-0.305352803968239
"8570","SPATA5L1",0.375960398303316,0.953238038305809,0.78416540535297,1,2361.27236619142,-0.384632417323726
"2251","LZTFL1",0.376188052478196,0.953238038305809,0.783417659881914,1,2361.27236619142,-0.713776816384293
"10744","PGPEP1",0.376188152280478,0.953238038305809,0.783417332214097,1,2361.27236619142,0.177390907352486
"7594","AMDHD1",0.376207612894627,0.953238038305809,0.78335344205301,1,2361.27236619142,0.593580691412914
"11650","OGFR",0.37624621268649,0.953238038305809,0.783226730769694,1,2361.27236619142,0.158619442411188
"9008","BFAR",0.376316906648333,0.953238038305809,0.782994711548947,1,2361.27236619142,-0.232826468717107
"9826","COASY",0.37634157911676,0.953238038305809,0.782913750362364,1,2361.27236619142,0.300437642334792
"10761","ARMC6",0.376345017318383,0.953238038305809,0.782902468707844,1,2361.27236619142,-0.840271404089338
"4238","MTRES1",0.37643552356571,0.953238038305809,0.782605545736574,1,2361.27236619142,0.338779257061772
"10542","PRAM1",0.376583670231249,0.953238038305809,0.782119739007587,1,2361.27236619142,-0.255884772285127
"9841","AARSD1",0.376648191162869,0.953238038305809,0.781908244167734,1,2361.27236619142,0.433920843735368
"11922","OSBP2",0.376681270217766,0.953238038305809,0.781799833234258,1,2361.27236619142,0.707758665313293
"926","TMCO1",0.376734710107452,0.953238038305809,0.781624721446461,1,2361.27236619142,0.18192303625473
"584","AGL",0.376763325843806,0.953238038305809,0.781530967789939,1,2361.27236619142,0.261715971816769
"9109","MVP",0.376794492055123,0.953238038305809,0.781428869416118,1,2361.27236619142,0.160116712959534
"11529","BPI",0.376808030157002,0.953238038305809,0.781384523223019,1,2361.27236619142,-1.04360112996868
"11230","LILRB2",0.376863020040786,0.953238038305809,0.781204418208063,1,2361.27236619142,-0.15555973362397
"4337","HEBP2",0.377072078151819,0.953238038305809,0.780520040313833,1,2361.27236619142,-0.197224302910858
"11913","SF3A1",0.377180033183824,0.953238038305809,0.780166845046291,1,2361.27236619142,0.271049966200679
"9032","GDE1",0.377231065697965,0.953238038305809,0.779999932070229,1,2361.27236619142,0.162172839939289
"11760","ABCG1",0.377237104521406,0.953238038305809,0.779980182883355,1,2361.27236619142,0.24131642173382
"179","RPL11",0.377289270448951,0.953238038305809,0.779809599526247,1,2361.27236619142,-0.0722066714358228
"8784","GOLGA6L4",0.377420245326402,0.953238038305809,0.77938145604307,1,2361.27236619142,0.861336312859593
"11247","PPP1R12C",0.37744004232599,0.953238038305809,0.779316759875416,1,2361.27236619142,-0.319148554578033
"2292","USP19",0.377517634093124,0.953238038305809,0.779063237712003,1,2361.27236619142,-0.556110732431477
"9148","SRCAP",0.377703046895144,0.953238038305809,0.778457719814983,1,2361.27236619142,0.252154814086285
"3134","BBS7",0.377897583047174,0.953238038305809,0.77782285698553,1,2361.27236619142,-0.464273782825563
"11904","NIPSNAP1",0.378021839553125,0.953238038305809,0.777417590577631,1,2361.27236619142,0.392094700629054
"2531","HACD2",0.378169715086512,0.953238038305809,0.776935534551307,1,2361.27236619142,0.273093948339874
"9175","ARMC5",0.378354578097113,0.953238038305809,0.776333277441605,1,2361.27236619142,-0.844213920809226
"10242","MIB1",0.378473536029571,0.953238038305809,0.775945948911011,1,2361.27236619142,0.18721365382105
"3482","RHOBTB3",0.378498447565759,0.953238038305809,0.775864858370272,1,2361.27236619142,0.261750769632414
"5499","CDKN2A",0.378702136026426,0.953238038305809,0.77520210611396,1,2361.27236619142,0.674522781501514
"2897","PACRGL",0.378737715474931,0.953238038305809,0.775086390896293,1,2361.27236619142,0.318318698903739
"7325","BICD1",0.37880805874123,0.953238038305809,0.774857658257605,1,2361.27236619142,-0.37868140134128
"9024","NOMO2",0.378811674813744,0.953238038305809,0.77484590162534,1,2361.27236619142,-1.13152375915888
"6353","HSPA12A",0.378843033961794,0.953238038305809,0.774743952905066,1,2361.27236619142,-10
"7834","IFT88",0.378855196240813,0.953238038305809,0.774704416489273,1,2361.27236619142,0.252330444191583
"10325","PMAIP1",0.379047201114215,0.953238038305809,0.774080495596229,1,2361.27236619142,0.577039862059177
"10885","ZNF461",0.3792803613245,0.953238038305809,0.773323439519082,1,2361.27236619142,-0.517250535352383
"12494","SLC10A3",0.379289096985187,0.953238038305809,0.773295088161228,1,2361.27236619142,0.493245466065667
"11261","SSC5D",0.37965647982255,0.953238038305809,0.772103590693623,1,2361.27236619142,-10
"11201","ZNF320",0.379840723561859,0.953238038305809,0.771506663443736,1,2361.27236619142,0.587956159140897
"8930","FLYWCH2",0.379881559503297,0.953238038305809,0.771374415333914,1,2361.27236619142,-0.337521275944818
"11155","EMC10",0.379930714115097,0.953238038305809,0.771215253654973,1,2361.27236619142,0.182662598437132
"992","KIAA1614",0.380000646445866,0.953238038305809,0.7709888642498,1,2361.27236619142,-10
"7976","GPC5",0.380006758226689,0.953238038305809,0.770969081599506,1,2361.27236619142,-10
"11354","SDCBP2",0.380010653501235,0.953238038305809,0.77095647358509,1,2361.27236619142,-10
"1308","PFN4",0.380013767664239,0.953238038305809,0.770946393961689,1,2361.27236619142,-10
"5767","OR1L8",0.380014911449032,0.953238038305809,0.770942691898339,1,2361.27236619142,-10
"4183","TTK",0.380074337839613,0.953238038305809,0.77075036944695,1,2361.27236619142,1.56093993796842
"1887","MARS2",0.380080249144901,0.953238038305809,0.770731240930964,1,2361.27236619142,1.56093973858106
"7218","C1S",0.380459125385839,0.953238038305809,0.769506103679239,1,2361.27236619142,0.61081749776211
"8291","ZNF410",0.380473948176908,0.953238038305809,0.769458207635934,1,2361.27236619142,-0.26717205886977
"4855","DLD",0.380628401098357,0.953238038305809,0.768959289577128,1,2361.27236619142,0.219940162267523
"11461","KIF3B",0.380654149360497,0.953238038305809,0.768876144670173,1,2361.27236619142,-0.393560538116647
"11801","PRMT2",0.380663382093131,0.953238038305809,0.768846332762106,1,2361.27236619142,0.111299652110535
"2727","ABCC5",0.380762927198902,0.953238038305809,0.76852497285375,1,2361.27236619142,0.183578132098226
"794","RPS27",0.380777580504197,0.953238038305809,0.768477677848592,1,2361.27236619142,0.0704342320748197
"1755","TNFAIP6",0.380942830302029,0.953238038305809,0.767944495763022,1,2361.27236619142,0.468403448060594
"7562","CSRP2",0.381033652910751,0.953238038305809,0.767651593917531,1,2361.27236619142,-10
"7485","TAC3",0.381034544262774,0.953238038305809,0.767648719807121,1,2361.27236619142,-10
"4780","GPC2",0.381034579933414,0.953238038305809,0.76764860478951,1,2361.27236619142,-10
"10435","TLE6",0.381035591158178,0.953238038305809,0.767645344168682,1,2361.27236619142,-10
"6507","ZNF214",0.381036716980036,0.953238038305809,0.767641714052244,1,2361.27236619142,-10
"164","ECE1",0.381040237776715,0.953238038305809,0.767630361641945,1,2361.27236619142,-10
"7194","IFFO1",0.381109406084614,0.953238038305809,0.767407366353212,1,2361.27236619142,-0.238301959484862
"5978","ECHDC3",0.381166387132019,0.953238038305809,0.767223705213514,1,2361.27236619142,0.643742236395802
"1795","PPIG",0.381228797012359,0.953238038305809,0.767022590444689,1,2361.27236619142,-0.123389945382979
"2139","SH3BP5",0.381231448343896,0.953238038305809,0.767014047605872,1,2361.27236619142,0.223015424872525
"10533","TIMM44",0.381266090144949,0.953238038305809,0.766902436199206,1,2361.27236619142,-0.621357620945241
"8718","CSK",0.381464334812742,0.953238038305809,0.766263993438233,1,2361.27236619142,0.168422299449818
"4365","SASH1",0.381679783763583,0.953238038305809,0.765570676961562,1,2361.27236619142,-0.215136807435215
"865","MNDA",0.381759903877112,0.953238038305809,0.765312991098298,1,2361.27236619142,0.132939348038834
"9830","TUBG1",0.381879815487742,0.953238038305809,0.764927469091622,1,2361.27236619142,-0.554799574036412
"803","TDRD10",0.381882382604561,0.953238038305809,0.764919217553079,1,2361.27236619142,-10
"8819","CRTC3",0.381972168371545,0.953238038305809,0.76463066665287,1,2361.27236619142,-0.20409448583612
"5363","LRATD2",0.382080486788475,0.953238038305809,0.764282683887228,1,2361.27236619142,-10
"10498","PSPN",0.382117056966504,0.953238038305809,0.764165230416066,1,2361.27236619142,0.841189223819444
"4762","FAM200A",0.382123130899874,0.953238038305809,0.764145724135112,1,2361.27236619142,-0.420942409441245
"6641","RAPSN",0.382175027663317,0.953238038305809,0.763979076920115,1,2361.27236619142,-1.15423011739913
"4352","FUCA2",0.382213119437933,0.953238038305809,0.763856779708568,1,2361.27236619142,-0.162968800877607
"6906","MRPL48",0.382256829386332,0.953238038305809,0.76371646609812,1,2361.27236619142,0.39844076872768
"9558","SHBG",0.382391729738889,0.953238038305809,0.763283564845046,1,2361.27236619142,1.54168913251669
"5425","SCX",0.382401137151825,0.953238038305809,0.763253384108993,1,2361.27236619142,1.5416891325166
"318","MRPS15",0.382550757971895,0.953238038305809,0.762773514007844,1,2361.27236619142,0.198622098579599
"9997","TACO1",0.382591841391885,0.953238038305809,0.762641796105536,1,2361.27236619142,0.344028408137205
"5991","PRPF18",0.382609445122089,0.953238038305809,0.762585362771987,1,2361.27236619142,-0.294434670542607
"11371","FASTKD5",0.382735976235935,0.953238038305809,0.762179842670998,1,2361.27236619142,0.463197245425318
"3638","RNF14",0.382952371180769,0.953238038305809,0.761486757910682,1,2361.27236619142,0.286518859054363
"6702","FADS2",0.382987638961662,0.953238038305809,0.761373852442509,1,2361.27236619142,-0.561998904983673
"3040","MRPS18C",0.383081117472055,0.953238038305809,0.761074663798235,1,2361.27236619142,0.127510697038028
"2094","OGG1",0.38319575458511,0.953238038305809,0.760707895962579,1,2361.27236619142,-0.506881983088561
"5814","CIZ1",0.383309164289547,0.953238038305809,0.76034520820191,1,2361.27236619142,-0.341724408468734
"9012","NTAN1",0.383311365823189,0.953238038305809,0.76033816913526,1,2361.27236619142,-0.135219952625148
"8135","PSMA6",0.383317240714049,0.953238038305809,0.76031938535225,1,2361.27236619142,0.0948369554934917
"4222","FBXL4",0.383325376327272,0.953238038305809,0.760293374038222,1,2361.27236619142,0.235385170091185
"12204","RBM10",0.383444748142841,0.953238038305809,0.759911806584078,1,2361.27236619142,-0.312828930740372
"7039","IL18",0.383506732942865,0.953238038305809,0.759713741016165,1,2361.27236619142,-0.171408833384764
"11151","KCNC3",0.383524928368971,0.953238038305809,0.75965560817096,1,2361.27236619142,-0.426415016870097
"6181","ZMIZ1",0.383658962852739,0.953238038305809,0.759227499933075,1,2361.27236619142,0.131081489183688
"5229","RPL7",0.383728759601756,0.953238038305809,0.759004652071519,1,2361.27236619142,0.127970095959437
"6303","FBXL15",0.38378411931233,0.953238038305809,0.758827939866204,1,2361.27236619142,-0.183638436439324
"7398","CSRNP2",0.383796325757832,0.953238038305809,0.758788980877232,1,2361.27236619142,0.352773826144414
"3489","LNPEP",0.383852626882891,0.953238038305809,0.75860930883314,1,2361.27236619142,-0.150816278350424
"3277","SRD5A1",0.383911105663491,0.953238038305809,0.758422726914494,1,2361.27236619142,0.232275129144519
"3740","KIAA1191",0.384025482656774,0.953238038305809,0.758057913243778,1,2361.27236619142,0.269887259959624
"9774","LASP1",0.384151133410154,0.953238038305809,0.757657318925656,1,2361.27236619142,0.14244483963476
"1512","TGFA",0.384237756065114,0.953238038305809,0.757381260665493,1,2361.27236619142,0.480335024253934
"11535","TOP1",0.384316692934541,0.953238038305809,0.757129773256484,1,2361.27236619142,0.112844863265467
"3997","HLA-DMB",0.384362920937093,0.953238038305809,0.756982528104403,1,2361.27236619142,-0.162501621993409
"6247","ARHGAP19",0.384503841919064,0.953238038305809,0.756533822665973,1,2361.27236619142,-0.327219890129329
"4181","LCA5",0.384552607399871,0.953238038305809,0.75637860328413,1,2361.27236619142,-0.542273545056938
"4907","ZC3HC1",0.38455550629634,0.953238038305809,0.756369377045461,1,2361.27236619142,0.331140685297085
"3000","EPGN",0.384634586839013,0.953238038305809,0.756117727679648,1,2361.27236619142,1.5234002298886
"4394","CLDN20",0.384641297995824,0.953238038305809,0.756096374883879,1,2361.27236619142,1.52339995861046
"11577","SLC35C2",0.384724023490619,0.953238038305809,0.755833211793892,1,2361.27236619142,-0.248327199799584
"12079","PANX2",0.384745657415924,0.953238038305809,0.755764404068497,1,2361.27236619142,0.734258827487764
"2723","KLHL24",0.384853848877883,0.953238038305809,0.755420378501297,1,2361.27236619142,0.163896867450635
"8287","ACOT4",0.38488992510995,0.953238038305809,0.755305694411019,1,2361.27236619142,1.04952779926001
"8638","TPM1",0.384900628555487,0.953238038305809,0.755271671765287,1,2361.27236619142,-0.464022741462364
"7505","EEF1AKMT3",0.38502228422485,0.953238038305809,0.75488506390693,1,2361.27236619142,0.588530874484439
"144","ALDH4A1",0.385024538629834,0.953238038305809,0.754877901303915,1,2361.27236619142,0.412269470277638
"11970","SH3BP1",0.38504245178008,0.953238038305809,0.754820990497377,1,2361.27236619142,0.202248571877426
"5820","SLC27A4",0.385259884941665,0.953238038305809,0.7541304965958,1,2361.27236619142,-0.222710904116551
"10607","ECSIT",0.385304849784947,0.953238038305809,0.753987772678902,1,2361.27236619142,0.467930238284163
"4558","AVL9",0.385346967362484,0.953238038305809,0.753854107819872,1,2361.27236619142,0.143683226108198
"4991","GIMAP6",0.385400357907177,0.953238038305809,0.75368469680218,1,2361.27236619142,-0.287373145086478
"9349","TMEM170A",0.385613293190129,0.953238038305809,0.753009373903501,1,2361.27236619142,-0.257713926328808
"7468","NABP2",0.385653627801853,0.953238038305809,0.752881512712821,1,2361.27236619142,-0.504527645919496
"8492","SPRED1",0.385793010810768,0.953238038305809,0.752439813422918,1,2361.27236619142,-0.16592433190625
"6100","CCDC6",0.385846226929935,0.953238038305809,0.75227123353815,1,2361.27236619142,0.151727670415027
"2740","VPS8",0.385908342512701,0.953238038305809,0.752074503478224,1,2361.27236619142,-0.124866149695276
"6794","FAM89B",0.385931342734008,0.953238038305809,0.752001669506782,1,2361.27236619142,0.221611083649183
"1220","LGALS8",0.385999231233844,0.953238038305809,0.751786725476679,1,2361.27236619142,-0.164486946453702
"2224","ZBTB47",0.386043599899313,0.953238038305809,0.751646277454523,1,2361.27236619142,0.499835697242166
"7373","TUBA1B",0.386189152292874,0.953238038305809,0.7511856959268,1,2361.27236619142,0.153653291879655
"7555","GLIPR1",0.386228346071861,0.953238038305809,0.751061714578292,1,2361.27236619142,0.169000109888261
"9980","RNFT1",0.386235396473085,0.953238038305809,0.751039414005418,1,2361.27236619142,-0.252213871301674
"9410","TRAPPC2L",0.386413697540051,0.953238038305809,0.750475636510422,1,2361.27236619142,0.197037558499163
"11408","TASP1",0.386571400408844,0.953238038305809,0.749977298052568,1,2361.27236619142,-0.382464757098573
"4588","STK17A",0.386616591399581,0.953238038305809,0.749834548659402,1,2361.27236619142,0.207026201297181
"5094","TNFRSF10C",0.386680682289104,0.953238038305809,0.749632138993304,1,2361.27236619142,-1.24874425989724
"12074","BRD1",0.386715647432612,0.953238038305809,0.749521733421112,1,2361.27236619142,0.209086018513614
"4178","IRAK1BP1",0.386824298985817,0.953238038305809,0.74917874717989,1,2361.27236619142,-0.737975155001869
"9548","CHRNB1",0.386942846028705,0.953238038305809,0.7488046799155,1,2361.27236619142,-0.409320416592966
"2967","EXOC1",0.386994794918337,0.953238038305809,0.748640810144355,1,2361.27236619142,-0.151305031159953
"5102","ADAM28",0.387041686129116,0.953238038305809,0.748492921455295,1,2361.27236619142,0.133483359780483
"7615","GNPTAB",0.387250907875304,0.953238038305809,0.747833374835592,1,2361.27236619142,0.134859034717506
"4153","PRIM2",0.387540455357351,0.953238038305809,0.746921448744065,1,2361.27236619142,0.191543885088766
"110","TNFRSF1B",0.387573778969654,0.953238038305809,0.746816558818169,1,2361.27236619142,0.0827590907993584
"11268","ZNF581",0.38762069565606,0.953238038305809,0.746668904926442,1,2361.27236619142,-0.411648836657751
"8367","TC2N",0.38789655505859,0.953238038305809,0.745801249259143,1,2361.27236619142,-10
"11789","SLC19A1",0.387976413625531,0.953238038305809,0.745550235883373,1,2361.27236619142,-0.683174703681507
"1373","DPY30",0.388151442567691,0.953238038305809,0.745000338573012,1,2361.27236619142,0.188367572212949
"3665","TCOF1",0.388280054993224,0.953238038305809,0.74459649598905,1,2361.27236619142,-0.395626082124655
"9794","CASC3",0.388396970326869,0.953238038305809,0.74422954795145,1,2361.27236619142,-0.25567511681824
"1153","LBR",0.388438657635945,0.953238038305809,0.74409874717998,1,2361.27236619142,-0.173673041992861
"9039","THUMPD1",0.388514003188074,0.953238038305809,0.74386238901033,1,2361.27236619142,-0.223353826675644
"10139","AATK",0.388541502871452,0.953238038305809,0.743776139114707,1,2361.27236619142,-0.161782634166511
"1297","HS1BP3",0.388553039411628,0.953238038305809,0.743739958553257,1,2361.27236619142,0.208229966011028
"775","S100A9",0.388576484424231,0.953238038305809,0.743666435715317,1,2361.27236619142,-0.134884645527781
"9269","FHOD1",0.388642274073974,0.953238038305809,0.743460155237184,1,2361.27236619142,0.331616696005537
"3880","ACOT13",0.388687219576089,0.953238038305809,0.743319259324573,1,2361.27236619142,-0.122144756425164
"739","GOLPH3L",0.388752685150233,0.953238038305809,0.74311407838796,1,2361.27236619142,-0.27576482605361
"11273","ZNF444",0.388812165059778,0.953238038305809,0.742927700408093,1,2361.27236619142,0.359765300409275
"10294","SMAD2",0.388881492739511,0.953238038305809,0.742710516238652,1,2361.27236619142,0.133137746216693
"2664","CCNL1",0.388922174322281,0.953238038305809,0.742583098013799,1,2361.27236619142,-0.161177800750408
"194","CLIC4",0.389119881413073,0.953238038305809,0.741964133507225,1,2361.27236619142,0.193452383284963
"371","ERMAP",0.389122112297351,0.953238038305809,0.741957151809968,1,2361.27236619142,-0.320496597400813
"2955","FRYL",0.389129286320348,0.953238038305809,0.741934700626891,1,2361.27236619142,0.118323737864029
"6903","RELT",0.389171909689374,0.953238038305809,0.741801322530483,1,2361.27236619142,0.260831917588026
"10311","POLI",0.389220591325283,0.953238038305809,0.741649012302646,1,2361.27236619142,0.307967336477004
"9859","TMUB2",0.389267974922785,0.953238038305809,0.741500789403184,1,2361.27236619142,-0.208156673259018
"3782","HNRNPH1",0.389360639588852,0.953238038305809,0.741210995172795,1,2361.27236619142,0.141817818373034
"7301","BHLHE41",0.389462918938075,0.953238038305809,0.740891247015749,1,2361.27236619142,0.352339069495271
"246","TAF12",0.389547176249519,0.953238038305809,0.740627929992654,1,2361.27236619142,-0.201991653390547
"1074","CDK18",0.389573750666958,0.953238038305809,0.74054489776003,1,2361.27236619142,0.343133622052098
"7989","GPR183",0.38964406478317,0.953238038305809,0.740325239147908,1,2361.27236619142,0.139782717175163
"11226","RPS9",0.389661552134295,0.953238038305809,0.740270618136272,1,2361.27236619142,-0.0698885830036819
"2714","FXR1",0.389691043484935,0.953238038305809,0.740178511076573,1,2361.27236619142,-0.149707842488895
"11395","TRMT6",0.38979268123756,0.953238038305809,0.739861153569112,1,2361.27236619142,0.563079672270882
"7483","PRIM1",0.389809537680442,0.953238038305809,0.739808531830033,1,2361.27236619142,0.4247864486101
"4732","SAMD9",0.389907999969926,0.953238038305809,0.739501221415551,1,2361.27236619142,-0.0896893425267437
"157","MUL1",0.389912526408505,0.953238038305809,0.739487096629042,1,2361.27236619142,-0.461233813259254
"5048","MTMR9",0.389928932628244,0.953238038305809,0.739435902860384,1,2361.27236619142,0.240779909997625
"8250","PLEKHH1",0.390101958140565,0.953238038305809,0.738896183788501,1,2361.27236619142,1.10115007986713
"4321","EYA4",0.390375950737583,0.953238038305809,0.738042218363972,1,2361.27236619142,-10
"12137","GEMIN8",0.390417987715871,0.953238038305809,0.737911275698559,1,2361.27236619142,-0.55459312613274
"2031","ATG16L1",0.390554446109605,0.953238038305809,0.737486355104531,1,2361.27236619142,0.332808139570295
"4404","DYNLT1",0.390589696784613,0.953238038305809,0.73737662186261,1,2361.27236619142,-0.0989877540872718
"796","TPM3",0.390689319367921,0.953238038305809,0.737066579403256,1,2361.27236619142,0.0784906976235677
"5883","REXO4",0.390778739118948,0.953238038305809,0.736788386332739,1,2361.27236619142,0.300841958326095
"6914","PGM2L1",0.390879403247985,0.953238038305809,0.736475320076816,1,2361.27236619142,0.297391188201628
"1427","ATP6V1E2",0.390976664810423,0.953238038305809,0.736172945548975,1,2361.27236619142,-1.16205759052711
"717","NBPF9",0.391144024901089,0.953238038305809,0.735652895371025,1,2361.27236619142,0.430162224632315
"5618","SLC28A3",0.391157477625145,0.953238038305809,0.735611106592491,1,2361.27236619142,0.924467838921413
"2406","SLC25A26",0.391190857384023,0.953238038305809,0.735507426501197,1,2361.27236619142,0.214669423347792
"2643","SERP1",0.391200256971246,0.953238038305809,0.735478232950733,1,2361.27236619142,0.0895771360651211
"5007","NUB1",0.391202404373286,0.953238038305809,0.735471563619197,1,2361.27236619142,-0.145543674675663
"11031","TOMM40",0.39124164573076,0.953238038305809,0.735349698326774,1,2361.27236619142,0.345168280948178
"8271","ADAM20",0.391338694533842,0.953238038305809,0.735048385405501,1,2361.27236619142,1.54168913810132
"6525","ADM",0.39134026232463,0.953238038305809,0.735043518675905,1,2361.27236619142,-0.294314235768899
"3651","SPINK6",0.391762119716681,0.953238038305809,0.733735005802613,1,2361.27236619142,-10
"10360","ADNP2",0.391801262558567,0.953238038305809,0.733613695409117,1,2361.27236619142,-0.346733382289711
"6552","SERGEF",0.391820742018041,0.953238038305809,0.733553331696073,1,2361.27236619142,-0.259786643245575
"9025","RPS15A",0.391975739800866,0.953238038305809,0.733073171878964,1,2361.27236619142,-0.0747255754009524
"7698","OAS1",0.392306124410181,0.953238038305809,0.732050598888066,1,2361.27236619142,-0.094886259106622
"12023","TOB2",0.392313535149693,0.953238038305809,0.732027676093274,1,2361.27236619142,-0.25511149115974
"2024","COPS7B",0.392359002062258,0.953238038305809,0.731887052087445,1,2361.27236619142,-0.324591612384363
"838","UBQLN4",0.392385909466339,0.953238038305809,0.731803841556695,1,2361.27236619142,0.395740927636971
"7297","BCAT1",0.392423679076988,0.953238038305809,0.731687053721329,1,2361.27236619142,0.182783287901558
"6716","B3GAT3",0.392503879389059,0.953238038305809,0.731439118954329,1,2361.27236619142,0.276949765847726
"8720","SCAMP2",0.392556077336315,0.953238038305809,0.731277791006487,1,2361.27236619142,0.147697789571646
"3807","SERPINB1",0.392582029733959,0.953238038305809,0.731197591519992,1,2361.27236619142,-0.111479885004828
"6829","PELI3",0.392598306428722,0.953238038305809,0.731147296292879,1,2361.27236619142,-0.689512422492904
"2860","MRFAP1",0.392655453060285,0.953238038305809,0.73097073607039,1,2361.27236619142,0.128636752136571
"4314","ENPP3",0.392945025732224,0.953238038305809,0.730076639464902,1,2361.27236619142,1.62709142333514
"6493","CAVIN3",0.39295891000179,0.953238038305809,0.730033793600661,1,2361.27236619142,-0.534812878896573
"6262","R3HCC1L",0.393008872016811,0.953238038305809,0.729879632386544,1,2361.27236619142,-0.15819377830267
"5566","TOMM5",0.39305729300614,0.953238038305809,0.729730252982815,1,2361.27236619142,-0.183127846343355
"2033","USP40",0.393064938583491,0.953238038305809,0.729706668691244,1,2361.27236619142,0.193901589216938
"521","MIGA1",0.39307525662566,0.953238038305809,0.729674841699915,1,2361.27236619142,-0.236095227855946
"2382","SPATA12",0.393280775916243,0.953238038305809,0.729041147768588,1,2361.27236619142,-1.184928104596
"8827","PRC1",0.393358731161693,0.953238038305809,0.728800906682806,1,2361.27236619142,0.638516033879594
"9865","ITGA2B",0.39336597619739,0.953238038305809,0.728778582537177,1,2361.27236619142,1.64918323120432
"11420","KAT14",0.393459012221751,0.953238038305809,0.728491962940939,1,2361.27236619142,0.455122391037923
"12421","ELF4",0.393670954643497,0.953238038305809,0.727839387633987,1,2361.27236619142,-0.283347034016311
"4946","ADCK2",0.393773262915575,0.953238038305809,0.727524559041649,1,2361.27236619142,0.450054905787426
"3328","RPL37",0.393828322960747,0.953238038305809,0.727355173964507,1,2361.27236619142,0.0780748696748794
"11567","ZSWIM1",0.393878738577711,0.953238038305809,0.727200106742393,1,2361.27236619142,0.695791896513125
"11117","C19orf73",0.394000326623771,0.953238038305809,0.726826246413108,1,2361.27236619142,-10
"2341","PCBP4",0.394002386875375,0.953238038305809,0.726819912957926,1,2361.27236619142,-10
"4276","COL10A1",0.39400405889849,0.953238038305809,0.726814772997706,1,2361.27236619142,-10
"6934","LRRC32",0.394006737074018,0.953238038305809,0.726806540093382,1,2361.27236619142,-10
"9614","ZNF287",0.394007277443342,0.953238038305809,0.726804878968952,1,2361.27236619142,-10
"2951","CNGA1",0.394012417147325,0.953238038305809,0.726789079405724,1,2361.27236619142,-10
"3675","TNIP1",0.394035335990818,0.953238038305809,0.726718629985585,1,2361.27236619142,0.207186720078383
"1313","CENPO",0.394075405132725,0.953238038305809,0.726595477036062,1,2361.27236619142,0.86682106132735
"8396","PAPOLA",0.394092424054247,0.953238038305809,0.72654317464512,1,2361.27236619142,0.112644939905058
"2786","WDR53",0.394246022965665,0.953238038305809,0.726071282912293,1,2361.27236619142,-0.491581738879925
"2243","TMEM42",0.394315723379318,0.953238038305809,0.725857234235714,1,2361.27236619142,0.409290928355016
"6602","TRIM44",0.394339596681331,0.953238038305809,0.725783932289886,1,2361.27236619142,-0.144946639367374
"8163","ARF6",0.394366059364602,0.953238038305809,0.725702687225221,1,2361.27236619142,-0.197489860635522
"6468","CDKN1C",0.394400951293047,0.953238038305809,0.72559557489953,1,2361.27236619142,-0.250756661486969
"2474","ABHD10",0.394477859172666,0.953238038305809,0.725359528870236,1,2361.27236619142,0.278894137525843
"1637","TXNDC9",0.394500761777277,0.953238038305809,0.725289248890554,1,2361.27236619142,0.231353231762605
"8706","BBS4",0.394525420820679,0.953238038305809,0.725213585590003,1,2361.27236619142,0.244883567831714
"9246","CMTM3",0.394559623280251,0.953238038305809,0.725108650739917,1,2361.27236619142,0.207314692677114
"12282","SPIN4",0.394923751174699,0.953238038305809,0.723992299759704,1,2361.27236619142,1.01391167283153
"7952","HNRNPA1L2",0.395082065353881,0.953238038305809,0.723507399170882,1,2361.27236619142,-10
"12320","ZDHHC15",0.395084751528947,0.953238038305809,0.723499174099308,1,2361.27236619142,-10
"825","HCN3",0.395085845220699,0.953238038305809,0.723495825236814,1,2361.27236619142,-10
"4662","CLDN4",0.39508729753798,0.953238038305809,0.723491378290698,1,2361.27236619142,-10
"11319","ZNF135",0.395088656269419,0.953238038305809,0.723487217922572,1,2361.27236619142,-10
"4724","LRRD1",0.39508899072825,0.953238038305809,0.723486193829421,1,2361.27236619142,-10
"7703","CFAP73",0.395090328874997,0.953238038305809,0.723482096515748,1,2361.27236619142,-10
"6061","AL117339.4",0.395092627530977,0.953238038305809,0.723475058235282,1,2361.27236619142,-10
"6513","RPL27A",0.395127176914463,0.953238038305809,0.723369278199535,1,2361.27236619142,0.0832045247938128
"3577","SEC24A",0.395147840013381,0.953238038305809,0.723306020246281,1,2361.27236619142,0.204669925595568
"6516","NRIP3",0.395209272325718,0.953238038305809,0.723117979688163,1,2361.27236619142,-0.442261559695325
"396","PTCH2",0.395214371547841,0.953238038305809,0.723102373173944,1,2361.27236619142,0.703868616595145
"1634","MITD1",0.395334072364303,0.953238038305809,0.722736104077572,1,2361.27236619142,0.229210937951009
"11881","MYO18B",0.395336425355579,0.953238038305809,0.72272890582906,1,2361.27236619142,-10
"2629","PLSCR4",0.395451967415438,0.953238038305809,0.722375516616603,1,2361.27236619142,-10
"306","AGO4",0.395520723605227,0.953238038305809,0.722165294173048,1,2361.27236619142,-0.145535960869075
"3199","CTSO",0.395708960347003,0.953238038305809,0.721590028763715,1,2361.27236619142,0.248410241950128
"8870","WDR24",0.395756881657565,0.953238038305809,0.72144364071057,1,2361.27236619142,0.491437948634114
"5911","EGFL7",0.395860610981969,0.953238038305809,0.72112686017279,1,2361.27236619142,-0.474637965179524
"952","GORAB",0.395902992275045,0.953238038305809,0.720997465758696,1,2361.27236619142,0.302142896909577
"7257","TAS2R14",0.395904650271609,0.953238038305809,0.720992404132075,1,2361.27236619142,0.837966810977294
"8125","EGLN3",0.396035505031643,0.953238038305809,0.720593019668056,1,2361.27236619142,0.585081817274132
"2274","TMA7",0.39607173532178,0.953238038305809,0.720482474118373,1,2361.27236619142,0.106712654270199
"1295","PUM2",0.39611497782598,0.953238038305809,0.720350552059727,1,2361.27236619142,0.120519428093945
"3204","C4orf46",0.396122569270448,0.953238038305809,0.720327394606738,1,2361.27236619142,0.724310322098816
"403","TESK2",0.396178692776978,0.953238038305809,0.720156211552456,1,2361.27236619142,-0.258848199221156
"8587","GABPB1",0.396360119685435,0.953238038305809,0.719603078264488,1,2361.27236619142,0.238989990135789
"4916","SLC35B4",0.396360256049902,0.953238038305809,0.719602662654748,1,2361.27236619142,0.227608152840831
"9124","GDPD3",0.396427096988276,0.953238038305809,0.719398970607857,1,2361.27236619142,1.01775503324919
"12405","ZBTB33",0.396652059742152,0.953238038305809,0.718713779939539,1,2361.27236619142,0.316566354820309
"4419","PACRG",0.396669024404312,0.953238038305809,0.718662131791027,1,2361.27236619142,1.71604507073583
"9726","ASIC2",0.396684453442378,0.953238038305809,0.7186151615504,1,2361.27236619142,-1.21772851944599
"7415","ZNF740",0.396749391274437,0.953238038305809,0.718417501822738,1,2361.27236619142,0.382879001374426
"8136","NFKBIA",0.396769151407011,0.953238038305809,0.718357364607899,1,2361.27236619142,-0.214909115979159
"7343","IRAK4",0.396980620480595,0.953238038305809,0.717714058646573,1,2361.27236619142,0.190137038431138
"2728","EIF2B5",0.397004535506281,0.953238038305809,0.717641338367816,1,2361.27236619142,0.294824290566061
"6786","POLA2",0.397042165815595,0.953238038305809,0.717526925772063,1,2361.27236619142,0.276047163224849
"10036","KCNJ2",0.397056256917671,0.953238038305809,0.71748408669137,1,2361.27236619142,-0.808224494178541
"2567","MBD4",0.397074835508297,0.953238038305809,0.717427608324141,1,2361.27236619142,-0.134974359387767
"6438","IRF7",0.397379422060126,0.953412699729585,0.716502218331423,1,2361.27236619142,-0.127201143910531
"7533","NUP107",0.39743012509837,0.953412699729585,0.716348272695346,1,2361.27236619142,-0.297559887591489
"5277","RAD54B",0.397432387568492,0.953412699729585,0.71634140399742,1,2361.27236619142,1.07126989576
"4857","PNPLA8",0.39751049381537,0.953412699729585,0.716104313656019,1,2361.27236619142,0.179409733235452
"4553","ZNRF2",0.397624559930022,0.953412699729585,0.715758188647029,1,2361.27236619142,0.126312564099146
"4473","FSCN1",0.397721194531029,0.953412699729585,0.715465070563774,1,2361.27236619142,0.516709215347814
"7539","YEATS4",0.397732698123607,0.953412699729585,0.715430184010673,1,2361.27236619142,-0.384114929146557
"4886","GCC1",0.397943754944792,0.953412699729585,0.714790378068412,1,2361.27236619142,0.38884098144801
"5323","OXR1",0.398018322694801,0.953412699729585,0.714564447788114,1,2361.27236619142,0.167664437840014
"10840","ZNF792",0.398042168960594,0.953412699729585,0.714492209722999,1,2361.27236619142,1.00929954767236
"1439","FOXN2",0.398299233745788,0.953412699729585,0.713713874578867,1,2361.27236619142,-0.151954006628282
"4542","HIBADH",0.398381418628829,0.953412699729585,0.713465190322843,1,2361.27236619142,0.241514695000449
"11366","PCED1A",0.398416626830771,0.953412699729585,0.713358676106095,1,2361.27236619142,-0.422716688431992
"170","C1QA",0.398441838584963,0.953412699729585,0.713282412185096,1,2361.27236619142,-0.0900376185346078
"2369","RFT1",0.398454466295457,0.953412699729585,0.713244216805413,1,2361.27236619142,-0.490660539020751
"6073","ZNF22",0.398523546005953,0.953412699729585,0.713035300532193,1,2361.27236619142,-0.271463510902299
"11484","TP53INP2",0.398605602169123,0.953412699729585,0.712787207965707,1,2361.27236619142,0.550201777651328
"8421","CKB",0.398640787554787,0.953412699729585,0.712680849420915,1,2361.27236619142,0.487146385993067
"8575","MYEF2",0.398647899802803,0.953412699729585,0.712659352136462,1,2361.27236619142,0.845734381027611
"2905","ZCCHC4",0.398759056011913,0.953412699729585,0.712323446596189,1,2361.27236619142,0.44995186529861
"4015","DAXX",0.398847444904521,0.953412699729585,0.712056438905187,1,2361.27236619142,0.267737212849625
"8395","GSKIP",0.398946083392348,0.953412699729585,0.711758570107533,1,2361.27236619142,-0.383563928290866
"3048","SLC10A6",0.399154469556309,0.953412699729585,0.711129635574896,1,2361.27236619142,-1.12546473117828
"4107","POLR1C",0.399213776742155,0.953412699729585,0.710950726301258,1,2361.27236619142,0.470099504485861
"4480","USP42",0.399257814573874,0.953412699729585,0.710817904303503,1,2361.27236619142,-0.278702561043854
"10606","ZNF653",0.399268473235882,0.953412699729585,0.710785760026498,1,2361.27236619142,-0.80229345169146
"12048","ARFGAP3",0.399271205849548,0.953412699729585,0.710777519240178,1,2361.27236619142,-0.203145283211688
"6246","SLIT1",0.399276253805899,0.953412699729585,0.710762296253192,1,2361.27236619142,1.00329281623783
"4839","RINT1",0.399384676300384,0.953490048635659,0.710435396751822,1,2361.27236619142,0.383816973621575
"10479","KDM4B",0.399691462192121,0.95390810645161,0.709511117725175,1,2361.27236619142,-0.201324697311854
"3920","GNL1",0.399711912878017,0.95390810645161,0.709449540833312,1,2361.27236619142,-0.295076158435057
"9576","CTC1",0.399877136606394,0.954120846685842,0.708952220681641,1,2361.27236619142,-0.482593604479966
"12248","CCNB3",0.400116000328236,0.954303837239489,0.708233772251141,1,2361.27236619142,1.04028971440207
"12417","SASH3",0.400226261351626,0.954303837239489,0.70790234172006,1,2361.27236619142,0.164212209658805
"5256","CA2",0.400309759881185,0.954303837239489,0.707651443963182,1,2361.27236619142,0.455937730320954
"11624","RBM38",0.400375932448475,0.954303837239489,0.707452661478559,1,2361.27236619142,0.455816626765311
"9302","CHTF8",0.400401079548569,0.954303837239489,0.707377132057042,1,2361.27236619142,1.0070330252897
"4158","ADGRB3",0.400489948181624,0.954303837239489,0.707110269889342,1,2361.27236619142,-10
"12321","PBDC1",0.400533086276312,0.954303837239489,0.706980762194679,1,2361.27236619142,0.200651900786835
"12011","SGSM3",0.400647346437034,0.954303837239489,0.706637832115848,1,2361.27236619142,0.27165141534418
"12516","USP9Y",0.400684103021743,0.954303837239489,0.706527544420647,1,2361.27236619142,0.12713267889904
"5992","FRMD4A",0.40077885957075,0.954303837239489,0.706243296257137,1,2361.27236619142,-0.124106688428446
"4870","TFEC",0.400790870802997,0.954303837239489,0.706207272252477,1,2361.27236619142,0.0834694439710472
"8689","SPESP1",0.40157013102854,0.954464498246235,0.703873466422228,1,2361.27236619142,-0.534950974716432
"12509","F8A3",0.401604302243199,0.954464498246235,0.703771277717683,1,2361.27236619142,-10
"1777","LY75",0.401663568078255,0.954464498246235,0.703594073750144,1,2361.27236619142,0.271104008849278
"4431","ERMARD",0.401691349680436,0.954464498246235,0.70351102025717,1,2361.27236619142,0.369113856255212
"6221","FGFBP3",0.401750127051236,0.954464498246235,0.703335331998122,1,2361.27236619142,0.992913782598444
"1776","CD302",0.402011057508381,0.954464498246235,0.702555849922839,1,2361.27236619142,0.143998163850373
"8440","NUDT14",0.40212313917252,0.954464498246235,0.702221252314904,1,2361.27236619142,-0.30435127055978
"3103","PAPSS1",0.402169800238023,0.954464498246235,0.702081994940472,1,2361.27236619142,-0.131841780859947
"8846","SNRPA1",0.402256329200453,0.954464498246235,0.701823816231771,1,2361.27236619142,-0.27401292958617
"1244","AHCTF1",0.402396883888324,0.954464498246235,0.701404611762161,1,2361.27236619142,-0.209868201656899
"370","SVBP",0.4025323407232,0.954464498246235,0.701000813235367,1,2361.27236619142,0.229020521170493
"828","ASH1L",0.402558351587289,0.954464498246235,0.700923297157607,1,2361.27236619142,-0.0952083379513322
"3649","PPP2R2B",0.40256818804652,0.954464498246235,0.700893985008668,1,2361.27236619142,-10
"10535","CERS4",0.402791426470383,0.954464498246235,0.700229026069123,1,2361.27236619142,0.435378011784385
"9717","UTP6",0.402930495520116,0.954464498246235,0.699815053138319,1,2361.27236619142,-0.234717260518006
"8971","GLYR1",0.402950203379133,0.954464498246235,0.699756404724002,1,2361.27236619142,0.154068098559628
"12373","RADX",0.403008399312048,0.954464498246235,0.699583244427463,1,2361.27236619142,1.47649779676451
"10356","SLC66A2",0.4032190998042,0.954464498246235,0.698956615806094,1,2361.27236619142,0.175507435715771
"2815","GAK",0.403246425776977,0.954464498246235,0.698875382612787,1,2361.27236619142,-0.158617112717146
"2674","TRIM59",0.403311957548713,0.954464498246235,0.698680605936563,1,2361.27236619142,-1.10462705748444
"6728","POLR2G",0.403452028265551,0.954464498246235,0.698264435623576,1,2361.27236619142,-0.262968692859978
"4348","HIVEP2",0.403491913427551,0.954464498246235,0.698145969565826,1,2361.27236619142,0.179548278546359
"5617","RMI1",0.40351430926248,0.954464498246235,0.698079457416632,1,2361.27236619142,-0.297514400785506
"9567","KCNAB3",0.40358778542449,0.954464498246235,0.697861282413523,1,2361.27236619142,1.00023078087906
"12040","TCF20",0.403638506309228,0.954464498246235,0.697710709123714,1,2361.27236619142,-0.239850324752579
"4697","RSBN1L",0.403763813053298,0.954464498246235,0.697338833663252,1,2361.27236619142,0.139085485508376
"9927","EME1",0.404096348841954,0.954464498246235,0.696352775569455,1,2361.27236619142,-10
"7450","DNAJC14",0.404170070293409,0.954464498246235,0.696134331889653,1,2361.27236619142,-0.528106651057989
"3954","CSNK2B",0.404552755106886,0.954464498246235,0.69500133379484,1,2361.27236619142,0.146767344288667
"1860","ORMDL1",0.404579127514312,0.954464498246235,0.694923311778463,1,2361.27236619142,-0.149105277533794
"1748","ORC4",0.404659977531804,0.954464498246235,0.694684165563261,1,2361.27236619142,-0.234105235902047
"9843","RUNDC1",0.404881755024954,0.954464498246235,0.694028528017623,1,2361.27236619142,0.262282232878616
"10246","RIOK3",0.404900890708979,0.954464498246235,0.693971982051029,1,2361.27236619142,0.139154496554448
"11623","MTRNR2L3",0.405099790466472,0.954464498246235,0.693384464077806,1,2361.27236619142,1.45971028196467
"7051","REXO2",0.405223098307423,0.954464498246235,0.693020444034711,1,2361.27236619142,-0.271669407221332
"1735","ZRANB3",0.405238922723211,0.954464498246235,0.692973740112376,1,2361.27236619142,-0.307454834425147
"2290","IMPDH2",0.405332573691213,0.954464498246235,0.692697394712757,1,2361.27236619142,-0.520223858459923
"9702","NSRP1",0.405341302828131,0.954464498246235,0.692671641517149,1,2361.27236619142,-0.129395274261155
"11006","KCNN4",0.405540717282661,0.954464498246235,0.692083538315704,1,2361.27236619142,0.308984175044951
"10924","SIRT2",0.405657886664125,0.954464498246235,0.691738185288444,1,2361.27236619142,0.207705794710866
"7587","TMCC3",0.40566259925837,0.954464498246235,0.691724298117032,1,2361.27236619142,-0.289377430015905
"11526","TTI1",0.405750356221338,0.954464498246235,0.691465737141555,1,2361.27236619142,0.330745843918468
"7019","ATM",0.405837850982712,0.954464498246235,0.691208030080012,1,2361.27236619142,0.107147937956339
"8326","IRF2BPL",0.405874410666207,0.954464498246235,0.69110037125499,1,2361.27236619142,-0.27381417428806
"4111","GTPBP2",0.405998110113101,0.954464498246235,0.690736213471879,1,2361.27236619142,-0.263590133635334
"4493","RPA3",0.406056975948991,0.954464498246235,0.690562975799715,1,2361.27236619142,-0.277803823217864
"4784","PILRA",0.406219758607708,0.954464498246235,0.690084110019254,1,2361.27236619142,-0.103506518810519
"10760","SUGP2",0.406272773788657,0.954464498246235,0.689928213241725,1,2361.27236619142,0.18244371035979
"4772","MCM7",0.406365765023835,0.954464498246235,0.689654834505001,1,2361.27236619142,-0.578513557209673
"12252","FAM156A",0.406405047571188,0.954464498246235,0.689539377861671,1,2361.27236619142,0.679381057043076
"4292","FAM184A",0.406502498734222,0.954464498246235,0.689253026399911,1,2361.27236619142,-10
"5547","CCDC107",0.406643000521544,0.954464498246235,0.688840351363151,1,2361.27236619142,0.162076057250029
"2155","KAT2B",0.406909377975434,0.954464498246235,0.68805853314479,1,2361.27236619142,0.171275354045452
"2751","DNAJB11",0.407273549330976,0.954464498246235,0.686990901630161,1,2361.27236619142,0.22625600011054
"10001","CCDC47",0.407288311020818,0.954464498246235,0.686947654668357,1,2361.27236619142,0.146564680049367
"6244","PIK3AP1",0.407322956831991,0.954464498246235,0.686846162702066,1,2361.27236619142,-0.0952512781010692
"12391","LONRF3",0.407507544049977,0.954464498246235,0.686305643251754,1,2361.27236619142,-0.302325338065477
"5997","DCLRE1C",0.407575210383234,0.954464498246235,0.686107588471563,1,2361.27236619142,-0.221813433859337
"685","NBPF26",0.407602254074295,0.954464498246235,0.686028446896429,1,2361.27236619142,-0.575301911202577
"5998","MEIG1",0.407615214396993,0.954464498246235,0.685990522096368,1,2361.27236619142,-10
"3926","C6orf136",0.407677499405968,0.954464498246235,0.685808286899327,1,2361.27236619142,0.541614249670547
"11725","DONSON",0.407785836019522,0.954464498246235,0.685491409865695,1,2361.27236619142,-0.517171011069931
"2003","CUL3",0.407806699056837,0.954464498246235,0.685430401110161,1,2361.27236619142,0.124989895468441
"416","LURAP1",0.407878905592167,0.954464498246235,0.685219286407602,1,2361.27236619142,0.511811061122577
"11997","APOBEC3D",0.407923239564449,0.954464498246235,0.685089691588894,1,2361.27236619142,-0.788440123441708
"9840","AOC2",0.408022879163917,0.954464498246235,0.684798505527936,1,2361.27236619142,-10
"807","PBXIP1",0.408213231463594,0.954464498246235,0.68424251114992,1,2361.27236619142,-0.277743855967491
"7824","ZNF891",0.408226164697514,0.954464498246235,0.684204748649206,1,2361.27236619142,0.567565667648021
"2499","CD80",0.408251014454048,0.954464498246235,0.684132197170654,1,2361.27236619142,-0.298461753132098
"7844","MIPEP",0.408260831311801,0.954464498246235,0.68410353760692,1,2361.27236619142,0.349947122126885
"6960","TMEM126A",0.408318198471093,0.954464498246235,0.683936078798224,1,2361.27236619142,0.26131354051397
"7324","RESF1",0.408402204775822,0.954464498246235,0.683690920711801,1,2361.27236619142,-0.144749025202958
"6015","ARL5B",0.408405457199382,0.954464498246235,0.683681430555727,1,2361.27236619142,-0.321505123806526
"5335","EXT1",0.408445470723091,0.954464498246235,0.683564685284463,1,2361.27236619142,-0.330656866945313
"11844","SERPIND1",0.408749954158764,0.954464498246235,0.682676860130172,1,2361.27236619142,-10
"1002","NMNAT2",0.408753503519476,0.954464498246235,0.682666516484895,1,2361.27236619142,-10
"2378","ERC2",0.408756945286747,0.954464498246235,0.682656486517332,1,2361.27236619142,-10
"4132","ADGRF5",0.408758254468358,0.954464498246235,0.682652671344479,1,2361.27236619142,-10
"8698","THAP10",0.408760051700801,0.954464498246235,0.682647433939586,1,2361.27236619142,1.03947770991203
"5990","BEND7",0.408761891137227,0.954464498246235,0.682642073580966,1,2361.27236619142,-10
"11980","C22orf23",0.408765461464659,0.954464498246235,0.68263166928037,1,2361.27236619142,-10
"10253","IMPACT",0.408765770202938,0.954464498246235,0.682630769591605,1,2361.27236619142,-0.303101364907577
"10890","ZNF829",0.409018478642017,0.954464498246235,0.681894690871943,1,2361.27236619142,0.842804993459524
"2655","MME",0.409119700427062,0.954464498246235,0.681600043537669,1,2361.27236619142,-0.876151745244233
"6846","RAD9A",0.409148932968066,0.954464498246235,0.681514970217849,1,2361.27236619142,-0.258080723641468
"9401","ZC3H18",0.409245037704184,0.954464498246235,0.681235346572127,1,2361.27236619142,0.229071009147078
"11536","PLCG1",0.409249636261799,0.954464498246235,0.681221969156231,1,2361.27236619142,0.807494285298447
"4652","TRIM50",0.409271773488021,0.954464498246235,0.681157574035875,1,2361.27236619142,-10
"5553","HINT2",0.409291698172036,0.954464498246235,0.681099619369375,1,2361.27236619142,-0.229192718395737
"3844","SMIM13",0.409308557642511,0.954464498246235,0.681050583686756,1,2361.27236619142,-0.404477582200978
"3205","ETFDH",0.409314184351995,0.954464498246235,0.681034219091815,1,2361.27236619142,-0.314299522012744
"9654","DHRS7B",0.409314313585242,0.954464498246235,0.681033843236637,1,2361.27236619142,-0.235674066802338
"10241","ABHD3",0.409375613629678,0.954464498246235,0.680855581066314,1,2361.27236619142,-0.153253044996344
"10205","DLGAP1",0.409446806095405,0.954464498246235,0.680648600692028,1,2361.27236619142,0.706146647733535
"12300","FOXO4",0.409552188955786,0.954464498246235,0.680342314441319,1,2361.27236619142,0.502812112054007
"6876","MYEOV",0.409598577320724,0.954464498246235,0.680207527348109,1,2361.27236619142,-1.12589442854096
"6063","BMS1",0.409653804805782,0.954464498246235,0.680047086360638,1,2361.27236619142,-0.270021161697416
"6128","TSPAN15",0.409721382859272,0.954464498246235,0.67985080907261,1,2361.27236619142,-0.466006505682351
"2110","TATDN2",0.409754260743349,0.954464498246235,0.679755334008419,1,2361.27236619142,0.252352246030693
"7154","CCDC77",0.409856425762148,0.954464498246235,0.679458725838635,1,2361.27236619142,0.264139751988202
"6587","TCP11L1",0.409921309459718,0.954464498246235,0.679270410219863,1,2361.27236619142,0.226986773258125
"38","RER1",0.410150289315485,0.954464498246235,0.678606179223382,1,2361.27236619142,-0.177822050168263
"4977","ZNF777",0.410245496970544,0.954464498246235,0.678330158790753,1,2361.27236619142,0.443323615015499
"7043","PLET1",0.410382394591877,0.954464498246235,0.677933438397175,1,2361.27236619142,0.978204719301997
"9372","MLYCD",0.410596922319697,0.954464498246235,0.677312142552995,1,2361.27236619142,0.350195459756798
"816","DPM3",0.410829795607612,0.954464498246235,0.676638256570017,1,2361.27236619142,0.271835070256563
"8122","ARHGAP5",0.411166662825879,0.954464498246235,0.675664428855852,1,2361.27236619142,0.156094621835484
"8683","CALML4",0.411175975268559,0.954464498246235,0.675637524808636,1,2361.27236619142,-0.244242088022508
"12237","WDR45",0.411214471803562,0.954464498246235,0.675526316188521,1,2361.27236619142,-0.343793462843203
"5718","DNAJC25",0.411217253754042,0.954464498246235,0.675518280296492,1,2361.27236619142,0.267355262848882
"5195","RPS20",0.411241063820883,0.954464498246235,0.675449506242384,1,2361.27236619142,-0.0942574022773957
"3171","ANAPC10",0.411275066309662,0.954464498246235,0.675351302114226,1,2361.27236619142,-0.212587043169825
"12235","CCDC120",0.411429466119327,0.954464498246235,0.674905523474696,1,2361.27236619142,-0.783443385822157
"6442","TALDO1",0.411436912029747,0.954464498246235,0.674884032089355,1,2361.27236619142,-0.118431242761821
"2480","GTPBP8",0.411465343766253,0.954464498246235,0.67480197387051,1,2361.27236619142,-0.318850507663903
"97","MTOR",0.411475491494133,0.954464498246235,0.674772688042461,1,2361.27236619142,0.218530734778999
"12012","MRTFA",0.411662046662101,0.954464498246235,0.674234488882263,1,2361.27236619142,0.118621512438637
"8486","GOLGA8A",0.411671133740388,0.954464498246235,0.674208282452646,1,2361.27236619142,-0.526977608952184
"5757","C5",0.41168324195993,0.954464498246235,0.674173364610865,1,2361.27236619142,-0.555882864126524
"10052","SLC9A3R1",0.411717196475872,0.954464498246235,0.674075454208942,1,2361.27236619142,0.376067611287188
"11251","HSPBP1",0.411813092423004,0.954464498246235,0.67379899530398,1,2361.27236619142,0.555388173930392
"11028","CEACAM19",0.411846283037923,0.954464498246235,0.673703332024354,1,2361.27236619142,0.977792610626826
"2798","BDH1",0.411903638939261,0.954464498246235,0.673538045410166,1,2361.27236619142,-1.09324980634185
"10316","WDR7",0.411997333649392,0.954464498246235,0.673268111637579,1,2361.27236619142,0.115912166338227
"4077","TOMM6",0.412083227590621,0.954464498246235,0.673020731352239,1,2361.27236619142,-0.157322962381335
"9200","HNRNPA1P48",0.412153203945997,0.954464498246235,0.672819250989506,1,2361.27236619142,-1.0864000832068
"7472","CNPY2",0.412400129283523,0.954464498246235,0.672108690922731,1,2361.27236619142,-0.192778765974133
"2184","CRTAP",0.412480679370519,0.954464498246235,0.671877033254064,1,2361.27236619142,0.171384978178901
"3890","BTN3A3",0.412488481857016,0.954464498246235,0.671854597273947,1,2361.27236619142,0.253936180602843
"7718","FBXW8",0.41256621065922,0.954464498246235,0.671631122993361,1,2361.27236619142,0.428335326395008
"4229","GRIK2",0.412638089692514,0.954464498246235,0.671424522394889,1,2361.27236619142,-10
"12055","SAMM50",0.41264930973844,0.954464498246235,0.671392277614164,1,2361.27236619142,0.282693943510015
"3515","CCDC112",0.412795776088503,0.954464498246235,0.670971473310372,1,2361.27236619142,-0.195341154366429
"9949","DGKE",0.412947429950664,0.954464498246235,0.670535997289909,1,2361.27236619142,0.322100793105518
"1193","C1orf131",0.412949308974164,0.954464498246235,0.670530603130915,1,2361.27236619142,0.268229516141578
"6136","SGPL1",0.412949831514066,0.954464498246235,0.670529103069203,1,2361.27236619142,0.126102992560009
"2085","EDEM1",0.413014701783265,0.954464498246235,0.670342900963675,1,2361.27236619142,0.198159559789588
"1990","PTPRN",0.413023186440348,0.954464498246235,0.670318549996279,1,2361.27236619142,-1.46812291961951
"7510","SLC16A7",0.413046977335142,0.954464498246235,0.670250274063924,1,2361.27236619142,0.88058869402395
"11468","SNTA1",0.413136241047908,0.954464498246235,0.669994153748349,1,2361.27236619142,0.798921090642686
"10748","ISYNA1",0.413177987857461,0.954464498246235,0.66987439957668,1,2361.27236619142,-1.07404201890239
"411","TMEM69",0.413252637146076,0.954464498246235,0.669660306477909,1,2361.27236619142,0.361822903257473
"7003","CASP4",0.413326814017169,0.954464498246235,0.669447624853847,1,2361.27236619142,-0.135701152732557
"8649","CSNK1G1",0.413333827998356,0.954464498246235,0.669427517124705,1,2361.27236619142,0.125726165648981
"2266","SCAP",0.413380426385496,0.954464498246235,0.669293941350819,1,2361.27236619142,0.290587927823493
"2163","THRB",0.413538920698073,0.954464498246235,0.668839778810445,1,2361.27236619142,0.218153747439248
"2577","MRPL3",0.413545338624378,0.954464498246235,0.66882139377999,1,2361.27236619142,0.272742014052431
"9251","PDP2",0.413606279885291,0.954464498246235,0.668646840188729,1,2361.27236619142,0.675402058709592
"3596","EGR1",0.413643018154195,0.954464498246235,0.668541629409677,1,2361.27236619142,-0.898312999381171
"9597","ELAC2",0.413682263667605,0.954464498246235,0.668429253660979,1,2361.27236619142,-0.36843718422189
"6477","PGAP2",0.413699625280825,0.954464498246235,0.66837954538129,1,2361.27236619142,0.374760270177702
"5318","RIMS2",0.413791261681684,0.954464498246235,0.66811723099809,1,2361.27236619142,-10
"7282","STRAP",0.413791402663658,0.954464498246235,0.668116827495385,1,2361.27236619142,0.199271855635762
"2879","HS3ST1",0.414013799409523,0.954464498246235,0.667480561589187,1,2361.27236619142,-0.147162990590397
"8611","CCPG1",0.414132761578225,0.954464498246235,0.667140424274598,1,2361.27236619142,0.135689541435556
"7753","RNF34",0.414290665462251,0.954464498246235,0.666689167768042,1,2361.27236619142,0.199586004870974
"6994","CCDC82",0.414385775826468,0.954464498246235,0.666417484879626,1,2361.27236619142,-0.191234074323352
"9695","NUFIP2",0.414428921386142,0.954464498246235,0.66629426994936,1,2361.27236619142,-0.121062527433002
"544","SELENOF",0.414482455015967,0.954464498246235,0.666141415193678,1,2361.27236619142,0.131080385829172
"5830","ZER1",0.41461282667696,0.954464498246235,0.665769286742051,1,2361.27236619142,0.264750687015976
"4979","KRBA1",0.414632742385557,0.954464498246235,0.665712455268055,1,2361.27236619142,-1.10293596135472
"11253","TMEM150B",0.414649693971797,0.954464498246235,0.665664085398167,1,2361.27236619142,-0.240406963384229
"10893","ZNF585A",0.414725770301456,0.954464498246235,0.665447044283234,1,2361.27236619142,0.254229404407185
"10057","MRPL58",0.4147530446709,0.954464498246235,0.665369246528799,1,2361.27236619142,-0.353538882877592
"3666","CD74",0.414759708937691,0.954464498246235,0.665350238441865,1,2361.27236619142,-0.0963930783888586
"6696","CPSF7",0.4150732031676,0.954464498246235,0.664456588433289,1,2361.27236619142,-0.225867676209548
"2487","ATP6V1A",0.415113529018654,0.954464498246235,0.664341707692072,1,2361.27236619142,0.1175800568135
"5826","WDR34",0.41513386249099,0.954464498246235,0.664283787734848,1,2361.27236619142,-1.06474713727513
"11590","DDX27",0.415174417290229,0.954464498246235,0.66416827981582,1,2361.27236619142,0.218327406535614
"8622","AQP9",0.415193036140613,0.954464498246235,0.664115255323891,1,2361.27236619142,-0.175183275965425
"9879","MAP3K14",0.415310025416814,0.954464498246235,0.663782162985735,1,2361.27236619142,0.205946387394961
"7557","PHLDA1",0.415333254988693,0.954464498246235,0.66371604019766,1,2361.27236619142,0.215165213601348
"4924","CNOT4",0.415334567013589,0.954464498246235,0.663712305692922,1,2361.27236619142,0.108671043258317
"5297","POP1",0.415389309989744,0.954464498246235,0.663556502656057,1,2361.27236619142,0.373788313829888
"530","RPF1",0.415507917437628,0.954464498246235,0.663219040410519,1,2361.27236619142,0.260430043727508
"7396","SLC11A2",0.415511025442805,0.954464498246235,0.663210199424981,1,2361.27236619142,-0.205190405260191
"2472","CD96",0.415552851517866,0.954464498246235,0.663091231125142,1,2361.27236619142,-10
"6434","HRAS",0.41567099609517,0.954464498246235,0.662755281595144,1,2361.27236619142,-0.320085265820647
"442","PRPF38A",0.415679958184344,0.954464498246235,0.662729803259091,1,2361.27236619142,0.254894806775845
"8544","TMEM62",0.415709769927889,0.954464498246235,0.662645057270647,1,2361.27236619142,0.201072161013242
"983","SOAT1",0.415773015401654,0.954464498246235,0.662465298884952,1,2361.27236619142,0.127017805345649
"707","NBPF12",0.415774952151297,0.954464498246235,0.662459794830565,1,2361.27236619142,-0.293431636461267
"7363","ADCY6",0.415887693163001,0.954464498246235,0.66213946132768,1,2361.27236619142,0.967436688593215
"7002","DYNC2H1",0.415949663631437,0.954464498246235,0.661963438118937,1,2361.27236619142,0.761731348206571
"9984","APPBP2",0.4160170264516,0.954464498246235,0.661772142386749,1,2361.27236619142,-0.153592663729677
"7995","TPP2",0.416091507415824,0.954464498246235,0.661560686150549,1,2361.27236619142,-0.165643261966238
"4712","SLC25A40",0.416156981269999,0.954464498246235,0.661374848044587,1,2361.27236619142,-0.260369724486978
"5659","AOPEP",0.416297077754156,0.954464498246235,0.660977350015245,1,2361.27236619142,0.178161007014176
"1177","TRIM11",0.416319130200479,0.954464498246235,0.660914798330823,1,2361.27236619142,-0.467053655200199
"12535","MAFIP",0.416550216026147,0.954464498246235,0.660259619810797,1,2361.27236619142,0.774787916178711
"3948","AIF1",0.416638094187106,0.954464498246235,0.660010607698287,1,2361.27236619142,-0.0860668299397488
"4659","BUD23",0.416696885020259,0.954464498246235,0.659844061146362,1,2361.27236619142,-0.276779497369884
"6090","WASHC2A",0.416734619177452,0.954464498246235,0.65973718371546,1,2361.27236619142,-0.229857674593155
"11542","L3MBTL1",0.416805054473456,0.954464498246235,0.659537722705902,1,2361.27236619142,0.407995669188027
"1792","BBS5",0.416831564787801,0.954464498246235,0.659462662880793,1,2361.27236619142,-0.346009813213304
"9995","ACE",0.416906204761154,0.954464498246235,0.659251369495101,1,2361.27236619142,-0.267602017717586
"3372","SMIM15",0.416923553319833,0.954464498246235,0.659202266648591,1,2361.27236619142,-0.193263303366354
"11770","CSTB",0.417005197098373,0.954464498246235,0.658971225253496,1,2361.27236619142,0.0961284760201061
"771","THEM4",0.417032901406594,0.954464498246235,0.658892840890049,1,2361.27236619142,-0.421093884891445
"2602","MRAS",0.417148985932255,0.954464498246235,0.658564484665033,1,2361.27236619142,-0.184316296178175
"11487","GSS",0.41715152420773,0.954464498246235,0.658557306425676,1,2361.27236619142,0.258613901874815
"365","PPIH",0.417232303728693,0.954464498246235,0.658328895945589,1,2361.27236619142,0.271461194541033
"1032","C1orf53",0.417321150637988,0.954464498246235,0.658077750149989,1,2361.27236619142,-1.08180938357148
"3795","ZFP62",0.417339366801927,0.954464498246235,0.658026267875153,1,2361.27236619142,0.410155280951044
"2088","THUMPD3",0.417593950161751,0.954464498246235,0.657307117150536,1,2361.27236619142,-0.258473690434541
"3148","JADE1",0.41779422684047,0.954464498246235,0.656741830574044,1,2361.27236619142,-0.407175309018614
"11013","ZNF230",0.417847703155827,0.954464498246235,0.656590960314352,1,2361.27236619142,0.363116925149258
"3931","TUBB",0.417937567617504,0.954464498246235,0.656337494515181,1,2361.27236619142,0.131495145462101
"8093","IPO4",0.418222379590864,0.954464498246235,0.65553470786727,1,2361.27236619142,0.983011434851425
"4399","SYNJ2",0.418296221441893,0.954464498246235,0.655326705936354,1,2361.27236619142,-1.11932522730783
"3554","SLC22A4",0.418508361994559,0.954464498246235,0.654729440211081,1,2361.27236619142,0.312511283126234
"11806","ADA2",0.418515571411184,0.954464498246235,0.65470915055937,1,2361.27236619142,0.101926410580071
"5801","SH2D3C",0.418516546491538,0.954464498246235,0.654706406404904,1,2361.27236619142,-0.594424255582668
"10632","ZNF791",0.418574651101579,0.954464498246235,0.654542900624052,1,2361.27236619142,-0.264122840531498
"9010","NPIPA1",0.418826420849764,0.954464498246235,0.653834813349086,1,2361.27236619142,-1.07853713641189
"11893","CCDC117",0.418949210021438,0.954464498246235,0.653489706084471,1,2361.27236619142,-0.275164684329733
"3565","ZCCHC10",0.418985199785773,0.954464498246235,0.653388582966395,1,2361.27236619142,0.183189381097974
"10942","FBL",0.419073313943093,0.954464498246235,0.653141056671492,1,2361.27236619142,-0.43313820969939
"1962","ARPC2",0.419110849183611,0.954464498246235,0.653035637921934,1,2361.27236619142,-0.0630254184054685
"10220","GNAL",0.419144336554395,0.954464498246235,0.65294159959631,1,2361.27236619142,0.782061444718323
"3062","HERC3",0.419188624607937,0.954464498246235,0.652817248276169,1,2361.27236619142,-0.163477157635475
"889","CD244",0.419225621198118,0.954464498246235,0.652713384820346,1,2361.27236619142,-0.673893838271728
"7206","GPR162",0.419567680383602,0.954464498246235,0.651753741528701,1,2361.27236619142,0.436262635083623
"5877","MED22",0.419638756462099,0.954464498246235,0.651554484692027,1,2361.27236619142,-0.465385968407959
"5308","ZNF706",0.419658291319769,0.954464498246235,0.651499728893445,1,2361.27236619142,-0.107899762509835
"10408","CSNK1G2",0.419723752581283,0.954464498246235,0.651316270043665,1,2361.27236619142,-0.191399676475508
"5245","PAG1",0.419758024700356,0.954464498246235,0.651220237525737,1,2361.27236619142,-0.213883587414728
"8411","ZNF839",0.419811745372117,0.954464498246235,0.651069732529856,1,2361.27236619142,-0.513996201423625
"9659","WSB1",0.419905263897708,0.954464498246235,0.650807797512858,1,2361.27236619142,-0.0928677335518601
"11547","FITM2",0.419935694126233,0.954464498246235,0.650722584578644,1,2361.27236619142,0.770144588361624
"5053","LONRF1",0.420016134773237,0.954464498246235,0.650497373187722,1,2361.27236619142,0.5580486497526
"3280","FASTKD3",0.420040749907174,0.954464498246235,0.650428470529298,1,2361.27236619142,-0.639588126632849
"5082","POLR3D",0.420077455531229,0.954464498246235,0.650325735370242,1,2361.27236619142,0.528897055012535
"653","MAGI3",0.420198249754459,0.954464498246235,0.649987739651747,1,2361.27236619142,0.581922718088808
"564","GLMN",0.42022390754945,0.954464498246235,0.649915964944115,1,2361.27236619142,-0.336714461305561
"6159","USP54",0.420305056233072,0.954464498246235,0.649689003947712,1,2361.27236619142,-0.566675183146292
"297","ZMYM1",0.420305277888634,0.954464498246235,0.649688384099084,1,2361.27236619142,0.231186774598158
"3108","OSTC",0.420319111977275,0.954464498246235,0.649649698731488,1,2361.27236619142,-0.201822328772557
"1878","GTF3C3",0.420523106758616,0.954464498246235,0.649079472348493,1,2361.27236619142,0.226950879770027
"1585","REEP1",0.420876343894799,0.954464498246235,0.648093044993869,1,2361.27236619142,-10
"3275","MED10",0.420894086368945,0.954464498246235,0.648043531108892,1,2361.27236619142,-0.20360719150637
"2811","ATP5ME",0.420896414439852,0.954464498246235,0.648037034397713,1,2361.27236619142,0.119546970791611
"6532","GALNT18",0.420975919389049,0.954464498246235,0.647815200216179,1,2361.27236619142,-10
"11640","TAF4",0.420984053632787,0.954464498246235,0.647792507632124,1,2361.27236619142,0.29611547310137
"8522","NDUFAF1",0.421008524695055,0.954464498246235,0.647724243201714,1,2361.27236619142,-0.327135997168188
"7222","PEX5",0.42103761713049,0.954464498246235,0.647643094708917,1,2361.27236619142,-0.786942095823025
"5888","VAV2",0.421042406483448,0.954464498246235,0.647629736411224,1,2361.27236619142,0.223817840971818
"12305","NONO",0.421380798920543,0.954464498246235,0.646686478263049,1,2361.27236619142,0.159795596802477
"5474","UHRF2",0.421572848920417,0.954464498246235,0.646151648418776,1,2361.27236619142,0.2219086867106
"8635","RORA",0.421705159452597,0.954464498246235,0.645783395714865,1,2361.27236619142,0.730834647855174
"3614","SRA1",0.421773916179286,0.954464498246235,0.645592097069242,1,2361.27236619142,-0.152175996056267
"6288","DPCD",0.4220342975694,0.954464498246235,0.644868072580147,1,2361.27236619142,-0.640927379902529
"6647","MTCH2",0.422143063623094,0.954464498246235,0.644565832186167,1,2361.27236619142,-0.176747565698022
"3078","ADH5",0.422205440817534,0.954464498246235,0.644392550269249,1,2361.27236619142,-0.162468876059013
"141","RCC2",0.422299056747314,0.954464498246235,0.644132559992773,1,2361.27236619142,-0.184834909836612
"2399","FAM3D",0.422311307456883,0.954464498246235,0.644098543689148,1,2361.27236619142,0.952722249360091
"4682","TMEM120A",0.422436387239972,0.954464498246235,0.643751321622233,1,2361.27236619142,0.361882662034211
"847","TMEM79",0.422537656876942,0.954464498246235,0.643470309354273,1,2361.27236619142,0.491177816009369
"3297","C5orf22",0.422565525603569,0.954464498246235,0.643392994349136,1,2361.27236619142,-0.281178296405901
"7201","COPS7A",0.422637688504257,0.954464498246235,0.643192831402657,1,2361.27236619142,-0.292714950753631
"11989","TOMM22",0.422817360997497,0.954464498246235,0.642694684348625,1,2361.27236619142,-0.303884278282051
"3687","SAP30L",0.422950172787284,0.954464498246235,0.642326663662024,1,2361.27236619142,0.258547796249077
"5279","VIRMA",0.422991840241406,0.954464498246235,0.642211239064958,1,2361.27236619142,-0.236636420118338
"8075","BCL2L2",0.423013899920541,0.954464498246235,0.642150137605938,1,2361.27236619142,0.420484992053611
"12109","AKAP17A",0.423033297786499,0.954464498246235,0.642096412848919,1,2361.27236619142,0.214226269992146
"1503","SNRNP27",0.423070319187168,0.954464498246235,0.641993887805207,1,2361.27236619142,-0.230744075326506
"9851","ARL4D",0.423122061526416,0.954464498246235,0.641850617919107,1,2361.27236619142,-10
"9249","TERB1",0.423132004342328,0.954464498246235,0.641823090162547,1,2361.27236619142,-10
"6133","LRRC20",0.423133990039026,0.954464498246235,0.64181759266352,1,2361.27236619142,-10
"8910","RAB26",0.423142580181144,0.954464498246235,0.641793810877681,1,2361.27236619142,-10
"2135","NR2C2",0.423165632512281,0.954464498246235,0.641729994135138,1,2361.27236619142,0.192640835326487
"5760","GSN",0.423213030752863,0.954464498246235,0.641598795948842,1,2361.27236619142,0.115423927763105
"11700","RWDD2B",0.42323551211419,0.954464498246235,0.641536575307502,1,2361.27236619142,0.403029684073167
"11147","ATF5",0.423383272147959,0.954464498246235,0.641127749814426,1,2361.27236619142,0.133207947159983
"9059","COG7",0.423392608888926,0.954464498246235,0.641101923911688,1,2361.27236619142,0.268020233370106
"643","INKA2",0.423474099492267,0.954464498246235,0.640876552975126,1,2361.27236619142,-0.325381277081689
"6115","PBLD",0.423652063685474,0.954464498246235,0.640384600030316,1,2361.27236619142,-0.567823820617865
"447","SCP2",0.423677166222229,0.954464498246235,0.640315233103912,1,2361.27236619142,0.119013912371738
"9723","PSMD11",0.423767054874445,0.954464498246235,0.640066890442986,1,2361.27236619142,-0.172807453422879
"10257","KCTD1",0.423801265267403,0.954464498246235,0.639972395373968,1,2361.27236619142,-0.791089377779515
"6180","RPS24",0.423864615337945,0.954464498246235,0.639797441641721,1,2361.27236619142,-0.065989806613687
"8452","NDN",0.424101076205028,0.954464498246235,0.639144754562245,1,2361.27236619142,-0.659305928824007
"6549","NUCB2",0.424231678536357,0.954464498246235,0.638784495732649,1,2361.27236619142,0.310409486700276
"10675","PKN1",0.424235100691666,0.954464498246235,0.638775058156852,1,2361.27236619142,-0.176540332173944
"3203","RXFP1",0.42433056856918,0.954464498246235,0.638511824122145,1,2361.27236619142,-10
"161","KIF17",0.424332945266435,0.954464498246235,0.638505271977521,1,2361.27236619142,-10
"9627","DRC3",0.424335926232758,0.954464498246235,0.638497054045117,1,2361.27236619142,-10
"989","LHX4",0.424335941077139,0.954464498246235,0.638497013122325,1,2361.27236619142,-10
"2318","HYAL3",0.424336967565909,0.954464498246235,0.638494183316757,1,2361.27236619142,-10
"3762","DBN1",0.424339045889125,0.954464498246235,0.638488453864594,1,2361.27236619142,-10
"1601","KCNIP3",0.424341795284965,0.954464498246235,0.638480874486507,1,2361.27236619142,-10
"11072","NPAS1",0.424344176585962,0.954464498246235,0.638474309910921,1,2361.27236619142,-10
"10836","ZNF302",0.42434834232144,0.954464498246235,0.63846282628546,1,2361.27236619142,-0.241168176420334
"8676","SMAD6",0.424386206953128,0.954464498246235,0.6383584531373,1,2361.27236619142,0.67646949864049
"7942","INTS6",0.424390180830415,0.954464498246235,0.638347500029517,1,2361.27236619142,-0.181255046924237
"7872","N4BP2L1",0.42439612582184,0.954464498246235,0.638331114272022,1,2361.27236619142,0.182088598190891
"6708","INCENP",0.424428909205378,0.954464498246235,0.638240761949945,1,2361.27236619142,-0.554759942663728
"5924","CLIC3",0.424437811072185,0.954464498246235,0.638216229856067,1,2361.27236619142,-10
"5221","ARFGEF1",0.424533681300585,0.954464498246235,0.637952076081988,1,2361.27236619142,0.12590113219738
"1135","HLX",0.424562405723762,0.954464498246235,0.637872948356646,1,2361.27236619142,0.286484446909518
"833","SYT11",0.424580458012936,0.954464498246235,0.637823223479028,1,2361.27236619142,0.346003174140716
"9854","NAGS",0.424608409031863,0.954464498246235,0.637746238896947,1,2361.27236619142,0.755693797623953
"12372","FAM199X",0.424697665020945,0.954464498246235,0.63750045497317,1,2361.27236619142,-0.229970038034076
"1154","ENAH",0.424769303455535,0.954464498246235,0.637303240563894,1,2361.27236619142,-10
"5237","GDAP1",0.425004344640607,0.954464498246235,0.636656543236931,1,2361.27236619142,-0.286267642280958
"11378","SIGLEC1",0.425023119836122,0.954464498246235,0.636604907938479,1,2361.27236619142,0.0724791650353691
"6417","FUOM",0.425294911128486,0.954464498246235,0.635857814817319,1,2361.27236619142,-0.162345144759145
"46","TPRG1L",0.425309839450851,0.954464498246235,0.635816801006963,1,2361.27236619142,0.29802389272888
"12177","GK",0.425340638827278,0.954464498246235,0.63573219017923,1,2361.27236619142,-0.235981014947008
"1817","CIR1",0.425366443442578,0.954464498246235,0.635661307851974,1,2361.27236619142,0.11923135852406
"7405","SLC4A8",0.425395823051797,0.954464498246235,0.635580613294516,1,2361.27236619142,0.200043589462086
"8626","RNF111",0.4254360588111,0.954464498246235,0.635470114635492,1,2361.27236619142,0.119334877971288
"4380","ZBTB2",0.425519913401439,0.954464498246235,0.635239876942231,1,2361.27236619142,0.322229586921169
"8919","CCNF",0.425524118406585,0.954464498246235,0.635228333148929,1,2361.27236619142,0.76392488673602
"5750","CDK5RAP2",0.42561244715252,0.954464498246235,0.634985888236467,1,2361.27236619142,-0.179964067167368
"8806","MESP1",0.425620934894058,0.954464498246235,0.634962595051793,1,2361.27236619142,-1.05019604256456
"6608","LRRC4C",0.425662534494459,0.954464498246235,0.634848442019213,1,2361.27236619142,-10
"9936","TOB1",0.425703332409846,0.954464498246235,0.634736505177345,1,2361.27236619142,-0.267366504906727
"12519","TMSB4Y",0.425831816527746,0.954464498246235,0.634384089956244,1,2361.27236619142,-1.04201851449037
"8905","ZNF598",0.426035835662793,0.954464498246235,0.633824820558022,1,2361.27236619142,0.450747296214017
"9584","PIK3R6",0.426138083485136,0.954464498246235,0.633544684309141,1,2361.27236619142,-0.261340186390252
"5502","CAAP1",0.426201428444151,0.954464498246235,0.633371183979383,1,2361.27236619142,-0.239660902178763
"81","CLSTN1",0.426228161428268,0.954464498246235,0.633297974619983,1,2361.27236619142,0.207569570489859
"3793","CNOT6",0.426307414477116,0.954464498246235,0.633080977548601,1,2361.27236619142,0.214352623727232
"3089","UBE2D3",0.426325147053732,0.954464498246235,0.633032433569862,1,2361.27236619142,-0.081322879283845
"7739","DYNLL1",0.426485303233602,0.954464498246235,0.632594134210828,1,2361.27236619142,-0.092194541514396
"8832","CHD2",0.42657009636775,0.954464498246235,0.632362181197417,1,2361.27236619142,-0.107601770750714
"5477","PTPRD",0.426613076127321,0.954464498246235,0.632244635873243,1,2361.27236619142,0.977518164981101
"7070","MPZL3",0.426663097834038,0.954464498246235,0.63210785398686,1,2361.27236619142,0.691408166687069
"2212","MYRIP",0.426721516405453,0.954464498246235,0.631948141860667,1,2361.27236619142,0.768367198471749
"7858","PAN3",0.426859132847974,0.954464498246235,0.631572038659383,1,2361.27236619142,0.102439612050925
"5619","AGTPBP1",0.426950077793582,0.954464498246235,0.631323588034947,1,2361.27236619142,-0.150077110611758
"4567","EEPD1",0.427056768385703,0.954464498246235,0.631032223832335,1,2361.27236619142,-0.117620737060849
"5713","SVEP1",0.427297309887438,0.954464498246235,0.630375724894621,1,2361.27236619142,-10
"8064","PRMT5",0.427474909853212,0.954464498246235,0.629891366838231,1,2361.27236619142,-0.759377395853876
"304","C1orf216",0.4275112787545,0.954464498246235,0.629792217477919,1,2361.27236619142,0.363639503289771
"10850","CD22",0.427562665888889,0.954464498246235,0.629652146901284,1,2361.27236619142,-0.535929333648188
"2081","SETMAR",0.427769618093899,0.954464498246235,0.629088295429013,1,2361.27236619142,-0.777753868482732
"4068","APOBEC2",0.427854449195243,0.954464498246235,0.62885728781194,1,2361.27236619142,1.38100905939404
"7099","GRIK4",0.427858831651434,0.954464498246235,0.628845355613712,1,2361.27236619142,1.38100899998499
"2449","NIT2",0.427884066909019,0.954464498246235,0.628776650677796,1,2361.27236619142,0.302773719931402
"3523","DTWD2",0.427904304816539,0.954464498246235,0.628721555830532,1,2361.27236619142,0.259031040452854
"4163","B3GAT2",0.428014019286849,0.954464498246235,0.628422942091531,1,2361.27236619142,-1.03731157840744
"5432","SLC39A4",0.428346517714992,0.954464498246235,0.627518674561177,1,2361.27236619142,0.453830949972891
"1438","FBXO11",0.428520935413143,0.954464498246235,0.627044749310132,1,2361.27236619142,0.0933736931644043
"11477","ASIP",0.428563226034335,0.954464498246235,0.626929881722422,1,2361.27236619142,0.601217242880909
"5058","FGF20",0.428631531488646,0.954464498246235,0.626744390149209,1,2361.27236619142,1.14890371366987
"9563","NAA38",0.428647928762576,0.954464498246235,0.626699868050035,1,2361.27236619142,-0.141609949203675
"11390","TMEM230",0.428774701816108,0.954464498246235,0.626355738963924,1,2361.27236619142,0.144942490619401
"8209","PSMA3",0.429097694172229,0.954464498246235,0.625479661358803,1,2361.27236619142,0.122889121073784
"12153","SCML2",0.429229414180833,0.954464498246235,0.625122672861757,1,2361.27236619142,-10
"5689","INVS",0.429410621296945,0.954464498246235,0.624631834625618,1,2361.27236619142,0.133031010340111
"5679","CORO2A",0.429447674685655,0.954464498246235,0.624531506165401,1,2361.27236619142,0.2364917192628
"6323","SH3PXD2A",0.429501575657254,0.954464498246235,0.624385583331305,1,2361.27236619142,-0.179669131769713
"83","LZIC",0.429504565897645,0.954464498246235,0.624377488845579,1,2361.27236619142,-0.228004716548718
"2463","NFKBIZ",0.429601689927273,0.954464498246235,0.624114623520766,1,2361.27236619142,-0.363602748707279
"5002","TMUB1",0.429652973697304,0.954464498246235,0.623975860713797,1,2361.27236619142,0.215052830484748
"12312","ERCC6L",0.429706158601931,0.954464498246235,0.623831980311403,1,2361.27236619142,1.36696331009078
"3012","NUP54",0.429710510753204,0.954464498246235,0.623820207688015,1,2361.27236619142,-0.265003389336189
"962","TNFSF4",0.429710924464127,0.954464498246235,0.623819088604206,1,2361.27236619142,1.36696331011231
"8959","VASN",0.429714933843843,0.954464498246235,0.623808243357587,1,2361.27236619142,1.36696331008998
"4438","PDGFA",0.429717618203017,0.954464498246235,0.623800982335613,1,2361.27236619142,1.36696389276092
"9403","MVD",0.429826383419886,0.954464498246235,0.62350683700742,1,2361.27236619142,-0.400779380257177
"2974","REST",0.429884733107159,0.954464498246235,0.623349082163993,1,2361.27236619142,0.158362981282105
"2891","LAP3",0.429939602045199,0.954464498246235,0.623200767470923,1,2361.27236619142,-0.0790858811747949
"11190","ZNF610",0.429979827955755,0.954464498246235,0.623092052133851,1,2361.27236619142,0.660693623148834
"3813","TUBB2A",0.430113824177129,0.954464498246235,0.622730022330722,1,2361.27236619142,-0.510365676855333
"11888","MN1",0.430131675300029,0.954464498246235,0.62268180521229,1,2361.27236619142,0.746736127136881
"3024","ANTXR2",0.430182298990733,0.954464498246235,0.622545083595652,1,2361.27236619142,-0.110614700858268
"4214","MDN1",0.430250639386291,0.954464498246235,0.622360552332487,1,2361.27236619142,-0.277863209146935
"5623","ISCA1",0.430262448707215,0.954464498246235,0.62232866955557,1,2361.27236619142,0.231894134188661
"12497","IKBKG",0.430329624141708,0.954464498246235,0.622147334677975,1,2361.27236619142,-0.356040139281565
"10107","SEC14L1",0.430521146767979,0.954464498246235,0.621630569450535,1,2361.27236619142,0.117418289024464
"3693","TIMD4",0.430563596298558,0.954464498246235,0.621516079513979,1,2361.27236619142,-1.1322956233958
"6258","AVPI1",0.430634457016278,0.954464498246235,0.621325000318454,1,2361.27236619142,0.235913553189947
"9535","CTDNEP1",0.430644661200304,0.954464498246235,0.62129748818882,1,2361.27236619142,0.152703395202788
"10916","MAP4K1",0.430678527617061,0.954464498246235,0.621206185932737,1,2361.27236619142,0.748990011894797
"10549","ZNF699",0.430739887516387,0.954464498246235,0.621040790254913,1,2361.27236619142,-0.466814135782361
"1483","RAB1A",0.430843668046862,0.954464498246235,0.620761130957703,1,2361.27236619142,-0.0982581976853725
"5400","NAPRT",0.430872643893318,0.954464498246235,0.620683067442509,1,2361.27236619142,0.254074631215939
"6989","SESN3",0.430960950539347,0.954464498246235,0.620445210524648,1,2361.27236619142,-0.381433226001205
"10017","RGS9",0.430981059900175,0.954464498246235,0.620391055611894,1,2361.27236619142,0.227143544041875
"2211","RPSA",0.431081100221183,0.954464498246235,0.620121701931087,1,2361.27236619142,-0.113397404922292
"3921","PRR3",0.431153534549539,0.954464498246235,0.619926735176009,1,2361.27236619142,-0.40272308967786
"4190","PGM3",0.431394101882153,0.954464498246235,0.619279572006581,1,2361.27236619142,0.324333892826791
"11310","ZNF552",0.431431115052946,0.954464498246235,0.619180049458062,1,2361.27236619142,-0.388295630629589
"4148","DST",0.431483700597514,0.954464498246235,0.61903867753296,1,2361.27236619142,0.206330667753221
"392","KIF2C",0.43151718984696,0.954464498246235,0.618948658052721,1,2361.27236619142,1.35347495690718
"11007","LYPD5",0.431526527275735,0.954464498246235,0.61892356082821,1,2361.27236619142,-10
"9128","SLX1A",0.431526945714504,0.954464498246235,0.618922436164033,1,2361.27236619142,1.35347495691938
"2599","DBR1",0.431550753154996,0.954464498246235,0.618858450134682,1,2361.27236619142,-0.325774843241736
"10585","ILF3",0.431579103575122,0.954464498246235,0.61878226115843,1,2361.27236619142,0.185217132362914
"10880","ZFP82",0.431671508486669,0.954464498246235,0.618533984711452,1,2361.27236619142,0.477300573717951
"10153","ARL16",0.431673554756436,0.954464498246235,0.618528487641568,1,2361.27236619142,-0.295894026440582
"3395","MRPS36",0.431740814615598,0.954464498246235,0.618347823722655,1,2361.27236619142,0.19000306553947
"10889","ZNF345",0.431804287999916,0.954464498246235,0.618177369663271,1,2361.27236619142,-0.382899873542316
"6691","DDB1",0.431972554754473,0.954464498246235,0.617725683110619,1,2361.27236619142,0.177259500989835
"8417","CDC42BPB",0.431981888761671,0.954464498246235,0.617700635203849,1,2361.27236619142,0.149139938325999
"2440","CRYBG3",0.432053442657295,0.954464498246235,0.617508646857247,1,2361.27236619142,-0.173663533676667
"4590","BLVRA",0.432098618419908,0.954464498246235,0.617387459306465,1,2361.27236619142,-0.143932897114486
"3076","EIF4E",0.432143149076362,0.954464498246235,0.617268021129217,1,2361.27236619142,-0.184023971566894
"149","AKR7A2",0.432171099297117,0.954464498246235,0.617193063816136,1,2361.27236619142,-0.244986921395877
"4186","IBTK",0.432346050234551,0.954464498246235,0.616724045017132,1,2361.27236619142,0.13529356608452
"6405","C10orf143",0.432408397934931,0.954464498246235,0.616556969281414,1,2361.27236619142,0.682537274814582
"11532","PPP1R16B",0.432612632440226,0.954464498246235,0.616009929731661,1,2361.27236619142,-10
"5878","RPL7A",0.432668147659786,0.954464498246235,0.615861300734378,1,2361.27236619142,-0.0790810104994662
"9662","LYRM9",0.432756197814568,0.954464498246235,0.615625626490359,1,2361.27236619142,0.376153841557162
"7816","PGAM5",0.432903048865546,0.954464498246235,0.615232728388242,1,2361.27236619142,0.563302252030972
"1527","FBXO41",0.433085504549647,0.954464498246235,0.614744852697223,1,2361.27236619142,-0.551288752520093
"5550","CREB3",0.433092791709658,0.954464498246235,0.61472537375288,1,2361.27236619142,0.23933324374262
"5970","PFKFB3",0.433095688243182,0.954464498246235,0.614717631311848,1,2361.27236619142,-0.139542577217598
"8346","FLRT2",0.433112848390428,0.954464498246235,0.614671763812186,1,2361.27236619142,0.230163945101257
"5686","NR4A3",0.433149142212026,0.954464498246235,0.614574762858206,1,2361.27236619142,-0.815779476892924
"4478","AIMP2",0.433174057506361,0.954464498246235,0.614508179964653,1,2361.27236619142,0.359596600798828
"9354","MON1B",0.433415214609564,0.954464498246235,0.613864019759323,1,2361.27236619142,0.215615386817753
"5386","JRK",0.433489500820734,0.954464498246235,0.613665702005314,1,2361.27236619142,0.508220437795991
"11799","DIP2A",0.433547267464883,0.954464498246235,0.613511521351526,1,2361.27236619142,-0.139263672374036
"5632","SEMA4D",0.433638989456902,0.954464498246235,0.613266777212753,1,2361.27236619142,0.210267434499744
"2044","RAMP1",0.433954620112063,0.954464498246235,0.612425173545533,1,2361.27236619142,-0.37205795423308
"29","CDK11B",0.434076139168303,0.954464498246235,0.612101401197896,1,2361.27236619142,0.251181460750892
"6816","BANF1",0.434123201616385,0.954464498246235,0.611976046257346,1,2361.27236619142,-0.189808625662091
"9212","OGFOD1",0.434230110007992,0.954464498246235,0.611691363309094,1,2361.27236619142,-0.323880476184871
"10361","MIER2",0.434279504608366,0.954464498246235,0.611559868054771,1,2361.27236619142,0.286202428410758
"2242","KIF15",0.434427509160175,0.954464498246235,0.611165995848398,1,2361.27236619142,-10
"9932","CACNA1G",0.434488942849588,0.954464498246235,0.611002567513669,1,2361.27236619142,-10
"8957","PAM16",0.434594257071699,0.954464498246235,0.610722488348035,1,2361.27236619142,0.266270868958741
"12485","RPL10",0.434696575186449,0.954464498246235,0.610450476258157,1,2361.27236619142,-0.061952186302459
"7463","ZC3H10",0.434782598743555,0.954464498246235,0.610221858652489,1,2361.27236619142,0.445106962663367
"4243","SNX3",0.434903360151426,0.954464498246235,0.60990103748642,1,2361.27236619142,0.0914123266932763
"10296","CTIF",0.434949790804997,0.954464498246235,0.609777723493585,1,2361.27236619142,0.218229506504542
"7892","ELF1",0.434965192469127,0.954464498246235,0.609736823038353,1,2361.27236619142,0.0836679317138932
"2231","ABHD5",0.435131083413552,0.954464498246235,0.609296425198195,1,2361.27236619142,-0.235793949785755
"11574","SLC12A5",0.435164008851144,0.954464498246235,0.609209047073166,1,2361.27236619142,0.23079393079327
"6981","ANKRD49",0.435413669887301,0.954464498246235,0.608546820074483,1,2361.27236619142,-0.311010137212136
"2210","SLC25A38",0.435432470320382,0.954464498246235,0.608496975297735,1,2361.27236619142,0.472660493578495
"9704","CPD",0.435481583607636,0.954464498246235,0.608366778852322,1,2361.27236619142,-0.183674138979201
"8921","ATP6V0C",0.435490458833314,0.954464498246235,0.608343253539667,1,2361.27236619142,-0.0730228580628435
"6062","ZNF33B",0.435501053785114,0.954464498246235,0.608315170755037,1,2361.27236619142,-0.392182650987654
"2777","TNK2",0.435557427059027,0.954464498246235,0.608165766320993,1,2361.27236619142,-0.164653764005114
"3090","CISD2",0.435615859249111,0.954464498246235,0.60801093634653,1,2361.27236619142,-0.130210195995013
"5892","RXRA",0.435723950174333,0.954464498246235,0.607724607291577,1,2361.27236619142,-0.135435627636124
"2848","LRPAP1",0.435728003183401,0.954464498246235,0.607713873122273,1,2361.27236619142,0.114713441797771
"9431","RPH3AL",0.435728434062585,0.954464498246235,0.607712731971658,1,2361.27236619142,0.337227501045236
"10791","ZNF430",0.435878268039652,0.954464498246235,0.607316012556335,1,2361.27236619142,0.199634973026164
"3118","TIFA",0.43588046237011,0.954464498246235,0.607310204116088,1,2361.27236619142,-0.776080871371969
"2469","CIP2A",0.435904912457009,0.954464498246235,0.607245487226737,1,2361.27236619142,0.426564230435836
"7877","RFC3",0.435952361169767,0.954464498246235,0.607119911132012,1,2361.27236619142,-0.369042284483822
"689","NBPF15",0.436027450689681,0.954464498246235,0.606921224493979,1,2361.27236619142,0.525826006878866
"6880","PPFIA1",0.436168894656323,0.954464498246235,0.606547106088042,1,2361.27236619142,-0.120613639631833
"1116","BATF3",0.436260944523439,0.954464498246235,0.606303734297308,1,2361.27236619142,0.972150229841498
"642","RAP1A",0.436323541411509,0.954464498246235,0.606138278414462,1,2361.27236619142,-0.0813058014501737
"9388","EMC8",0.436331162139017,0.954464498246235,0.606118137809675,1,2361.27236619142,-0.280994936218245
"9497","RNF167",0.436339406194526,0.954464498246235,0.606096350434183,1,2361.27236619142,-0.252259454985106
"6520","IPO7",0.436365629618103,0.954464498246235,0.606027051398341,1,2361.27236619142,-0.182468878458162
"2076","PDCD1",0.436451690168772,0.954464498246235,0.605799669154759,1,2361.27236619142,-10
"9962","SUPT4H1",0.436507808652887,0.954464498246235,0.605651434326864,1,2361.27236619142,-0.135372384511748
"9555","CD68",0.43659933674222,0.954464498246235,0.605409728864075,1,2361.27236619142,-0.0640929486719709
"11890","TTC28",0.436729510965802,0.954464498246235,0.605066100881633,1,2361.27236619142,0.213898459442845
"954","PRRC2C",0.436766520681367,0.954464498246235,0.604968432907369,1,2361.27236619142,0.0747560177893445
"10554","ZNF121",0.437122616046046,0.954464498246235,0.604029349881167,1,2361.27236619142,0.366133097337383
"1828","AGPS",0.437244454832402,0.954464498246235,0.603708309256551,1,2361.27236619142,-0.167742910001765
"2617","TFDP2",0.437355573958389,0.954464498246235,0.60341563385127,1,2361.27236619142,-0.20326343341665
"11397","CRLS1",0.437410685811846,0.954464498246235,0.603270517575624,1,2361.27236619142,-0.281539249357523
"4844","NAMPT",0.437546090957442,0.954464498246235,0.602914098011432,1,2361.27236619142,0.111872959433048
"10994","PHLDB3",0.437616008377258,0.954464498246235,0.602730124297994,1,2361.27236619142,-0.617354366808479
"85","RBP7",0.437629901098199,0.954464498246235,0.602693573738738,1,2361.27236619142,-0.672259596413846
"5896","MRPS2",0.437746667112418,0.954464498246235,0.602386442548023,1,2361.27236619142,0.323030716500009
"10591","YIPF2",0.437788482336201,0.954464498246235,0.602276485914255,1,2361.27236619142,0.335748122244792
"6900","P2RY2",0.437789767652239,0.954464498246235,0.602273106322828,1,2361.27236619142,-1.023588933801
"2393","ABHD6",0.437894662303243,0.954464498246235,0.601997349051636,1,2361.27236619142,0.202344065116225
"3422","HMGCR",0.437898718358054,0.954464498246235,0.601986688131359,1,2361.27236619142,0.301133582095673
"8632","BNIP2",0.437953293164542,0.954464498246235,0.601843258607134,1,2361.27236619142,-0.123954194732761
"1865","MFSD6",0.438189760569057,0.954464498246235,0.601222108404984,1,2361.27236619142,0.332751868479082
"1936","METTL21A",0.438201965364236,0.954464498246235,0.601190062908726,1,2361.27236619142,0.234754427242196
"8355","EFCAB11",0.438211497488112,0.954464498246235,0.601165035857712,1,2361.27236619142,-0.29311178258155
"8134","PRORP",0.43831104035272,0.954464498246235,0.600903731098062,1,2361.27236619142,0.168948070136337
"8869","JMJD8",0.438362829204529,0.954464498246235,0.600767818858215,1,2361.27236619142,0.334772488942016
"11718","IL10RB",0.438375116699368,0.954464498246235,0.600735575743548,1,2361.27236619142,-0.110970045864432
"2864","KIAA0232",0.438473806220666,0.954464498246235,0.60047665882321,1,2361.27236619142,0.126143617249112
"4395","ARID1B",0.438809931983165,0.954464498246235,0.599595485887806,1,2361.27236619142,-0.0897075413161064
"10384","GPX4",0.438940060793334,0.954464498246235,0.599254623636086,1,2361.27236619142,-0.071873787908793
"11509","DLGAP4",0.439101768312749,0.954464498246235,0.598831259364751,1,2361.27236619142,0.187442915794591
"437","KTI12",0.439111027035708,0.954464498246235,0.598807026467378,1,2361.27236619142,-0.616020541204833
"2935","NSUN7",0.439176054998608,0.954464498246235,0.59863685057426,1,2361.27236619142,-0.518842463929758
"12026","POLR3H",0.439237326656456,0.954464498246235,0.598476540175943,1,2361.27236619142,0.378000618875442
"10319","NEDD4L",0.439466402743191,0.954464498246235,0.59787749227275,1,2361.27236619142,0.16189140357948
"7956","DACH1",0.439536611630074,0.954464498246235,0.597693987722116,1,2361.27236619142,-10
"8749","CIB2",0.439537732861259,0.954464498246235,0.597691057531914,1,2361.27236619142,-10
"1250","GCSAML",0.439542640811845,0.954464498246235,0.597678231383774,1,2361.27236619142,-10
"9387","GINS2",0.439545209010255,0.954464498246235,0.597671519893391,1,2361.27236619142,-10
"1233","C1orf100",0.439546540394402,0.954464498246235,0.597668040601836,1,2361.27236619142,-10
"5505","LRRC19",0.439554943736879,0.954464498246235,0.597646080612692,1,2361.27236619142,-10
"7286","AEBP2",0.439590003878388,0.954464498246235,0.597554466842703,1,2361.27236619142,0.126842336267604
"4277","TSPYL4",0.439592696740988,0.954464498246235,0.597547430732234,1,2361.27236619142,0.464633380349429
"2316","SEMA3B",0.43988435740264,0.954464498246235,0.596785749802664,1,2361.27236619142,-10
"8211","TIMM9",0.440009975500672,0.954464498246235,0.596457933174898,1,2361.27236619142,-0.3433792691435
"11267","ZNF580",0.440031528177225,0.954464498246235,0.596401703136828,1,2361.27236619142,-0.235998910681154
"3706","SLU7",0.440040864217189,0.954464498246235,0.596377347109815,1,2361.27236619142,-0.171852959423549
"10197","NDC80",0.440261703077688,0.954464498246235,0.595801450215966,1,2361.27236619142,-0.78472480054895
"1283","SLC66A3",0.440433565940949,0.954464498246235,0.595353578575787,1,2361.27236619142,0.200191356098902
"10933","MED29",0.440445779695316,0.954464498246235,0.595321759969136,1,2361.27236619142,-0.202657730311316
"1971","CNOT9",0.440469687522678,0.954464498246235,0.595259480527936,1,2361.27236619142,-0.246298186159589
"10011","POLG2",0.440534897112551,0.954464498246235,0.595089637190073,1,2361.27236619142,-0.321869601853851
"6579","IMMP1L",0.440636572361901,0.954464498246235,0.594824893385809,1,2361.27236619142,0.254319543711715
"4653","FZD9",0.440808003047854,0.954464498246235,0.594378731832052,1,2361.27236619142,-10
"6302","PSD",0.440817886284872,0.954464498246235,0.594353018084243,1,2361.27236619142,-10
"1729","NCKAP5",0.440821197105838,0.954464498246235,0.594344404342076,1,2361.27236619142,-10
"8595","GLDN",0.440821256995275,0.954464498246235,0.59434424852902,1,2361.27236619142,-10
"1224","RYR2",0.440833014646304,0.954464498246235,0.594313659532667,1,2361.27236619142,-10
"1026","GLRX2",0.440852823512646,0.954464498246235,0.594262127133425,1,2361.27236619142,0.191942365063591
"2192","LRRFIP2",0.441018403107506,0.954464498246235,0.593831514184526,1,2361.27236619142,-0.136085176468664
"11392","CDS2",0.441119236167636,0.954464498246235,0.593569405533966,1,2361.27236619142,-0.171155936098355
"711","BCL9",0.44124128604635,0.954464498246235,0.593252268544183,1,2361.27236619142,0.945069134857572
"2768","HES1",0.441266846071182,0.954464498246235,0.593185869933799,1,2361.27236619142,1.64918345531517
"4680","RHBDD2",0.441267900855007,0.954464498246235,0.593183129994016,1,2361.27236619142,0.253278538342451
"8359","NRDE2",0.441334599874411,0.954464498246235,0.593009890988691,1,2361.27236619142,0.264897699860208
"9680","PROCA1",0.4413802981155,0.954464498246235,0.592891221089142,1,2361.27236619142,-0.49501813670234
"4883","POT1",0.441391487977442,0.954464498246235,0.592862165965605,1,2361.27236619142,-0.282459620704214
"1665","SEPTIN10",0.44142793026521,0.954464498246235,0.592767549319016,1,2361.27236619142,-0.192363756208
"6107","EGR2",0.441472527896229,0.954464498246235,0.592651774976045,1,2361.27236619142,0.579136257214995
"7391","LARP4",0.441626949560407,0.954464498246235,0.592251039279586,1,2361.27236619142,0.139012923985266
"5446","ZNF7",0.441641947708526,0.954464498246235,0.592212129468539,1,2361.27236619142,0.332417331730571
"1616","CNNM3",0.441662908540824,0.954464498246235,0.592157754029812,1,2361.27236619142,0.519844916391799
"7205","CD4",0.441791954497539,0.954464498246235,0.591823077655116,1,2361.27236619142,0.0999567010010216
"8932","PAQR4",0.441962227873131,0.954464498246235,0.5913817097534,1,2361.27236619142,-0.538601939709905
"4937","FMC1",0.441976077750094,0.954464498246235,0.591345820824717,1,2361.27236619142,-0.296707845785646
"7496","MBD6",0.442015766359828,0.954464498246235,0.591242986066959,1,2361.27236619142,-0.372350647131038
"11742","PIGP",0.442098984034014,0.954464498246235,0.591027411975764,1,2361.27236619142,-0.240272059458022
"5066","PCM1",0.442174854606182,0.954464498246235,0.590830924937297,1,2361.27236619142,-0.0996980152063035
"5768","PDCL",0.442289020096319,0.954464498246235,0.590535360939612,1,2361.27236619142,0.223062584316474
"12233","GRIPAP1",0.442619806110012,0.954464498246235,0.589679650071427,1,2361.27236619142,0.144215559666315
"9214","MT2A",0.442765967987927,0.954464498246235,0.589301857826385,1,2361.27236619142,-0.21324664193438
"8333","VIPAS39",0.442881511491078,0.954464498246235,0.58900334264877,1,2361.27236619142,-0.244869273811985
"1853","TFPI",0.442897283930847,0.954464498246235,0.588962602707455,1,2361.27236619142,-0.171064499052379
"6801","RNASEH2C",0.442923328464554,0.954464498246235,0.588895335024641,1,2361.27236619142,0.133728922299718
"3848","HIVEP1",0.442926390050538,0.954464498246235,0.588887427977651,1,2361.27236619142,-0.150357746650095
"8330","GSTZ1",0.442992765766407,0.954464498246235,0.588716022561549,1,2361.27236619142,-0.258646540544806
"9312","NQO1",0.443105555926973,0.954464498246235,0.588424849638239,1,2361.27236619142,-0.482192632588188
"2732","ALG3",0.443113893328133,0.954464498246235,0.588403330799587,1,2361.27236619142,-0.354630583624504
"1613","KANSL3",0.443135200331893,0.954464498246235,0.588348340246602,1,2361.27236619142,-0.204922737023355
"1892","TYW5",0.443234084204361,0.954464498246235,0.588093187499381,1,2361.27236619142,0.303356877553442
"1156","EPHX1",0.443265110824326,0.954464498246235,0.588013146781651,1,2361.27236619142,-0.236735842666494
"1342","EIF2B4",0.443435902388854,0.954464498246235,0.587572703212099,1,2361.27236619142,0.258671232799258
"8444","TEX22",0.443560913322401,0.954464498246235,0.587250486455726,1,2361.27236619142,-0.4517655950761
"136","CROCC",0.443616056594256,0.954464498246235,0.587108398782437,1,2361.27236619142,-0.446146634174742
"779","S100A4",0.443645986293843,0.954464498246235,0.587031290346744,1,2361.27236619142,0.126470090525877
"2296","C3orf84",0.443648149946419,0.954464498246235,0.587025716400311,1,2361.27236619142,-10
"6838","C11orf80",0.443693589226353,0.954464498246235,0.586908666591853,1,2361.27236619142,0.534476138844843
"8205","AP5M1",0.443723820216965,0.954464498246235,0.586830803002024,1,2361.27236619142,-0.20926385506289
"11987","DDX17",0.443746491312937,0.954464498246235,0.586772416217893,1,2361.27236619142,0.0748910443313005
"8690","NOX5",0.443817008146991,0.954464498246235,0.586590837735761,1,2361.27236619142,1.00891184406572
"11417","OVOL2",0.443992502994545,0.954464498246235,0.586139137894758,1,2361.27236619142,0.620571227907178
"4098","CUL7",0.444121294844445,0.954464498246235,0.585807820765704,1,2361.27236619142,-0.540484012613925
"8335","SPTLC2",0.44414550160029,0.954464498246235,0.585745565451567,1,2361.27236619142,0.124887252252583
"10886","ZNF567",0.444231980775979,0.954464498246235,0.585523199797085,1,2361.27236619142,-0.344372995798248
"7526","IRAK3",0.444853489418038,0.954464498246235,0.583927069602791,1,2361.27236619142,0.15023816703991
"4242","OSTM1",0.444886887408435,0.954464498246235,0.583841396106713,1,2361.27236619142,-0.177870272035193
"3100","TBCK",0.444953518080993,0.954464498246235,0.583670502909722,1,2361.27236619142,0.131585651061984
"6789","SLC25A45",0.445003955987068,0.954464498246235,0.583541166983717,1,2361.27236619142,-0.574493431615125
"11831","TANGO2",0.445017662326927,0.954464498246235,0.583506024280683,1,2361.27236619142,0.176331933665699
"11271","EPN1",0.445018916104681,0.954464498246235,0.583502809710412,1,2361.27236619142,0.15754084541824
"1702","TMEM185B",0.445020898374392,0.954464498246235,0.583497727382711,1,2361.27236619142,-0.621223139978089
"9724","CDK5R1",0.445243846951745,0.954464498246235,0.582926334651778,1,2361.27236619142,0.986272763537892
"971","CACYBP",0.445334020091073,0.954464498246235,0.582695356631132,1,2361.27236619142,0.144849874093445
"5981","DHTKD1",0.445401935744671,0.954464498246235,0.582521438868217,1,2361.27236619142,-0.325420831351329
"425","STIL",0.445418904868505,0.954464498246235,0.582477990911145,1,2361.27236619142,-1.04455257611816
"10620","ZNF844",0.445469089303716,0.954464498246235,0.582349513060144,1,2361.27236619142,0.400748811834129
"4526","IGF2BP3",0.445620441772542,0.954464498246235,0.581962169331378,1,2361.27236619142,-0.472638373396589
"7921","NUDT15",0.445651700300771,0.954464498246235,0.581882197390947,1,2361.27236619142,-0.545338118815576
"5445","ZNF517",0.445735094683079,0.954464498246235,0.581668883407622,1,2361.27236619142,-0.743080609813835
"5932","SSNA1",0.445819983892851,0.954464498246235,0.581451809338611,1,2361.27236619142,-0.169449040274768
"1555","HK2",0.445847637401473,0.954464498246235,0.581381109126313,1,2361.27236619142,-0.159157491647829
"2143","HACL1",0.445964362893906,0.954464498246235,0.581082758343089,1,2361.27236619142,0.293611432380024
"11837","DGCR6L",0.446029257250245,0.954464498246235,0.580916940496288,1,2361.27236619142,-0.184062519542665
"12441","ZNF75D",0.446271810844669,0.954464498246235,0.580297499466658,1,2361.27236619142,0.170459464581074
"2574","ASTE1",0.446494596196008,0.954464498246235,0.579729003184613,1,2361.27236619142,0.512053008912052
"5040","CLDN23",0.446522635406423,0.954464498246235,0.579657484839494,1,2361.27236619142,-0.45581458193993
"4570","ELMO1",0.446573339033275,0.954464498246235,0.579528175088302,1,2361.27236619142,0.0753509362472032
"2634","HLTF",0.446627531911653,0.954464498246235,0.579389991868996,1,2361.27236619142,0.277659045302333
"12529","MT-ND3",0.446684954695099,0.954464498246235,0.579243601300338,1,2361.27236619142,0.054860744978959
"4209","GABRR2",0.446945299515887,0.954464498246235,0.578580258480333,1,2361.27236619142,0.801079458862492
"9777","RPL19",0.447036221782306,0.954464498246235,0.578348735398119,1,2361.27236619142,0.0607626537226227
"946","SLC19A2",0.447329351782207,0.954464498246235,0.577602811367339,1,2361.27236619142,0.399481839647722
"6010","TMEM236",0.447352255800553,0.954464498246235,0.577544559801861,1,2361.27236619142,0.569737574103293
"10101","ST6GALNAC2",0.447463578805818,0.954464498246235,0.5772614990855,1,2361.27236619142,0.447757673109061
"10111","TMC8",0.447561509760173,0.954464498246235,0.577012580775982,1,2361.27236619142,-0.256748500079951
"5772","RABGAP1",0.447622236770678,0.954464498246235,0.576858268988591,1,2361.27236619142,0.112186832305069
"741","CTSS",0.447650915247552,0.954464498246235,0.576785406188495,1,2361.27236619142,0.0487203886076012
"8259","ACTN1",0.447724545989283,0.954464498246235,0.576598367349085,1,2361.27236619142,0.179613559547882
"10181","NARF",0.44784772956954,0.954464498246235,0.57628555993647,1,2361.27236619142,-0.181132787024808
"7425","MAP3K12",0.447883503921648,0.954464498246235,0.576194741059278,1,2361.27236619142,-0.476407314626492
"12380","PSMD10",0.447901926968028,0.954464498246235,0.576147975629333,1,2361.27236619142,-0.289128017877116
"7000","MMP12",0.448062701132375,0.954464498246235,0.575739990208557,1,2361.27236619142,-2.7411747632115
"6393","CTBP2",0.448136092616858,0.954464498246235,0.575553825434289,1,2361.27236619142,-0.141009105378253
"4406","EZR",0.44833229337528,0.954464498246235,0.575056375597259,1,2361.27236619142,0.157687254511041
"1717","SAP130",0.448363402771537,0.954464498246235,0.574977531562701,1,2361.27236619142,-0.234546022499747
"237","EYA3",0.448464525156137,0.954464498246235,0.574721304562332,1,2361.27236619142,0.147699840455633
"8534","GANC",0.448566788905109,0.954464498246235,0.574462276982922,1,2361.27236619142,-0.156310364049034
"5712","TXN",0.448594336625653,0.954464498246235,0.574392516074148,1,2361.27236619142,-0.0905089126812633
"2023","PDE6D",0.448677177196807,0.954464498246235,0.574182773615342,1,2361.27236619142,-0.221652871562876
"3440","DMGDH",0.448695178602288,0.954464498246235,0.574137204175696,1,2361.27236619142,0.778059704846152
"3750","HK3",0.448838941768071,0.954464498246235,0.573773378783971,1,2361.27236619142,0.249373831986723
"11094","GRIN2D",0.448862089259413,0.954464498246235,0.573714815755026,1,2361.27236619142,-0.434978543819137
"8423","BAG5",0.448883732274148,0.954464498246235,0.573660063298906,1,2361.27236619142,-0.222370419494251
"6975","CEP295",0.448930422398991,0.954464498246235,0.573541960715381,1,2361.27236619142,-0.200373367192079
"8830","SLCO3A1",0.449442218692751,0.954464498246235,0.572248626409688,1,2361.27236619142,0.124447306795551
"3524","DMXL1",0.449544661014551,0.954464498246235,0.571990025335246,1,2361.27236619142,0.0796679616681914
"9193","TENT4B",0.449666974024953,0.954464498246235,0.571681383855865,1,2361.27236619142,0.146338388067562
"10456","ZBTB7A",0.44969910228012,0.954464498246235,0.571600333959865,1,2361.27236619142,0.137065983973597
"12324","COX7B",0.449757954009393,0.954464498246235,0.571451892220227,1,2361.27236619142,-0.105639731784704
"8560","CTDSPL2",0.449803209847403,0.954464498246235,0.571337764006818,1,2361.27236619142,0.149953209166186
"2310","UBA7",0.449882966819775,0.954464498246235,0.571136672869689,1,2361.27236619142,0.204597284632216
"7356","TMEM106C",0.449912606122759,0.954464498246235,0.571061957511987,1,2361.27236619142,0.490125406785461
"1475","MDH1",0.449915622247533,0.954464498246235,0.571054354833787,1,2361.27236619142,-0.171555757787831
"8484","NOP10",0.449917375167256,0.954464498246235,0.571049936324817,1,2361.27236619142,0.101191809667041
"7885","PROSER1",0.450048800592489,0.954464498246235,0.570718734416156,1,2361.27236619142,0.268613928626587
"6837","RBM4B",0.450093683593097,0.954464498246235,0.570605660463672,1,2361.27236619142,0.401168846854849
"3607","NRG2",0.450102092607566,0.954464498246235,0.570584477551499,1,2361.27236619142,-10
"3656","GRPEL2",0.450226380704893,0.954464498246235,0.570271458907506,1,2361.27236619142,0.614513080651631
"11836","RTN4R",0.450298039297973,0.954464498246235,0.570091048567086,1,2361.27236619142,-10
"430","FAF1",0.450430972373794,0.954464498246235,0.569756489970981,1,2361.27236619142,0.131806356171745
"5328","EBAG9",0.45044044024837,0.954464498246235,0.569732667629797,1,2361.27236619142,-0.225527558672791
"4691","SPDYE16",0.45060906228856,0.954464498246235,0.569308524689068,1,2361.27236619142,1.30542955878905
"3732","BNIP1",0.450644712445083,0.954464498246235,0.569218883916326,1,2361.27236619142,0.477860760738106
"7766","CLIP1",0.45065658622604,0.954464498246235,0.56918903026777,1,2361.27236619142,0.115293338954033
"9371","HSBP1",0.450812701314167,0.954464498246235,0.568796632218037,1,2361.27236619142,-0.0999837567612933
"9701","EFCAB5",0.450839140652237,0.954464498246235,0.568730197491456,1,2361.27236619142,0.589113266926353
"4479","EIF2AK1",0.450859065452266,0.954464498246235,0.568680136014877,1,2361.27236619142,0.16932854879385
"3719","KCNIP1",0.45089062380268,0.954464498246235,0.568600852072659,1,2361.27236619142,-10
"1930","NDUFS1",0.450934154054813,0.954464498246235,0.568491505387689,1,2361.27236619142,-0.170820182342033
"886","CD48",0.45102477290734,0.954464498246235,0.568263926455448,1,2361.27236619142,0.174806037150144
"5894","PPP1R26",0.451062616924058,0.954464498246235,0.568168906666738,1,2361.27236619142,-0.539486442145171
"4612","HUS1",0.451126551222823,0.954464498246235,0.568008406989842,1,2361.27236619142,0.237080318014156
"9141","ZNF747",0.45118396777458,0.954464498246235,0.567864299663598,1,2361.27236619142,0.495700579372359
"11717","IFNAR2",0.451264907547447,0.954464498246235,0.567661201104065,1,2361.27236619142,0.0798321461403951
"9792","NR1D1",0.451301742298794,0.954464498246235,0.567568792161895,1,2361.27236619142,-0.987201578511192
"10950","PLD3",0.451310611102229,0.954464498246235,0.56754654437056,1,2361.27236619142,-0.0628621267065135
"12069","TRMU",0.451382220418338,0.954464498246235,0.567366934227836,1,2361.27236619142,0.301650764749771
"5289","PTDSS1",0.451547765144144,0.954464498246235,0.566951886263681,1,2361.27236619142,0.209754460735645
"11902","NEFH",0.451580761228338,0.954464498246235,0.566869188075632,1,2361.27236619142,-1.05577725099231
"2048","HES6",0.451722655264321,0.954464498246235,0.566513666309956,1,2361.27236619142,-0.724335252586684
"9240","SLC38A7",0.451752998802581,0.954464498246235,0.566437661911297,1,2361.27236619142,-0.17522036641309
"4180","HMGN3",0.451822883394898,0.954464498246235,0.566262645584726,1,2361.27236619142,-0.134184009286299
"1188","COG2",0.451878267772024,0.954464498246235,0.566123973132565,1,2361.27236619142,-0.253021998171244
"8873","HAGHL",0.451914195449656,0.954464498246235,0.566034030955478,1,2361.27236619142,-0.602868025277162
"158","CDA",0.451950593949826,0.954464498246235,0.565942921521306,1,2361.27236619142,0.230118961602742
"4462","GNA12",0.452017959369007,0.954464498246235,0.565774328788738,1,2361.27236619142,-0.123400821581555
"3485","PCSK1",0.452024610823795,0.954464498246235,0.565757684592873,1,2361.27236619142,-10
"4913","CHCHD3",0.452041450120287,0.954464498246235,0.565715548675437,1,2361.27236619142,-0.158158528349664
"8425","COA8",0.452116518939055,0.954464498246235,0.56552773855752,1,2361.27236619142,-0.253043773153276
"1035","ZNF281",0.452209711696683,0.954464498246235,0.565294653168504,1,2361.27236619142,-0.201297801609066
"10488","PRR22",0.452297732273861,0.954464498246235,0.565074573029249,1,2361.27236619142,1.2931154711054
"2473","PLCXD2",0.452300114149862,0.954464498246235,0.565068618494698,1,2361.27236619142,1.29311547113098
"6777","CDCA5",0.4523073408126,0.954464498246235,0.565050552609997,1,2361.27236619142,1.29311569048721
"1163","PARP1",0.452361005774656,0.954464498246235,0.564916410079201,1,2361.27236619142,-0.158056078445086
"3200","PDGFC",0.452448218544715,0.954464498246235,0.564698463608132,1,2361.27236619142,0.141817886334425
"5362","TRIB1",0.452468393528228,0.954464498246235,0.564648055288778,1,2361.27236619142,-0.298927000785603
"5126","DCTN6",0.452641533577927,0.954464498246235,0.564215599956497,1,2361.27236619142,0.203488451112286
"7904","ENOX1",0.452655244307307,0.954464498246235,0.564181365469918,1,2361.27236619142,-10
"1838","SESTD1",0.452765426767426,0.954464498246235,0.563906308530968,1,2361.27236619142,-0.1240701574787
"3162","TBC1D9",0.452837685880552,0.954464498246235,0.56372597950263,1,2361.27236619142,0.154102193745459
"11086","SELENOW",0.452876083587031,0.954464498246235,0.563630172967671,1,2361.27236619142,0.102433323652141
"5875","GBGT1",0.452970213708484,0.954464498246235,0.563395361734018,1,2361.27236619142,-0.339341569998475
"4432","DLL1",0.452980983365558,0.954464498246235,0.563368501283624,1,2361.27236619142,0.550278238063223
"5519","CHMP5",0.453100749991091,0.954464498246235,0.563069860485678,1,2361.27236619142,-0.0926345108936612
"5033","MYOM2",0.453134895590845,0.954464498246235,0.562984740330042,1,2361.27236619142,0.888348217210329
"11827","RTL10",0.453216667390097,0.954464498246235,0.562780935666844,1,2361.27236619142,0.487331578407148
"6714","EML3",0.453324346792796,0.954464498246235,0.562512647911252,1,2361.27236619142,-0.324114127083076
"776","S100A12",0.45336761646295,0.954464498246235,0.562404867860798,1,2361.27236619142,0.710104119064686
"12470","CCNQ",0.453394710690855,0.954464498246235,0.562337387295526,1,2361.27236619142,0.31213003942806
"10564","PPAN",0.4535264056672,0.954464498246235,0.56200947941882,1,2361.27236619142,-0.384171084738921
"12371","SLC25A53",0.453529274704499,0.954464498246235,0.56200233745347,1,2361.27236619142,0.279104270143508
"2423","PPP4R2",0.453562244367762,0.954464498246235,0.561920270344784,1,2361.27236619142,-0.135203666630192
"9402","CYBA",0.453636837734138,0.954464498246235,0.561734629290208,1,2361.27236619142,0.0586239684072591
"2700","NLGN1",0.45380572635767,0.954464498246235,0.561314491908814,1,2361.27236619142,1.56093973858079
"815","SLC50A1",0.453828529426302,0.954464498246235,0.561257784444103,1,2361.27236619142,-0.21459447795727
"7804","RAN",0.453915160198298,0.954464498246235,0.561042388793917,1,2361.27236619142,-0.150339699468193
"919","DDR2",0.453935880290658,0.954464498246235,0.560990880661681,1,2361.27236619142,1.28124846630408
"11001","SRRM5",0.453936604457449,0.954464498246235,0.560989080520307,1,2361.27236619142,1.28124834641189
"9557","FXR2",0.453955503625924,0.954464498246235,0.560942102364071,1,2361.27236619142,-0.35620212217241
"7172","CRACR2A",0.453962303905828,0.954464498246235,0.5609251994821,1,2361.27236619142,0.342831855867708
"11795","MCM3AP",0.453985657586361,0.954464498246235,0.560867154235774,1,2361.27236619142,0.18510341749945
"1772","DAPL1",0.454051320161976,0.954464498246235,0.560703975942778,1,2361.27236619142,0.70569206465678
"10225","AFG3L2",0.454179119368458,0.954464498246235,0.560386487920746,1,2361.27236619142,0.1725057979799
"12461","CD99L2",0.454190617264789,0.954464498246235,0.560357930895352,1,2361.27236619142,-0.200815993651008
"8366","PPP4R3A",0.45458563986996,0.954464498246235,0.559377512799942,1,2361.27236619142,0.132026309362681
"11198","ZNF600",0.454612117454081,0.954464498246235,0.559311845187048,1,2361.27236619142,0.347699838608176
"7342","PUS7L",0.454647215792369,0.954464498246235,0.559224806325573,1,2361.27236619142,-0.222033397836508
"9705","GOSR1",0.454806003375071,0.954464498246235,0.558831167761588,1,2361.27236619142,-0.134479678216691
"506","HHLA3",0.45491728996602,0.954464498246235,0.558555414151903,1,2361.27236619142,-0.404212977249009
"3639","GNPDA1",0.454942926291114,0.954464498246235,0.558491905724343,1,2361.27236619142,-0.147028655323468
"11239","LILRB4",0.455119838869132,0.954464498246235,0.55805379661542,1,2361.27236619142,0.106726607183252
"2074","D2HGDH",0.455192217083517,0.954464498246235,0.557874635262231,1,2361.27236619142,-0.277330382330367
"10315","TXNL1",0.455275225786177,0.954464498246235,0.557669214903355,1,2361.27236619142,0.133254301417529
"8805","PEX11A",0.455333825575812,0.954464498246235,0.557524234385772,1,2361.27236619142,0.544002651208325
"9772","CWC25",0.455391487632051,0.954464498246235,0.557381602550287,1,2361.27236619142,-0.236841633269089
"2451","LNP1",0.455422599665197,0.954464498246235,0.557304656182552,1,2361.27236619142,0.902845609380119
"8569","GATM",0.455424118181423,0.954464498246235,0.557300900795688,1,2361.27236619142,-0.330694467492263
"10690","WIZ",0.45543927076221,0.954464498246235,0.557263428582458,1,2361.27236619142,-0.604895212402267
"6233","NOC3L",0.455453990590214,0.954464498246235,0.557227028442197,1,2361.27236619142,0.35623863873459
"5110","TRIM35",0.455640541854699,0.954464498246235,0.556765872819479,1,2361.27236619142,0.415054670232222
"769","OAZ3",0.4556407390491,0.954464498246235,0.556765385511225,1,2361.27236619142,-0.996898134882643
"2885","FBXL5",0.455654531414868,0.954464498246235,0.556731302539205,1,2361.27236619142,-0.1215006061143
"10051","CD300LF",0.455752533646386,0.954464498246235,0.556489171321796,1,2361.27236619142,0.25064656139189
"686","FCGR1B",0.455819349193214,0.954464498246235,0.556324139118524,1,2361.27236619142,0.465878257098111
"9636","TOP3A",0.455960558465902,0.954464498246235,0.555975482161025,1,2361.27236619142,-0.237642755345279
"1969","CTDSP1",0.456034717179381,0.954464498246235,0.555792446483958,1,2361.27236619142,-0.185251906486863
"9111","SEZ6L2",0.456059488719038,0.954464498246235,0.555731316771083,1,2361.27236619142,0.403840432496174
"7276","WBP11",0.456137341991219,0.954464498246235,0.555539229205851,1,2361.27236619142,0.137999796120157
"7200","ZNF384",0.456172667553791,0.954464498246235,0.555452087395588,1,2361.27236619142,-0.354663847091257
"4030","SNRPC",0.456224383850757,0.954464498246235,0.555324531766645,1,2361.27236619142,-0.14461071005836
"12454","SLITRK4",0.456306540033375,0.954464498246235,0.555121944541157,1,2361.27236619142,0.718030795180884
"11078","INAFM1",0.456328895547044,0.954464498246235,0.555066828492342,1,2361.27236619142,-0.401889924703793
"2756","RTP4",0.456332287296465,0.954464498246235,0.555058466728976,1,2361.27236619142,-0.216768983399076
"6215","HTR7",0.456383683010168,0.954464498246235,0.554931771597149,1,2361.27236619142,-0.647168792951734
"9293","DDX28",0.456553515586,0.954464498246235,0.554513278665406,1,2361.27236619142,-0.528435100202001
"10232","CEP192",0.456566163472473,0.954464498246235,0.554482122195482,1,2361.27236619142,0.144927485434172
"7240","KLRB1",0.456609432449858,0.954464498246235,0.554375544827784,1,2361.27236619142,-10
"2780","SLC51A",0.456694025151314,0.954464498246235,0.554167227507459,1,2361.27236619142,-1.01371383731985
"9155","CTF1",0.45669623254767,0.954464498246235,0.554161792405157,1,2361.27236619142,0.889276275728035
"1839","CWC22",0.456720349515014,0.954464498246235,0.55410241374969,1,2361.27236619142,0.172289096170717
"8650","PCLAF",0.456832296906073,0.954464498246235,0.553826851559937,1,2361.27236619142,-10
"7421","AAAS",0.45683264528801,0.954464498246235,0.553825994172562,1,2361.27236619142,-0.375087534025933
"6040","MPP7",0.456947121810044,0.954464498246235,0.553544316905554,1,2361.27236619142,-10
"11216","CACNG8",0.456948488688915,0.954464498246235,0.553540954279665,1,2361.27236619142,-10
"5063","MTMR7",0.456950212175343,0.954464498246235,0.553536714394707,1,2361.27236619142,-10
"11058","DMWD",0.456951479459053,0.954464498246235,0.55353359681321,1,2361.27236619142,-10
"2648","MED12L",0.45695203897347,0.954464498246235,0.553532220384016,1,2361.27236619142,-10
"9523","ALOX12",0.456953432610725,0.954464498246235,0.553528791988829,1,2361.27236619142,-10
"6356","SLC18A2",0.456953494608306,0.954464498246235,0.553528639473049,1,2361.27236619142,-10
"11558","TP53TG5",0.456967529749405,0.954464498246235,0.553494113474103,1,2361.27236619142,-10
"11823","MRPL40",0.45697370298691,0.954464498246235,0.553478928036687,1,2361.27236619142,0.129705881001644
"7585","PLXNC1",0.457012754733581,0.954464498246235,0.553382872836699,1,2361.27236619142,0.14306602440129
"970","RABGAP1L",0.457151407700348,0.954464498246235,0.553041934079111,1,2361.27236619142,0.0838264217804116
"2669","RARRES1",0.457179139817743,0.954464498246235,0.552973762161453,1,2361.27236619142,0.335794952051293
"7998","BIVM",0.45720428160163,0.954464498246235,0.552911963518737,1,2361.27236619142,-0.545573043453355
"3368","DEPDC1B",0.457244190576503,0.954464498246235,0.552813878052485,1,2361.27236619142,-10
"5714","LPAR1",0.457289203409108,0.954464498246235,0.552703264897619,1,2361.27236619142,0.238145753764977
"3451","MSH3",0.457307711994799,0.954464498246235,0.552657787452518,1,2361.27236619142,-0.188608262345277
"11109","NUCB1",0.457775498827166,0.954464498246235,0.551509352480607,1,2361.27236619142,0.129812069379623
"1908","FLACC1",0.457986909787511,0.954464498246235,0.550990938242335,1,2361.27236619142,-0.757119439836371
"8450","CYFIP1",0.45824082783763,0.954464498246235,0.550368789296567,1,2361.27236619142,-0.0877234676883814
"6168","VCL",0.458248241200622,0.954464498246235,0.550350633292487,1,2361.27236619142,0.227545510693625
"10943","PSMC4",0.458312787252831,0.954464498246235,0.550192573725738,1,2361.27236619142,-0.206346296962868
"6606","TRAF6",0.458351114166791,0.954464498246235,0.550098735909364,1,2361.27236619142,-0.288353176569123
"3694","HAVCR1",0.458399476183374,0.954464498246235,0.549980346321716,1,2361.27236619142,-0.726788022858693
"5009","PRKAG2",0.458401002488289,0.954464498246235,0.54997661026862,1,2361.27236619142,0.101156834338762
"8409","WDR20",0.45841151558057,0.954464498246235,0.549950877104156,1,2361.27236619142,-0.185498877732355
"1691","DDX18",0.45842981962761,0.954464498246235,0.549906076047486,1,2361.27236619142,0.139385005985115
"5051","FDFT1",0.458514948256012,0.954464498246235,0.54969775205089,1,2361.27236619142,0.256108098702198
"9884","LRRC37A",0.458630511594386,0.954464498246235,0.549415047091313,1,2361.27236619142,0.702772467414369
"12214","ZNF81",0.458678695012333,0.954464498246235,0.549297208291214,1,2361.27236619142,0.259144355658697
"588","TRMT13",0.45869575135248,0.954464498246235,0.549255499491123,1,2361.27236619142,0.390501869916388
"11196","ZNF83",0.458723837483833,0.954464498246235,0.549186824286424,1,2361.27236619142,-0.18515607801207
"10373","CFD",0.458727328110447,0.954464498246235,0.549178289595713,1,2361.27236619142,-0.119630608462262
"4692","POMZP3",0.458775168409072,0.954464498246235,0.549061328929645,1,2361.27236619142,0.55301101887366
"5702","FSD1L",0.458926769392752,0.954464498246235,0.548690820050443,1,2361.27236619142,0.280448109834856
"4848","HBP1",0.458996277739502,0.954464498246235,0.548521008204215,1,2361.27236619142,-0.134622012859024
"7","C1orf159",0.459100516446203,0.954464498246235,0.548266424886245,1,2361.27236619142,0.332871080185089
"10969","HNRNPUL1",0.45911931386853,0.954464498246235,0.548220525476452,1,2361.27236619142,-0.150724456502938
"8351","PTPN21",0.459213216226267,0.954464498246235,0.547991279923255,1,2361.27236619142,1.00696522329392
"4736","BET1",0.459293224101499,0.954464498246235,0.547796013777334,1,2361.27236619142,-0.268063518372374
"11084","BICRA",0.459325911763276,0.954464498246235,0.547716252206063,1,2361.27236619142,0.535410807540201
"3593","CDC23",0.459435356666926,0.954464498246235,0.547449259752859,1,2361.27236619142,0.296647459433501
"7023","DDX10",0.459655872509347,0.954464498246235,0.546911613969746,1,2361.27236619142,0.244425235973505
"4377","PPP1R14C",0.459662518466894,0.954464498246235,0.546895416619911,1,2361.27236619142,0.96061623774085
"5302","POLR2K",0.459716235737377,0.954464498246235,0.54676451194528,1,2361.27236619142,0.145774324106783
"12206","CDK16",0.459785701111882,0.954464498246235,0.546595266339611,1,2361.27236619142,-0.257900039331377
"3402","GTF2H2C",0.460089777378685,0.954464498246235,0.545854890907132,1,2361.27236619142,0.480873112744514
"2223","NKTR",0.460155112387567,0.954464498246235,0.545695912200304,1,2361.27236619142,0.119660804230851
"7660","KCTD10",0.460181644177195,0.954464498246235,0.545631363008928,1,2361.27236619142,0.255279281938738
"11546","OSER1",0.460187560837159,0.954464498246235,0.545616969171576,1,2361.27236619142,0.175499764541955
"11803","IL17RA",0.460218481401943,0.954464498246235,0.545541751508887,1,2361.27236619142,0.130934369937994
"813","ADAM15",0.46026820899838,0.954464498246235,0.54542080048793,1,2361.27236619142,0.303146113777627
"617","CYB561D1",0.460334597494815,0.954464498246235,0.545259357933488,1,2361.27236619142,0.368996861324285
"5655","PTPDC1",0.460462168286304,0.954464498246235,0.544949236831628,1,2361.27236619142,-0.387914541460273
"6757","GPR137",0.460558804930805,0.954464498246235,0.544714406515044,1,2361.27236619142,-0.38338585019708
"1778","RBMS1",0.460563768999396,0.954464498246235,0.54470234577151,1,2361.27236619142,0.0856011955799463
"10759","HOMER3",0.460726263456229,0.954464498246235,0.544307661709359,1,2361.27236619142,-0.161529763031543
"1811","ITGA6",0.46079735731075,0.954464498246235,0.544135050754138,1,2361.27236619142,-0.613294761313533
"1281","NOL10",0.460839066262119,0.954464498246235,0.544033803982189,1,2361.27236619142,0.225848615713015
"5426","HSF1",0.460879101029482,0.954464498246235,0.543936634904903,1,2361.27236619142,0.213216186845493
"10738","MPV17L2",0.46104486176801,0.954464498246235,0.543534456711767,1,2361.27236619142,0.482009303761995
"2969","AASDH",0.461077496263484,0.954464498246235,0.543455304080771,1,2361.27236619142,-0.224775319939394
"2839","TNIP2",0.461164945831057,0.954464498246235,0.54324324527611,1,2361.27236619142,0.242579904842083
"2452","TMEM45A",0.46129077955791,0.954464498246235,0.542938219741854,1,2361.27236619142,0.9381085553948
"7849","NUP58",0.461337462327645,0.954464498246235,0.54282509262048,1,2361.27236619142,-0.136419149029363
"669","VANGL1",0.461351002871014,0.954464498246235,0.542792283002192,1,2361.27236619142,-0.590261332782543
"10092","UBALD2",0.461463756423096,0.954464498246235,0.542519133206572,1,2361.27236619142,0.187813167378651
"1412","COX7A2L",0.46159493637575,0.954464498246235,0.542201478190291,1,2361.27236619142,0.138964529616172
"11260","NAT14",0.461606966851558,0.954464498246235,0.542172353322105,1,2361.27236619142,-0.979021657007944
"8458","NSMCE3",0.461635488358679,0.954464498246235,0.54210330974006,1,2361.27236619142,0.263142150155738
"2325","NPRL2",0.461685170853154,0.954464498246235,0.541983056782518,1,2361.27236619142,-0.603630697653256
"3703","TTC1",0.461818091724662,0.954464498246235,0.54166143234921,1,2361.27236619142,0.142169717896722
"9541","ACAP1",0.461920417903558,0.954464498246235,0.541413937174222,1,2361.27236619142,-0.601871073336571
"9580","KRBA2",0.461942109783034,0.954464498246235,0.541361482469358,1,2361.27236619142,0.382924642909695
"1756","RIF1",0.461964890734789,0.954464498246235,0.54130639841685,1,2361.27236619142,0.130927287294436
"24","ATAD3B",0.462123383614263,0.954464498246235,0.540923284195551,1,2361.27236619142,-0.519903354839183
"8489","ZNF770",0.462187332360416,0.954464498246235,0.540768764347121,1,2361.27236619142,0.223764477326488
"10521","PET100",0.462200103476121,0.954464498246235,0.540737909476233,1,2361.27236619142,-0.145855268449044
"6650","NUP160",0.462276186015083,0.954464498246235,0.540554123030317,1,2361.27236619142,-0.198115367093071
"824","CLK2",0.462286739591302,0.954464498246235,0.54052863340932,1,2361.27236619142,-0.338344020607485
"10805","ZNF681",0.462332248482637,0.954464498246235,0.540418728249688,1,2361.27236619142,0.557837966242709
"1965","PNKD",0.4624406629025,0.954464498246235,0.540156973941815,1,2361.27236619142,0.123270952624658
"10409","BTBD2",0.462479787746491,0.954464498246235,0.540062535429007,1,2361.27236619142,0.236904188493985
"2625","CHST2",0.462492395997288,0.954464498246235,0.540032104676145,1,2361.27236619142,0.39864884521328
"12315","PHKA1",0.462551039596966,0.954464498246235,0.539890582261147,1,2361.27236619142,0.999386410365417
"6759","TRMT112",0.462592381254976,0.954464498246235,0.539790831141221,1,2361.27236619142,-0.107790095038594
"9399","ZNF469",0.462705492933625,0.954464498246235,0.539517982421493,1,2361.27236619142,-0.720387091808154
"3202","TMEM144",0.462852243558117,0.954464498246235,0.539164147858503,1,2361.27236619142,0.161694951143899
"3859","MYLIP",0.462932101013347,0.954464498246235,0.538971676355337,1,2361.27236619142,0.293382281589294
"5464","JAK2",0.463001051299929,0.954464498246235,0.538805535721046,1,2361.27236619142,0.109522015084422
"10705","SIN3B",0.463012435003815,0.954464498246235,0.538778109665098,1,2361.27236619142,0.213693162466612
"6452","CHID1",0.463052465555923,0.954464498246235,0.538681675053607,1,2361.27236619142,0.206459841341275
"7591","VEZT",0.463129548501482,0.954464498246235,0.538496017697106,1,2361.27236619142,-0.170330260429958
"7924","RB1",0.46318520686262,0.954464498246235,0.538361992916129,1,2361.27236619142,-0.0741855158806442
"4939","HIPK2",0.463334834869216,0.954464498246235,0.538001817365428,1,2361.27236619142,0.0996073793437055
"8277","DPF3",0.463337137944882,0.954464498246235,0.537996274988655,1,2361.27236619142,-10
"7751","CAMKK2",0.463403024341112,0.954464498246235,0.537837737250562,1,2361.27236619142,-0.291011764061878
"10687","BRD4",0.463575759522924,0.954464498246235,0.537422267439995,1,2361.27236619142,0.114455578838551
"7251","GABARAPL1",0.463647868793042,0.954464498246235,0.537248900258823,1,2361.27236619142,-0.155379252438235
"1326","OTOF",0.463879895754006,0.954464498246235,0.536691346039438,1,2361.27236619142,-1.09032510350185
"3917","TRIM39",0.463922696974982,0.954464498246235,0.53658854451388,1,2361.27236619142,-0.511765711937394
"6436","RASSF7",0.464158037427945,0.954464498246235,0.536023565521838,1,2361.27236619142,0.43696585049923
"6563","NAV2",0.464189597361035,0.954464498246235,0.53594783473253,1,2361.27236619142,-0.801270785269018
"8140","MIPOL1",0.464286880450413,0.954464498246235,0.535714447247123,1,2361.27236619142,-10
"9889","CDC27",0.464362690306281,0.954464498246235,0.535532629343415,1,2361.27236619142,-0.129124421243268
"10711","OCEL1",0.464415036813017,0.954464498246235,0.535407112213784,1,2361.27236619142,-0.286976109043498
"5920","TRAF2",0.464416835457954,0.954464498246235,0.535402799801151,1,2361.27236619142,0.407029825107377
"7371","RHEBL1",0.464422988820617,0.954464498246235,0.535388046763681,1,2361.27236619142,-0.969344295575459
"6264","HPS1",0.464598291063999,0.954464498246235,0.534967880721979,1,2361.27236619142,0.14379071066144
"11040","GEMIN7",0.464622956489827,0.954464498246235,0.534908782718764,1,2361.27236619142,-0.392429473792669
"11846","CRKL",0.464667961803783,0.954464498246235,0.534800963550437,1,2361.27236619142,0.239227614149595
"6501","ILK",0.464670776354972,0.954464498246235,0.534794221288252,1,2361.27236619142,-0.159578299137963
"6250","RRP12",0.464722910071524,0.954464498246235,0.534669346675295,1,2361.27236619142,-0.604962814618627
"7684","PHETA1",0.464769179505627,0.954464498246235,0.534558537377291,1,2361.27236619142,0.366106733323741
"10377","WDR18",0.464775132410288,0.954464498246235,0.534544282221707,1,2361.27236619142,0.31837393747931
"5106","KCTD9",0.464787308558685,0.954464498246235,0.534515125450099,1,2361.27236619142,-0.276471437771515
"802","IL6R",0.464810567546923,0.954464498246235,0.534459433314474,1,2361.27236619142,-0.127990298170934
"5440","LRRC14",0.464992921425549,0.954464498246235,0.534022953065128,1,2361.27236619142,-0.584100712552107
"7764","DIABLO",0.465028452060202,0.954464498246235,0.533937939167309,1,2361.27236619142,0.86216759329395
"7041","BCO2",0.465091003970396,0.954464498246235,0.53378829687955,1,2361.27236619142,0.509006621193941
"3288","OTULINL",0.465143912513623,0.954464498246235,0.533661749429899,1,2361.27236619142,0.191951173051451
"11140","MED25",0.465208632532174,0.954464498246235,0.533506982402175,1,2361.27236619142,0.184480669046904
"12047","A4GALT",0.465232398173032,0.954464498246235,0.533450159513993,1,2361.27236619142,0.473397946489828
"11363","ZNF343",0.465366580605204,0.954464498246235,0.533129420661846,1,2361.27236619142,0.480980432625594
"5673","NCBP1",0.465367695746838,0.954464498246235,0.533126755736937,1,2361.27236619142,-0.298672238901074
"7265","DUSP16",0.465441941224305,0.954464498246235,0.532949349567832,1,2361.27236619142,-0.216167769598184
"10914","RASGRP4",0.465478864213019,0.954464498246235,0.532861140626737,1,2361.27236619142,0.380167529547032
"9344","ZNRF1",0.465599272971594,0.954464498246235,0.532573562103032,1,2361.27236619142,0.334606694826134
"8620","POLR2M",0.465625851229604,0.954464498246235,0.532510099890293,1,2361.27236619142,0.25038666465514
"10560","PIN1",0.465725930010122,0.954513627758938,0.532271188857179,1,2361.27236619142,-0.167316528830082
"9967","PPM1E",0.465868697159508,0.954650217496306,0.53193051303364,1,2361.27236619142,1.32496287559617
"11331","ZNF584",0.466335848387913,0.955451376349095,0.530816948005717,1,2361.27236619142,0.698879206765778
"4208","PM20D2",0.466563921305792,0.955762518310347,0.530273931252726,1,2361.27236619142,0.622427189706429
"7224","CD163",0.466693320428993,0.955871457047199,0.5299660351108,1,2361.27236619142,0.0920931544933921
"11971","Z83844.2",0.466892604722806,0.95591485537541,0.529492119631814,1,2361.27236619142,0.394871511837944
"7166","FKBP4",0.466895912339925,0.95591485537541,0.529484256564717,1,2361.27236619142,-0.297136005043631
"7538","LYZ",0.466943178696257,0.95591485537541,0.529371901884808,1,2361.27236619142,0.0843893179527032
"7871","BRCA2",0.467118903172373,0.955951537894844,0.52895435519476,1,2361.27236619142,0.161498311805959
"7870","FRY",0.467241832022634,0.955951537894844,0.528662408243894,1,2361.27236619142,0.291407470942816
"5675","TRMO",0.467318090453787,0.955951537894844,0.528481362010552,1,2361.27236619142,-0.336007949194015
"1808","SLC25A12",0.467333075725002,0.955951537894844,0.528445790835345,1,2361.27236619142,-0.35784436391793
"7979","ABCC4",0.467432892303289,0.955951537894844,0.528208898664907,1,2361.27236619142,-0.344867495344518
"193","SRRM1",0.46743381993351,0.955951537894844,0.528206697524141,1,2361.27236619142,-0.0993921692165929
"5430","ADCK5",0.467494680002319,0.955951537894844,0.528062300145178,1,2361.27236619142,-0.463644304966922
"9495","CHRNE",0.467632736333474,0.956077950172497,0.527734857732934,1,2361.27236619142,-0.701428626589008
"4499","TMEM106B",0.46773672163746,0.956134674173657,0.527488327514981,1,2361.27236619142,-0.220128600868623
"7873","N4BP2L2",0.468015484907195,0.956416943297887,0.526827864507471,1,2361.27236619142,0.0696749553734355
"10445","C19orf71",0.468027332829848,0.956416943297887,0.526799807679788,1,2361.27236619142,0.850143316971428
"11036","CLPTM1",0.468110356111351,0.956430755293654,0.526603233916179,1,2361.27236619142,0.163446386146546
"982","ABL2",0.4687193923898,0.957519123629333,0.525162933010329,1,2361.27236619142,0.12494811310628
"2598","DZIP1L",0.468811342811027,0.957550985373467,0.524945742189628,1,2361.27236619142,-0.352860543891781
"6329","ITPRIP",0.468946025080604,0.957670102676412,0.524627740558246,1,2361.27236619142,-0.273975681879366
"11297","ZNF773",0.469252993970956,0.957918574507999,0.523903497510891,1,2361.27236619142,0.4325783463891
"6162","FUT11",0.469330473979826,0.957918574507999,0.523720816554274,1,2361.27236619142,0.20849692853157
"9444","MYO1C",0.469584110914873,0.957918574507999,0.523123135438086,1,2361.27236619142,-0.305821854412065
"12226","HDAC6",0.469597577824533,0.957918574507999,0.523091415957726,1,2361.27236619142,0.254701551035207
"12365","BEX3",0.469627798575901,0.957918574507999,0.52302024040583,1,2361.27236619142,-0.12798893642154
"9630","DRG2",0.469709483007646,0.957918574507999,0.522827895118189,1,2361.27236619142,0.300690278434651
"7909","GPALPP1",0.469779361753938,0.957918574507999,0.522663391858726,1,2361.27236619142,0.210829720363354
"4704","HGF",0.469811841713974,0.957918574507999,0.522586943410722,1,2361.27236619142,0.37536563668121
"8398","SETD3",0.469848102236138,0.957918574507999,0.522501606668669,1,2361.27236619142,0.122209939008052
"12091","SCO2",0.469907118204146,0.957918574507999,0.522362739173667,1,2361.27236619142,-0.116987940479294
"6474","ZNF195",0.469907907692625,0.957918574507999,0.522360881658645,1,2361.27236619142,-0.31205100787651
"5664","HABP4",0.470136958065682,0.958080512513917,0.521822182330653,1,2361.27236619142,-0.983398084664527
"47","WRAP73",0.470140138267335,0.958080512513917,0.52181470585048,1,2361.27236619142,-0.424618264830307
"8554","PDIA3",0.470571900447144,0.958524955521717,0.520800412940845,1,2361.27236619142,0.112091435954892
"5858","FAM78A",0.470609215540311,0.958524955521717,0.520712823022089,1,2361.27236619142,0.195298637760159
"5795","RPL12",0.470629180481513,0.958524955521717,0.520665963808572,1,2361.27236619142,0.065349078633623
"4729","RBM48",0.470663956311517,0.958524955521717,0.520584349985687,1,2361.27236619142,-0.343522033215495
"8360","CALM1",0.471156767301476,0.959372790830948,0.519428839183286,1,2361.27236619142,-0.0742891196458416
"2228","POMGNT2",0.471296331668698,0.959439278088755,0.519101952259422,1,2361.27236619142,-0.576449163911673
"5587","KLF9",0.47134820269401,0.959439278088755,0.518980500059688,1,2361.27236619142,0.186024456871509
"7549","RAB21",0.471526727334618,0.959439278088755,0.518562662664563,1,2361.27236619142,0.114241171874247
"9544","TMEM256",0.471562973738647,0.959439278088755,0.518477859068388,1,2361.27236619142,-0.221326015279149
"9960","MKS1",0.471577963723485,0.959439278088755,0.51844279095379,1,2361.27236619142,-0.964990353413333
"7267","CDKN1B",0.471648445053598,0.959439278088755,0.518277928511638,1,2361.27236619142,-0.202611039965431
"11000","ZNF576",0.471777578161207,0.959441872833398,0.517975977323758,1,2361.27236619142,0.327866767970778
"7951","CKAP2",0.471986526404177,0.959441872833398,0.51748767771706,1,2361.27236619142,-0.276408347897889
"2632","CPB1",0.4720424875391,0.959441872833398,0.517356959202306,1,2361.27236619142,-0.565152793389926
"3321","RICTOR",0.472132992454787,0.959441872833398,0.517145603573627,1,2361.27236619142,0.0941646423576791
"11825","TBX1",0.472230093339411,0.959441872833398,0.516918917260093,1,2361.27236619142,-0.696215549763223
"10652","NFIX",0.472242430806889,0.959441872833398,0.516890120293877,1,2361.27236619142,-1.0476865962471
"6984","AMOTL1",0.472359297174436,0.959441872833398,0.516617402062584,1,2361.27236619142,0.932268910034915
"119","CASP9",0.47238940657162,0.959441872833398,0.516547156745627,1,2361.27236619142,-0.371991379748077
"12394","SLC25A5",0.472411042706505,0.959441872833398,0.516496684048473,1,2361.27236619142,0.150804115875488
"8895","EME2",0.472414764751314,0.959441872833398,0.516488001652841,1,2361.27236619142,-0.576363065922005
"6018","NEBL",0.472611408296778,0.959593430271963,0.516029449566381,1,2361.27236619142,-10
"5869","GTF3C4",0.47264242235786,0.959593430271963,0.51595715622251,1,2361.27236619142,-0.399184357480463
"11077","CCDC9",0.47286426629096,0.959888436962598,0.51544026492578,1,2361.27236619142,-0.457324270236312
"7882","EXOSC8",0.472963053067985,0.959933589338988,0.515210220313245,1,2361.27236619142,-0.228661765592903
"9648","ALDH3A2",0.473126408352957,0.96010882448202,0.514829985793514,1,2361.27236619142,0.188069783005908
"2895","LCORL",0.47320257971408,0.96010882448202,0.51465275793667,1,2361.27236619142,-0.105777854064039
"3637","DELE1",0.473285525162165,0.96010882448202,0.514459821374343,1,2361.27236619142,-0.27251090085982
"3647","RBM27",0.473355622499986,0.96010882448202,0.514296813069645,1,2361.27236619142,0.137944167274584
"1679","POLR1B",0.473563148457469,0.960249131375826,0.513814449759765,1,2361.27236619142,0.468367667456009
"3617","SLC35A4",0.473610511889289,0.960249131375826,0.513704408506343,1,2361.27236619142,0.226383662055027
"11641","LSM14B",0.473711385040881,0.960249131375826,0.51347010554635,1,2361.27236619142,-0.297841889653407
"11222","LENG1",0.473792276576126,0.960249131375826,0.513282273295042,1,2361.27236619142,0.221314463116751
"3628","PCDHGA6",0.474027330896003,0.960249131375826,0.512736766057466,1,2361.27236619142,0.876923598264754
"1486","MEIS1",0.474033390603063,0.960249131375826,0.51272270866706,1,2361.27236619142,-10
"3032","SEC31A",0.474159743428783,0.960249131375826,0.512429660076377,1,2361.27236619142,0.107724411666459
"405","MMACHC",0.47420971919859,0.960249131375826,0.512313786840822,1,2361.27236619142,0.701909528265247
"4530","STK31",0.474366835915784,0.960249131375826,0.511949626912783,1,2361.27236619142,0.933765405598573
"6770","PPP2R5B",0.474375406537774,0.960249131375826,0.511929767839552,1,2361.27236619142,-0.386701763865931
"9449","RILP",0.474433025469934,0.960249131375826,0.511796273558461,1,2361.27236619142,0.178642123400689
"12075","ZBED4",0.474504453893661,0.960249131375826,0.511630821324088,1,2361.27236619142,0.241679997782418
"9259","TRADD",0.474588767316869,0.960249131375826,0.511435575130342,1,2361.27236619142,-0.217839327115773
"8477","AVEN",0.474669843709197,0.960249131375826,0.511247878105827,1,2361.27236619142,-0.336341285424946
"4513","ABCB5",0.474734798910484,0.960249131375826,0.511097540229915,1,2361.27236619142,0.935452687271979
"11563","TNNC2",0.474862749805443,0.960249131375826,0.510801497437207,1,2361.27236619142,1.22201438886862
"7053","BUD13",0.474896374694247,0.960249131375826,0.510723720294751,1,2361.27236619142,-0.367995196859753
"3949","PRRC2A",0.474906798804598,0.960249131375826,0.510699610284063,1,2361.27236619142,-0.180147030403789
"3514","PGGT1B",0.475225566996279,0.960249131375826,0.509962743697801,1,2361.27236619142,0.152047251887001
"6622","PHF21A",0.475234270626702,0.960249131375826,0.509942635596934,1,2361.27236619142,0.0911048458542222
"3175","MMAA",0.475247796165368,0.960249131375826,0.509911388572102,1,2361.27236619142,0.320223121570589
"1847","NUP35",0.475367106791066,0.960249131375826,0.509635816905353,1,2361.27236619142,0.467424854833726
"4944","MKRN1",0.475457694222117,0.960249131375826,0.509426662275309,1,2361.27236619142,0.133478749703982
"2693","EIF5A2",0.47547437228347,0.960249131375826,0.509388161857988,1,2361.27236619142,-0.579964825577727
"10516","TEX45",0.475477680562905,0.960249131375826,0.509380525131945,1,2361.27236619142,-10
"10596","DOCK6",0.475479489813188,0.960249131375826,0.509376348753222,1,2361.27236619142,-10
"4520","TOMM7",0.475492154201728,0.960249131375826,0.509347115664698,1,2361.27236619142,0.0869292615875711
"4317","VNN3",0.475651148080953,0.960415560792663,0.508980219307967,1,2361.27236619142,0.515021808996187
"1170","JMJD4",0.475931498262502,0.960826934917908,0.508333765386064,1,2361.27236619142,-0.449216207855899
"10371","PLPPR3",0.476084067329064,0.960850238395428,0.507982219729918,1,2361.27236619142,1.22201438554596
"9369","MPHOSPH6",0.476096274730021,0.960850238395428,0.507954099679169,1,2361.27236619142,-0.167288723922548
"1559","CTNNA2",0.476343541032936,0.961020215174334,0.507384768218082,1,2361.27236619142,1.21157512918166
"6059","ZNF33A",0.476407038512385,0.961020215174334,0.507238642723326,1,2361.27236619142,-0.136362453641339
"4627","PHKG1",0.476539016934346,0.961020215174334,0.506935024860019,1,2361.27236619142,-0.450256733053752
"4564","DPY19L1",0.476594166747406,0.961020215174334,0.506808192664851,1,2361.27236619142,0.270365626746963
"8267","SLC10A1",0.476616188224744,0.961020215174334,0.506757554888572,1,2361.27236619142,0.83261936958513
"4333","PEX7",0.476640278955774,0.961020215174334,0.506702163287012,1,2361.27236619142,-0.341432240489028
"1232","ZBTB18",0.476856977197875,0.961093728285965,0.506204115978133,1,2361.27236619142,0.309064571281903
"5264","NBN",0.476901661610367,0.961093728285965,0.506101461658528,1,2361.27236619142,-0.170939563531469
"9945","MMD",0.476915158223129,0.961093728285965,0.506070458725813,1,2361.27236619142,0.143695840770518
"11104","BCAT2",0.477252333689025,0.961093728285965,0.505296400373165,1,2361.27236619142,0.381328932118818
"8848","TM2D3",0.477348241339527,0.961093728285965,0.50507638676815,1,2361.27236619142,0.196006330278305
"7520","RASSF3",0.477371390839601,0.961093728285965,0.505023292267218,1,2361.27236619142,-0.110323941068131
"468","USP24",0.477445468499351,0.961093728285965,0.504853419787357,1,2361.27236619142,-0.154587892536606
"4220","NDUFAF4",0.477458354687498,0.961093728285965,0.504823873990783,1,2361.27236619142,-0.394940174081849
"11821","HIRA",0.477646618498324,0.961093728285965,0.50439236602413,1,2361.27236619142,0.186164489113471
"8204","EXOC5",0.477713287338907,0.961093728285965,0.504239625001332,1,2361.27236619142,-0.141926484029597
"10080","UNC13D",0.477720416927998,0.961093728285965,0.50422329288252,1,2361.27236619142,-0.200534800793344
"3081","LAMTOR3",0.477759940632646,0.961093728285965,0.504132761102755,1,2361.27236619142,0.181699248630658
"6358","RAB11FIP2",0.47776377456218,0.961093728285965,0.504123979872457,1,2361.27236619142,0.190689695741585
"6064","RET",0.477807100437822,0.961093728285965,0.504024754303674,1,2361.27236619142,1.20147253103042
"5039","PRAG1",0.477826281465831,0.961093728285965,0.503980830317379,1,2361.27236619142,-0.289192347049294
"7704","DDX54",0.477903339693852,0.96109457714891,0.50380439826794,1,2361.27236619142,-0.30616907306392
"7061","BACE1",0.478021596834613,0.961110962312111,0.503533727771289,1,2361.27236619142,-0.289422288609569
"8223","TRMT5",0.47810128091444,0.961110962312111,0.503351406119975,1,2361.27236619142,-0.456286772586969
"8069","C14orf119",0.478282268044398,0.961110962312111,0.50293748175582,1,2361.27236619142,0.141886573218468
"10491","VMAC",0.47846637225425,0.961110962312111,0.502516691018797,1,2361.27236619142,0.458980135116641
"1848","ZNF804A",0.478493629058643,0.961110962312111,0.502454415035969,1,2361.27236619142,0.160058694770199
"191","NIPAL3",0.478523338368512,0.961110962312111,0.502386542205776,1,2361.27236619142,-0.298888006218656
"9798","TOP2A",0.478569173917985,0.961110962312111,0.50228184145411,1,2361.27236619142,-10
"8028","CDC16",0.478646196649966,0.961110962312111,0.502105937685325,1,2361.27236619142,-0.189673102403374
"3424","POLK",0.478680274060197,0.961110962312111,0.502028126792664,1,2361.27236619142,-0.132756390285902
"3584","TGFBI",0.47872344014926,0.961110962312111,0.501929576203928,1,2361.27236619142,0.0603924244601786
"11056","QPCTL",0.478754499765868,0.961110962312111,0.50185867435583,1,2361.27236619142,0.31976331113615
"9881","PLEKHM1",0.478901695110249,0.961252586167994,0.501522764049008,1,2361.27236619142,0.152242704496769
"3216","CPE",0.478979375045117,0.961254655535415,0.501345560947774,1,2361.27236619142,-10
"8885","C16orf91",0.479393407054803,0.961931634859885,0.500401865732829,1,2361.27236619142,-0.41023196826818
"3079","TRMT10A",0.479586674214524,0.961973112905913,0.499961812190665,1,2361.27236619142,-0.707760649878632
"7340","ZCRB1",0.47969881748977,0.961973112905913,0.499706604223657,1,2361.27236619142,0.146732476979923
"7171","TSPAN9",0.479720155895839,0.961973112905913,0.499658054809537,1,2361.27236619142,0.854646087004597
"1194","GNPAT",0.479720903286307,0.961973112905913,0.499656354401313,1,2361.27236619142,0.190904659967149
"2981","UBA6",0.479865319351024,0.96205599892993,0.499327870928158,1,2361.27236619142,-0.115991187140458
"5155","HTRA4",0.47991566296991,0.96205599892993,0.499213399250756,1,2361.27236619142,0.619361537406435
"473","JUN",0.480177838292926,0.962356191404718,0.498617581073946,1,2361.27236619142,-0.194415330309486
"3043","CDS1",0.480255158656042,0.962356191404718,0.498441965055202,1,2361.27236619142,0.71558056195857
"5639","NOL8",0.48029562251831,0.962356191404718,0.498350078861517,1,2361.27236619142,0.169166943055371
"10154","HGS",0.480504650801387,0.962451569158017,0.497875615098989,1,2361.27236619142,0.175346841720513
"3804","GMDS",0.480952988358584,0.962451569158017,0.496859095153173,1,2361.27236619142,-0.227693134052591
"6308","SUFU",0.481053565696751,0.962451569158017,0.496631268747481,1,2361.27236619142,0.141885523456856
"6281","SLF2",0.481150821864596,0.962451569158017,0.496411039769444,1,2361.27236619142,0.14315561538961
"10988","ERF",0.481181567664423,0.962451569158017,0.496341433517889,1,2361.27236619142,-0.359918452700162
"12207","USP11",0.481296694629679,0.962451569158017,0.496080859317627,1,2361.27236619142,0.212372306676877
"9518","TXNDC17",0.48152505127977,0.962451569158017,0.495564307962161,1,2361.27236619142,-0.129080502801109
"12239","MAGIX",0.481533906797075,0.962451569158017,0.495544284554037,1,2361.27236619142,0.825864180381642
"2456","SENP7",0.481571936775726,0.962451569158017,0.495458300997373,1,2361.27236619142,0.154203547466482
"10648","FARSA",0.481724650330675,0.962451569158017,0.495113136922199,1,2361.27236619142,-0.240879236249905
"2461","CEP97",0.481738029253,0.962451569158017,0.495082906370827,1,2361.27236619142,0.401774622516881
"4554","NOD1",0.481742357207907,0.962451569158017,0.495073127368618,1,2361.27236619142,-0.201745412060398
"9874","PLCD3",0.481888672914225,0.962451569158017,0.494742612379116,1,2361.27236619142,-0.931234862099617
"6101","ANK3",0.4820001485624,0.962451569158017,0.494490908893684,1,2361.27236619142,-10
"12008","RPS19BP1",0.482030923658544,0.962451569158017,0.494421437940934,1,2361.27236619142,-0.123334370632333
"3155","NAA15",0.48223148886043,0.962451569158017,0.493968865554443,1,2361.27236619142,0.194306780790719
"1650","IL1R1",0.482301570668744,0.962451569158017,0.493810799988771,1,2361.27236619142,-0.240736097586108
"1204","MAP3K21",0.482331165141235,0.962451569158017,0.493744062672593,1,2361.27236619142,-0.739131718086011
"274","EIF3I",0.482584458207402,0.962451569158017,0.493173147074715,1,2361.27236619142,0.177776484819204
"1759","CACNB4",0.482657163790463,0.962451569158017,0.493009361785205,1,2361.27236619142,0.569059518614532
"6619","CRY2",0.482838907629391,0.962451569158017,0.492600121501089,1,2361.27236619142,0.268711020001154
"9118","DOC2A",0.482896911148797,0.962451569158017,0.492469565915164,1,2361.27236619142,0.430211401534332
"1492","CNRIP1",0.4829567550643,0.962451569158017,0.4923348949921,1,2361.27236619142,-0.246032643525169
"8624","ADAM10",0.483070219744041,0.962451569158017,0.492079632983759,1,2361.27236619142,0.0939370906164999
"10623","ZNF136",0.48311266860519,0.962451569158017,0.491984160973187,1,2361.27236619142,-0.25186800925769
"693","GPR89A",0.483224320143297,0.962451569158017,0.491733110744209,1,2361.27236619142,0.429993809013651
"4422","MPC1",0.483268747831723,0.962451569158017,0.491633240974614,1,2361.27236619142,-0.162754512551635
"6698","PPP1R32",0.483281258914366,0.962451569158017,0.491605119825728,1,2361.27236619142,-0.9463024926391
"4917","AKR1B1",0.483313361090904,0.962451569158017,0.491532969281708,1,2361.27236619142,-0.169365822243272
"674","PTGFRN",0.483496329601738,0.962451569158017,0.491121893172292,1,2361.27236619142,0.226422165447854
"7311","MRPS35",0.483518129487403,0.962451569158017,0.491072932376092,1,2361.27236619142,0.207942697777511
"3455","ATG10",0.48355983633545,0.962451569158017,0.490979272279048,1,2361.27236619142,-0.193334037321405
"8518","INO80",0.483597915955952,0.962451569158017,0.490893769393905,1,2361.27236619142,0.153757810582956
"498","SERBP1",0.483625428572156,0.962451569158017,0.490832000264231,1,2361.27236619142,-0.0976656450437386
"2591","PPP2R3A",0.483637016915492,0.962451569158017,0.490805984775118,1,2361.27236619142,-0.264272781834904
"6930","UVRAG",0.483708259394447,0.962451569158017,0.490646070093587,1,2361.27236619142,-0.0905523599529942
"11002","ZNF428",0.483744362423091,0.962451569158017,0.490565046132238,1,2361.27236619142,-0.212229215817357
"5723","PTBP3",0.483746525371128,0.962451569158017,0.490560192268379,1,2361.27236619142,-0.0865721889547046
"3435","TBCA",0.483846236213045,0.962451569158017,0.490336470385248,1,2361.27236619142,0.0930302490143258
"11802","XKR3",0.484133727973514,0.962451569158017,0.489691848804358,1,2361.27236619142,-10
"6311","SFXN2",0.484261560157006,0.962451569158017,0.489405422980635,1,2361.27236619142,-0.582161770420843
"2348","ALAS1",0.484282345485353,0.962451569158017,0.489358862352056,1,2361.27236619142,-0.224159935187533
"6518","DENND5A",0.484289103234371,0.962451569158017,0.489343725219477,1,2361.27236619142,-0.176360012825673
"4005","HSD17B8",0.484317189400115,0.962451569158017,0.489280816880486,1,2361.27236619142,0.459900801056729
"395","BTBD19",0.484334037140802,0.962451569158017,0.489243083634076,1,2361.27236619142,0.451454712515744
"5193","TGS1",0.484362716465589,0.962451569158017,0.489178856621157,1,2361.27236619142,-0.199806042784448
"980","FAM20B",0.484386085875852,0.962451569158017,0.48912652574245,1,2361.27236619142,-0.31293681082414
"2059","GPR35",0.484415959547758,0.962451569158017,0.489059636008289,1,2361.27236619142,0.261803015478193
"9856","LSM12",0.484538808899314,0.962451569158017,0.488784637277971,1,2361.27236619142,0.145788324667864
"8341","CEP128",0.484716267990822,0.962451569158017,0.48838759770322,1,2361.27236619142,-0.199914217391268
"7394","METTL7A",0.484720065501984,0.962451569158017,0.488379103934352,1,2361.27236619142,0.132153217061596
"9108","PAGR1",0.484724503136218,0.962451569158017,0.488369178562471,1,2361.27236619142,-0.224342889886627
"3837","GCNT2",0.484820703014148,0.962451569158017,0.488154051363242,1,2361.27236619142,-0.144325676445088
"8121","NUBPL",0.484890060385153,0.962451569158017,0.487998994535994,1,2361.27236619142,0.239609393807043
"9013","RRN3",0.484906256187654,0.962451569158017,0.487962792130873,1,2361.27236619142,-0.27269013793364
"11343","ZCCHC3",0.484931199872346,0.962451569158017,0.487907039532436,1,2361.27236619142,0.376470636926649
"7938","TRIM13",0.485000731536523,0.962451569158017,0.487751651627662,1,2361.27236619142,0.169472725589347
"6002","PTER",0.485023764445738,0.962451569158017,0.487700186283951,1,2361.27236619142,0.181488990558031
"5150","NSD3",0.485040584592008,0.962451569158017,0.487662605454937,1,2361.27236619142,0.101173506347955
"5910","NOTCH1",0.485052106726522,0.962451569158017,0.487636863083398,1,2361.27236619142,0.227490743586008
"8464","AC091057.6",0.485085966505534,0.962451569158017,0.487561220535709,1,2361.27236619142,-0.923959109681087
"12059","PRR5",0.485101376975347,0.962451569158017,0.487526796526834,1,2361.27236619142,-0.217979785627403
"8453","SNRPN",0.485258042391756,0.962610109084943,0.487176938882815,1,2361.27236619142,-0.148063754984348
"7614","SYCP3",0.4853662856549,0.962672558658564,0.486935324341031,1,2361.27236619142,0.817016785728469
"3289","OTULIN",0.485505698930684,0.96279680112108,0.486624265129383,1,2361.27236619142,0.171859382280566
"11041","MARK4",0.485713118845894,0.962904584658518,0.486161742743335,1,2361.27236619142,0.200020257276608
"12512","VAMP7",0.485853019022819,0.962904584658518,0.485849966096437,1,2361.27236619142,-0.220841011419159
"3620","TMCO6",0.485862043470059,0.962904584658518,0.485829859630639,1,2361.27236619142,-0.955618032617781
"5350","FBXO32",0.485867172611363,0.962904584658518,0.485818432180863,1,2361.27236619142,0.297453983523736
"2826","TACC3",0.486259968152974,0.96315736751651,0.48494389788724,1,2361.27236619142,-0.210809618104742
"4543","TAX1BP1",0.486445343547678,0.96315736751651,0.484531577661962,1,2361.27236619142,-0.0852930768865737
"6421","SCART1",0.486530287509404,0.96315736751651,0.484342728486362,1,2361.27236619142,0.579108246195827
"591","RTCA",0.486875614634342,0.96315736751651,0.483575552440681,1,2361.27236619142,0.171884318851758
"5460","PLPP6",0.486913676772772,0.96315736751651,0.483491049090179,1,2361.27236619142,0.664444412147152
"8318","ERG28",0.486938800367801,0.96315736751651,0.483435277144529,1,2361.27236619142,0.39122312031067
"241","SESN2",0.487005300733339,0.96315736751651,0.483287675811734,1,2361.27236619142,-0.21552032228041
"5983","NUDT5",0.487094262837866,0.96315736751651,0.483090271644257,1,2361.27236619142,0.178092139713937
"5288","MTERF3",0.487164210151378,0.96315736751651,0.482935102708271,1,2361.27236619142,-0.438721230600259
"8816","NGRN",0.487224915953066,0.96315736751651,0.482800464812245,1,2361.27236619142,0.192967455023138
"7868","HSPH1",0.487295827536618,0.96315736751651,0.482643227009888,1,2361.27236619142,-0.153673494755167
"4621","ZNF713",0.487303417516818,0.96315736751651,0.482626399402567,1,2361.27236619142,-0.590192225799157
"2944","GUF1",0.487309196757404,0.96315736751651,0.482613586644865,1,2361.27236619142,0.263439921282739
"9185","NETO2",0.487328670389858,0.96315736751651,0.482570414847189,1,2361.27236619142,-0.47921837440035
"3561","SHROOM1",0.487377102801855,0.96315736751651,0.482463055701961,1,2361.27236619142,0.669968085780193
"3553","PDLIM4",0.487388630678869,0.96315736751651,0.482437504699728,1,2361.27236619142,0.58623452191695
"4176","SENP6",0.487413240080989,0.96315736751651,0.482382962462927,1,2361.27236619142,0.100259119263216
"9746","CCL18",0.487470385984455,0.96315736751651,0.482256326654302,1,2361.27236619142,-0.313482838566009
"9408","APRT",0.487726191613903,0.96315736751651,0.481689761165499,1,2361.27236619142,0.115951647892838
"12254","TSPYL2",0.487731026705696,0.96315736751651,0.481679057020119,1,2361.27236619142,-0.432232333630739
"3896","ZNF184",0.487788464847929,0.96315736751651,0.481551911338437,1,2361.27236619142,0.494217378505942
"4149","KIAA1586",0.488021851447333,0.96315736751651,0.481035540009408,1,2361.27236619142,-0.309555391261545
"11686","SAMSN1",0.488242753591987,0.96315736751651,0.480547168577602,1,2361.27236619142,-0.0740470650765192
"8159","POLE2",0.488325431699261,0.96315736751651,0.480364477897757,1,2361.27236619142,0.566783574878686
"7674","GPN3",0.488363070748633,0.96315736751651,0.480281325349917,1,2361.27236619142,0.219662101278636
"10842","SCN1B",0.488369017634834,0.96315736751651,0.480268188406792,1,2361.27236619142,-0.326803237184469
"6052","NRP1",0.488488534697073,0.96315736751651,0.480004226138564,1,2361.27236619142,-0.0897145798153121
"10037","SLC39A11",0.488597795052539,0.96315736751651,0.479763010520005,1,2361.27236619142,0.108079996053908
"3494","PAM",0.488668723247192,0.96315736751651,0.47960646937083,1,2361.27236619142,0.142258295398807
"11324","ZNF8",0.488783495433446,0.96315736751651,0.479353242962504,1,2361.27236619142,0.388047466580172
"3312","IL7R",0.488785235044714,0.96315736751651,0.479349405550551,1,2361.27236619142,0.426374896256464
"357","CTPS1",0.488829044940347,0.96315736751651,0.4792527727066,1,2361.27236619142,-0.927035444815147
"2690","PRKCI",0.488916756696827,0.96315736751651,0.479059347471451,1,2361.27236619142,-0.238972843847115
"1023","RGS2",0.488927227734426,0.96315736751651,0.47903626020746,1,2361.27236619142,0.151020636312885
"5620","NAA35",0.488970355951339,0.96315736751651,0.478941176822357,1,2361.27236619142,-0.203136262910287
"606","AKNAD1",0.489079979805177,0.96315736751651,0.47869955547996,1,2361.27236619142,0.335981348797778
"5265","DECR1",0.489141008404811,0.96315736751651,0.478565081736451,1,2361.27236619142,-0.08711053460803
"7152","SLC6A12",0.489436672545544,0.96315736751651,0.477913994576652,1,2361.27236619142,-0.693909705556773
"8893","NME3",0.48958939643873,0.96315736751651,0.47757793516646,1,2361.27236619142,-0.16008582581606
"2830","NELFA",0.489597335479817,0.96315736751651,0.477560470576888,1,2361.27236619142,-0.287577605580725
"8011","ANKRD10",0.489666434650157,0.96315736751651,0.477408483649329,1,2361.27236619142,-0.127899497915804
"4139","PAQR8",0.489713563430455,0.96315736751651,0.477304842144719,1,2361.27236619142,0.289426986889533
"1707","TSN",0.48975479902902,0.96315736751651,0.47721417404557,1,2361.27236619142,-0.227393061970326
"9462","SGSM2",0.489946607023249,0.96315736751651,0.47679259724349,1,2361.27236619142,-0.225631966479785
"3049","C4orf36",0.489981420229289,0.96315736751651,0.4767161104331,1,2361.27236619142,-0.688052208120514
"3042","GPAT3",0.489991481054328,0.96315736751651,0.476694007853304,1,2361.27236619142,0.239221089996359
"9931","SPATA20",0.490104620671682,0.96315736751651,0.476445504048682,1,2361.27236619142,-0.278352321333911
"9217","MT1F",0.4902063943766,0.96315736751651,0.476222046454875,1,2361.27236619142,0.279049214893071
"8731","SIN3A",0.490449393723414,0.96315736751651,0.475688822192072,1,2361.27236619142,-0.1995636302405
"7507","AVIL",0.490540638316774,0.96315736751651,0.475488713953921,1,2361.27236619142,-0.704658255775259
"3447","SERINC5",0.490645374640367,0.96315736751651,0.475259093612277,1,2361.27236619142,-0.17441125770863
"12161","RPS6KA3",0.490774354496708,0.96315736751651,0.474976434979796,1,2361.27236619142,-0.126150350880108
"10365","BSG",0.490775362621572,0.96315736751651,0.474974226168299,1,2361.27236619142,-0.106379500487962
"2730","AP2M1",0.490808701296192,0.96315736751651,0.474901185071848,1,2361.27236619142,-0.0862953356071582
"2157","ZNF385D",0.49086743616934,0.96315736751651,0.474772524058361,1,2361.27236619142,-1.11866184910634
"6376","TACC2",0.490886324526857,0.96315736751651,0.474731153843,1,2361.27236619142,1.2812483369843
"6392","ZRANB1",0.491243593197347,0.96315736751651,0.473949146792521,1,2361.27236619142,-0.172971718335177
"3657","PCYOX1L",0.491305248679013,0.96315736751651,0.473814288410948,1,2361.27236619142,-0.926428126372532
"3227","SAP30",0.491330752552365,0.96315736751651,0.473758512328332,1,2361.27236619142,-0.203188911946605
"3936","VARS2",0.491350762627217,0.96315736751651,0.473714754379191,1,2361.27236619142,0.456251017654748
"5987","OPTN",0.491486499259406,0.96315736751651,0.473418004687504,1,2361.27236619142,-0.215999364066401
"9425","TCF25",0.491553824973592,0.96315736751651,0.473270866912897,1,2361.27236619142,0.0762615825324181
"10066","GGA3",0.491570209371428,0.96315736751651,0.47323506453538,1,2361.27236619142,0.158007269326457
"8220","DHRS7",0.491650349314776,0.96315736751651,0.473059975431038,1,2361.27236619142,0.150604383543664
"3814","PSMG4",0.491794817363284,0.96315736751651,0.472744463341837,1,2361.27236619142,-0.359682167529249
"7020","C11orf65",0.491846817163939,0.96315736751651,0.472630935922484,1,2361.27236619142,-0.715918050663356
"6961","CREBZF",0.492096026866451,0.96315736751651,0.472087132936745,1,2361.27236619142,-0.233992608542798
"11728","ATP5PO",0.492225330707101,0.96315736751651,0.471805159293743,1,2361.27236619142,0.119973003037065
"6570","CCDC34",0.492290322558932,0.96315736751651,0.471663478000187,1,2361.27236619142,-0.716534951059136
"2726","PARL",0.492361616851557,0.96315736751651,0.471508093490392,1,2361.27236619142,0.108746030131124
"7835","EEF1AKMT1",0.492361852438748,0.96315736751651,0.471507580095187,1,2361.27236619142,-0.413994253351763
"1139","AIDA",0.49240585100701,0.96315736751651,0.471411704954598,1,2361.27236619142,-0.142217759089173
"264","PEF1",0.492408583171121,0.96315736751651,0.471405751901691,1,2361.27236619142,0.180676117442404
"7687","BRAP",0.492412338589747,0.96315736751651,0.471397569392056,1,2361.27236619142,-0.198695845703892
"5891","WDR5",0.492536680323203,0.96315736751651,0.471126705884969,1,2361.27236619142,0.299708961077292
"4507","SNX13",0.492661877821186,0.96315736751651,0.47085409388921,1,2361.27236619142,0.103094259461035
"223","SLC9A1",0.492708790456459,0.96315736751651,0.470751973596444,1,2361.27236619142,0.289580901107285
"6099","BICC1",0.492816760764391,0.96315736751651,0.470517003714414,1,2361.27236619142,-10
"5407","FAM83H",0.492907871627587,0.96315736751651,0.470318791222199,1,2361.27236619142,0.652305431805651
"6278","SEC31B",0.492965969424712,0.96315736751651,0.470192431007381,1,2361.27236619142,-0.327554321458757
"314","EVA1B",0.493075142606413,0.96315736751651,0.469955051537746,1,2361.27236619142,0.131983054829123
"3851","GFOD1",0.493319242877674,0.96315736751651,0.469424613535424,1,2361.27236619142,-0.278033641984931
"11950","APOL2",0.493469206481256,0.96315736751651,0.469098955877076,1,2361.27236619142,-0.208347625548037
"2206","WDR48",0.493495448862043,0.96315736751651,0.469041985568746,1,2361.27236619142,0.187149365689276
"7018","NPAT",0.493521989174143,0.96315736751651,0.468984373642545,1,2361.27236619142,0.182479114250458
"11906","ZMAT5",0.493658053384441,0.96315736751651,0.46868909622212,1,2361.27236619142,0.258702329984681
"11215","MYADM",0.493680806836712,0.96315736751651,0.468639731535454,1,2361.27236619142,-0.481009221355261
"10863","ARHGAP33",0.493711837497839,0.96315736751651,0.468572415208714,1,2361.27236619142,-10
"7802","TMEM132D",0.49371337650774,0.96315736751651,0.468569076744301,1,2361.27236619142,-10
"11873","ADORA2A",0.493714353552479,0.96315736751651,0.468566957319897,1,2361.27236619142,-10
"11108","TULP2",0.49371793085219,0.96315736751651,0.468559197432028,1,2361.27236619142,-10
"10366","HCN2",0.493719215605531,0.96315736751651,0.468556410564762,1,2361.27236619142,-10
"6130","TYSND1",0.493798587926841,0.96315736751651,0.468384260943896,1,2361.27236619142,0.379884401647486
"3658","CSNK1A1",0.493898370463036,0.96315736751651,0.468167909759636,1,2361.27236619142,-0.068991194985295
"6001","MINDY3",0.493980574980509,0.96315736751651,0.467989726834866,1,2361.27236619142,-0.191589230432659
"2685","MYNN",0.494048567733032,0.96315736751651,0.467842386330814,1,2361.27236619142,0.299092392866096
"7525","TMBIM4",0.494056284269172,0.96315736751651,0.467825666724897,1,2361.27236619142,-0.0997290248713149
"2822","MAEA",0.494188802088372,0.96315736751651,0.467538605579474,1,2361.27236619142,-0.141291861521751
"11409","ESF1",0.494290360957112,0.96315736751651,0.467318695463267,1,2361.27236619142,0.183929771457181
"839","LAMTOR2",0.494475835241408,0.96315736751651,0.46691727528205,1,2361.27236619142,0.0948478829605411
"891","TSTD1",0.494511962735868,0.96315736751651,0.466839114341917,1,2361.27236619142,-0.261212716782193
"1525","PRADC1",0.49453579882047,0.96315736751651,0.466787550817726,1,2361.27236619142,0.414554642994189
"10328","TNFRSF11A",0.494580427704803,0.96315736751651,0.466691018402324,1,2361.27236619142,0.200851701368739
"11877","KIAA1671",0.494595957642207,0.96315736751651,0.466657430533596,1,2361.27236619142,0.659343670855034
"3660","PPARGC1B",0.494627468187352,0.96315736751651,0.466589285542286,1,2361.27236619142,0.208160821723045
"4450","PSMG3",0.494703805498628,0.96315736751651,0.466424228032889,1,2361.27236619142,0.251170077531321
"9168","PRSS36",0.494705610368127,0.96315736751651,0.466420326039214,1,2361.27236619142,0.439351411529348
"12404","NKAP",0.494712179444286,0.96315736751651,0.466406124387036,1,2361.27236619142,0.177823458879474
"1389","CEBPZOS",0.494786059569621,0.96315736751651,0.466246425155691,1,2361.27236619142,-0.188757108901761
"3320","WDR70",0.494959158914127,0.96315736751651,0.465872410727134,1,2361.27236619142,-0.10313701324214
"2424","EBLN2",0.494960553127507,0.96315736751651,0.465869399154119,1,2361.27236619142,-0.677957080594746
"1976","TTLL4",0.495028773632307,0.96315736751651,0.465722056765543,1,2361.27236619142,0.245697450257392
"11314","ZNF417",0.495038108487285,0.96315736751651,0.465701898037898,1,2361.27236619142,-0.371663721434939
"7339","PPHLN1",0.49508723206717,0.96315736751651,0.465595825634251,1,2361.27236619142,-0.131508422412626
"5293","MTDH",0.495139106048241,0.96315736751651,0.465483833518813,1,2361.27236619142,0.0835673495059334
"4047","KCTD20",0.4951580880285,0.96315736751651,0.465442857751302,1,2361.27236619142,0.124173798881043
"4759","ZNF789",0.495237106056274,0.96315736751651,0.465272312572193,1,2361.27236619142,-0.333233727701002
"6027","OTUD1",0.495275333125541,0.96315736751651,0.465189823248322,1,2361.27236619142,-0.326581666056329
"5258","WWP1",0.495341154322558,0.96315736751651,0.465047814291741,1,2361.27236619142,-0.100246089076195
"3852","SIRT5",0.495412459103122,0.96315736751651,0.464894010366294,1,2361.27236619142,0.267086480386498
"3981","RNF5",0.495478964037721,0.96315736751651,0.46475059326138,1,2361.27236619142,0.18209716330001
"6257","PI4K2A",0.495486990477281,0.96315736751651,0.46473328653121,1,2361.27236619142,0.124462533940545
"12045","CYB5R3",0.495501951641687,0.96315736751651,0.464701028302574,1,2361.27236619142,-0.161620709239554
"4782","SPDYE3",0.495587992332132,0.96315736751651,0.464515545145118,1,2361.27236619142,0.818912545206791
"7383","RACGAP1",0.495594808435056,0.96315736751651,0.464500853574942,1,2361.27236619142,-0.282174331738733
"10636","DHPS",0.495909803533269,0.963585530096721,0.463822277664487,1,2361.27236619142,-0.261148365851524
"222","NUDC",0.495968790110385,0.963585530096721,0.463695286975649,1,2361.27236619142,-0.142851534570879
"589","LRRC39",0.496169223400214,0.963714687909548,0.463263969411861,1,2361.27236619142,-0.684149367673052
"4434","PSMB1",0.496232342898585,0.963714687909548,0.463128201739355,1,2361.27236619142,-0.095472555356935
"10804","ZNF675",0.496376370708263,0.963714687909548,0.462818512320626,1,2361.27236619142,0.227581850129443
"4563","BBS9",0.496380656214724,0.963714687909548,0.462809299921587,1,2361.27236619142,0.147986274475933
"9031","CLEC19A",0.496419494768813,0.963714687909548,0.462725816195178,1,2361.27236619142,1.22201441102627
"9296","SLC7A6",0.496741196338317,0.963752932412688,0.462034739904389,1,2361.27236619142,0.285429665320716
"1360","SPDYA",0.496780934345896,0.963752932412688,0.461949427487653,1,2361.27236619142,-0.565027130069046
"6086","ERCC6",0.49688222422836,0.963752932412688,0.461732023156431,1,2361.27236619142,0.177544098767027
"10577","TYK2",0.496904688079183,0.963752932412688,0.461683817828725,1,2361.27236619142,0.179745926999739
"1159","PYCR2",0.496931263414798,0.963752932412688,0.461626794388254,1,2361.27236619142,0.280801567624528
"422","MOB3C",0.497060606947293,0.963752932412688,0.461349331843144,1,2361.27236619142,-0.280741208168557
"4779","GAL3ST4",0.497092527531416,0.963752932412688,0.461280875843131,1,2361.27236619142,-0.446485024394306
"6553","SAAL1",0.497206692106299,0.963752932412688,0.461036102399063,1,2361.27236619142,0.449315224700281
"11842","MED15",0.497207951901651,0.963752932412688,0.461033401876598,1,2361.27236619142,0.128049263288839
"4654","BAZ1B",0.497307672120987,0.963752932412688,0.46081967628114,1,2361.27236619142,-0.110273569808731
"10992","LIPE",0.497379373663205,0.963752932412688,0.460666046516346,1,2361.27236619142,1.15352962305016
"10254","ZNF521",0.497380066648532,0.963752932412688,0.460664561888816,1,2361.27236619142,0.887628362359614
"8258","ZFP36L1",0.497438221155197,0.963752932412688,0.460539986158607,1,2361.27236619142,0.0841161904209009
"1419","LRPPRC",0.497596228468675,0.96391014847477,0.460201634878637,1,2361.27236619142,0.19163419758278
"12067","CDPF1",0.497683876302121,0.963931041344385,0.460014027190674,1,2361.27236619142,-0.658277863890736
"4034","ZNF76",0.497801470544514,0.963943901872595,0.459762407785347,1,2361.27236619142,0.211934128881137
"3843","SYCP2L",0.497895622486462,0.963943901872595,0.459561020899524,1,2361.27236619142,0.836839274219939
"8465","ARHGAP11B",0.497929894411576,0.963943901872595,0.459487730736354,1,2361.27236619142,-0.418261631548116
"10731","RPL18A",0.498298103500656,0.963943901872595,0.458700857277579,1,2361.27236619142,-0.0690799231985249
"12234","TFE3",0.498308610806887,0.963943901872595,0.458678417297692,1,2361.27236619142,0.166247544374222
"8859","RAB11FIP3",0.49839076300444,0.963943901872595,0.458502996157647,1,2361.27236619142,0.256651539378974
"8410","MOK",0.498587642515222,0.963943901872595,0.458082794746681,1,2361.27236619142,-0.707714321154044
"5684","ALG2",0.498657907283289,0.963943901872595,0.457932896138701,1,2361.27236619142,-0.293655020746676
"12466","ZNF185",0.498689729924728,0.963943901872595,0.457865019406077,1,2361.27236619142,0.283779635335295
"2077","CNTN4",0.498719329395814,0.963943901872595,0.457801891212544,1,2361.27236619142,1.14434898060655
"9288","LCAT",0.498767666445283,0.963943901872595,0.457698814139127,1,2361.27236619142,-0.656470799630784
"7550","TBC1D15",0.498819360674734,0.963943901872595,0.457588596717359,1,2361.27236619142,0.143521419321513
"12035","WBP2NL",0.498899849658014,0.963943901872595,0.457417024424121,1,2361.27236619142,0.338980196510328
"2017","PSMD1",0.498980690878183,0.963943901872595,0.45724474848886,1,2361.27236619142,-0.10386959874298
"3709","NUDCD2",0.499045453967919,0.963943901872595,0.457106769818648,1,2361.27236619142,0.19968995264645
"1863","HIBCH",0.499135915963062,0.963943901872595,0.456914090055068,1,2361.27236619142,-0.169336856827652
"8682","PIAS1",0.499139057019913,0.963943901872595,0.456907400815931,1,2361.27236619142,-0.0726641992853592
"3674","GPX3",0.499145481373868,0.963943901872595,0.456893719642985,1,2361.27236619142,0.20296828222627
"2438","MTRNR2L12",0.499199319144377,0.963943901872595,0.456779079555918,1,2361.27236619142,-0.0773387815938652
"6810","FOSL1",0.499283393336282,0.963943901872595,0.456600097101813,1,2361.27236619142,-0.406110542129725
"6642","CELF1",0.499304647680757,0.963943901872595,0.45655485760026,1,2361.27236619142,-0.091660265127418
"3035","COPS4",0.499561916255319,0.964170052126049,0.456007524770536,1,2361.27236619142,-0.204352652528094
"12156","ADGRG2",0.499575552086362,0.964170052126049,0.455978528200757,1,2361.27236619142,0.543068338501221
"12288","MSN",0.50000913850283,0.96417249507146,0.455057207116244,1,2361.27236619142,0.085911651117283
"10313","CCDC68",0.50003415788388,0.96417249507146,0.455004085195244,1,2361.27236619142,1.13543999414462
"3646","PLAC8L1",0.500036589511318,0.96417249507146,0.454998922529492,1,2361.27236619142,1.13544001729757
"180","ELOA",0.500063765792521,0.96417249507146,0.454941226600017,1,2361.27236619142,0.187451472539975
"8347","GALC",0.500079392640615,0.96417249507146,0.454908052818301,1,2361.27236619142,0.122920313697078
"5861","POMT1",0.500133747641286,0.96417249507146,0.454792677872931,1,2361.27236619142,-0.262531812401359
"1764","NR4A2",0.500203102721548,0.96417249507146,0.454645494386835,1,2361.27236619142,-0.33520178145443
"2339","RRP9",0.500437837762528,0.96417249507146,0.454147603041048,1,2361.27236619142,0.553128324477652
"9062","UBFD1",0.500457718271506,0.96417249507146,0.454105453150662,1,2361.27236619142,0.282092025276146
"1477","VPS54",0.500547246383706,0.96417249507146,0.453915674335794,1,2361.27236619142,0.111921355935536
"69","TNFRSF9",0.500703298867992,0.96417249507146,0.453585017146147,1,2361.27236619142,-0.667336773641454
"3413","FCHO2",0.500727819683771,0.96417249507146,0.453533076291616,1,2361.27236619142,0.0747069855584883
"4194","CEP162",0.500781597664987,0.96417249507146,0.453419177017246,1,2361.27236619142,-0.192159048852986
"6479","STIM1",0.500935826294624,0.96417249507146,0.453092643214106,1,2361.27236619142,-0.121623107569036
"6863","NDUFS8",0.501123164583337,0.96417249507146,0.452696239296319,1,2361.27236619142,-0.126213853795169
"12088","SBF1",0.501195577604503,0.96417249507146,0.452543082385036,1,2361.27236619142,0.303930656567552
"563","BTBD8",0.501302123834929,0.96417249507146,0.452317800577203,1,2361.27236619142,0.262658027664435
"3462","RASA1",0.50140073867096,0.96417249507146,0.452109361529255,1,2361.27236619142,0.0937557655660588
"3500","PJA2",0.501523548686978,0.96417249507146,0.451849879419676,1,2361.27236619142,-0.0864669142453089
"6165","NDST2",0.501540169238055,0.96417249507146,0.451814770595277,1,2361.27236619142,-0.240813161566912
"9768","CISD3",0.501583780148319,0.96417249507146,0.451722657446185,1,2361.27236619142,0.182510632951563
"12106","SLC25A6",0.501751661320166,0.96417249507146,0.45136819305825,1,2361.27236619142,0.114725024921908
"10726","PGLS",0.501795107938952,0.96417249507146,0.451276492738079,1,2361.27236619142,0.118096222064632
"12440","RTL8A",0.50180130807661,0.96417249507146,0.451263407560756,1,2361.27236619142,-0.329130252159263
"9635","MIEF2",0.501866523560272,0.96417249507146,0.451125789203215,1,2361.27236619142,0.547579852282933
"8039","ANG",0.501953205391236,0.96417249507146,0.450942919488889,1,2361.27236619142,-0.248325365094455
"8945","AC025283.2",0.501955513337521,0.96417249507146,0.450938051228217,1,2361.27236619142,0.632634946723896
"11068","FKRP",0.501991886938311,0.96417249507146,0.45086133170096,1,2361.27236619142,-0.545445421753922
"7706","IQCD",0.502015937261606,0.96417249507146,0.450810609742752,1,2361.27236619142,-0.32747954469938
"10071","TMEM94",0.502035018392024,0.96417249507146,0.450770370721573,1,2361.27236619142,-0.210922547100097
"4440","DNAAF5",0.502050556204841,0.96417249507146,0.450737605909501,1,2361.27236619142,-0.540221934559018
"6315","CNNM2",0.502097619103466,0.96417249507146,0.450638374231294,1,2361.27236619142,-0.24258548357086
"3619","NDUFA2",0.50213057066093,0.96417249507146,0.45056890561546,1,2361.27236619142,0.0905414233248622
"2217","ZNF621",0.502190793222771,0.96417249507146,0.450441964221208,1,2361.27236619142,-0.23918551210507
"1171","ARF1",0.502305393125685,0.964244900534091,0.450200474049272,1,2361.27236619142,-0.0868308034817692
"4906","UBE2H",0.502669681843087,0.964628638638718,0.449433451611785,1,2361.27236619142,-0.101349983813309
"9961","MPO",0.502873766782828,0.964628638638718,0.449004157953197,1,2361.27236619142,-0.902443754624855
"6925","RPS3",0.502954105845162,0.964628638638718,0.448835245879748,1,2361.27236619142,-0.0637497679535222
"8099","TINF2",0.503037232614724,0.964628638638718,0.448660521143804,1,2361.27236619142,-0.24187094130607
"1082","RHEX",0.503074704204775,0.964628638638718,0.44858177546124,1,2361.27236619142,-10
"10580","KEAP1",0.503091312197065,0.964628638638718,0.448546877350399,1,2361.27236619142,-0.248076370486376
"11706","TIAM1",0.503161383057211,0.964628638638718,0.44839966021343,1,2361.27236619142,0.150100765151045
"9814","KAT2A",0.503165290240357,0.964628638638718,0.448391452348902,1,2361.27236619142,0.378732103443602
"3598","HSPA9",0.503229394614263,0.964628638638718,0.448256803091085,1,2361.27236619142,-0.135742972409354
"10685","NOTCH3",0.503344764223583,0.964628638638718,0.448014546561927,1,2361.27236619142,-0.262670100404716
"11119","TRPM4",0.503351392333289,0.964628638638718,0.44800063154085,1,2361.27236619142,0.28551771876422
"6266","SLC25A28",0.503431916432302,0.964635548354088,0.447831604633772,1,2361.27236619142,0.169710506726733
"7897","NAA16",0.503552670298019,0.964719021544441,0.447578218572664,1,2361.27236619142,0.161519961597967
"885","CD84",0.503629330520011,0.964719021544441,0.447417411071719,1,2361.27236619142,0.0840532352783136
"6326","SFR1",0.503744703058304,0.964792657460933,0.447175476907475,1,2361.27236619142,0.350347019744973
"5028","FBXO25",0.503971061459564,0.964910012684471,0.446701082438685,1,2361.27236619142,-0.266269834990769
"3823","LYRM4",0.504014507958334,0.964910012684471,0.44661007036628,1,2361.27236619142,0.229278334800657
"4259","DDO",0.504096773869899,0.964910012684471,0.446437775822997,1,2361.27236619142,0.365113176558632
"1126","KCTD3",0.504218098765647,0.964910012684471,0.446183765390476,1,2361.27236619142,0.261807780513747
"5666","PRXL2C",0.504286920243611,0.964910012684471,0.446039724584398,1,2361.27236619142,-0.210298390416594
"5481","PSIP1",0.504353225098744,0.964910012684471,0.4459009827811,1,2361.27236619142,-0.199683194037411
"1134","RAB3GAP2",0.50450546655756,0.964910012684471,0.445582538135624,1,2361.27236619142,-0.129511930992112
"2004","DOCK10",0.504570015201883,0.964910012684471,0.445447570873827,1,2361.27236619142,-0.0664935952920769
"3760","GRK6",0.504593375098568,0.964910012684471,0.445398734043231,1,2361.27236619142,-0.204119254098388
"995","IER5",0.50460853967899,0.964910012684471,0.445367032633614,1,2361.27236619142,-0.154034248453356
"11142","PNKP",0.50471588914328,0.964910012684471,0.445142666238023,1,2361.27236619142,-0.250332847954166
"1982","ZFAND2B",0.505190349748549,0.964910012684471,0.44415199497661,1,2361.27236619142,-0.289462863280239
"9629","GID4",0.505208456984654,0.964910012684471,0.444114218738871,1,2361.27236619142,0.262023053592791
"7304","INTS13",0.505346208496765,0.964910012684471,0.44382691047592,1,2361.27236619142,-0.280889869488287
"8303","AREL1",0.505479664477959,0.964910012684471,0.443548689401361,1,2361.27236619142,0.186767187272533
"7122","EI24",0.505629504287698,0.964910012684471,0.443236462344868,1,2361.27236619142,0.204928702354603
"850","MEF2D",0.505637397991561,0.964910012684471,0.443220018325847,1,2361.27236619142,-0.16949117096362
"9781","STARD3",0.505641926772826,0.964910012684471,0.443210584250582,1,2361.27236619142,0.137082551470648
"11858","PPM1F",0.505648395475333,0.964910012684471,0.44319710930345,1,2361.27236619142,-0.240104329304275
"4592","URGCP",0.505777826939483,0.964910012684471,0.4429275528926,1,2361.27236619142,-0.221261949064723
"5374","ZFAT",0.505805933497687,0.964910012684471,0.442869033280972,1,2361.27236619142,0.279110524788875
"5369","PHF20L1",0.50581268211084,0.964910012684471,0.442854983076952,1,2361.27236619142,-0.118495619519809
"8741","SCAPER",0.505978139833942,0.964910012684471,0.442510610694928,1,2361.27236619142,0.10807216895495
"1001","LAMC1",0.5060830885292,0.964910012684471,0.442292277807904,1,2361.27236619142,0.174435028350891
"8485","LPCAT4",0.506108734693485,0.964910012684471,0.442238935923983,1,2361.27236619142,0.435779862950719
"8178","GNG2",0.506129946466596,0.964910012684471,0.442194820709713,1,2361.27236619142,0.133267738292935
"10358","TXNL4A",0.506140110845094,0.964910012684471,0.442173682454329,1,2361.27236619142,0.130227471732694
"4052","C6orf89",0.506167642638147,0.964910012684471,0.442116429876482,1,2361.27236619142,0.150980712921854
"2865","TBC1D14",0.506210845138086,0.964910012684471,0.442026600717478,1,2361.27236619142,-0.126842360494552
"3176","ZNF827",0.506558457597221,0.964910012684471,0.44130430341469,1,2361.27236619142,-10
"11497","ERGIC3",0.506559031487666,0.964910012684471,0.441303111642613,1,2361.27236619142,0.153617928079696
"11145","IL4I1",0.506573043067422,0.964910012684471,0.441274015154521,1,2361.27236619142,0.138967299244004
"3358","PLPP1",0.506651048088814,0.964910012684471,0.441112054968395,1,2361.27236619142,0.478867985650012
"4879","FAM3C",0.506810044681215,0.964910012684471,0.440782066326014,1,2361.27236619142,-0.22486690680497
"6514","AKIP1",0.506820668229946,0.964910012684471,0.440760024078595,1,2361.27236619142,0.175289746578928
"11345","NRSN2",0.506842478334457,0.964910012684471,0.440714773918446,1,2361.27236619142,-0.890542218450452
"4054","FGD2",0.506986363324075,0.964910012684471,0.440416334731431,1,2361.27236619142,-0.138871660749491
"341","TRIT1",0.507106944573406,0.964910012684471,0.440166343150607,1,2361.27236619142,-0.32478842185733
"7177","RAD51AP1",0.507257863534041,0.964910012684471,0.439853598794613,1,2361.27236619142,0.220625937968821
"428","AGBL4",0.507306370014521,0.964910012684471,0.439753114408798,1,2361.27236619142,1.22201450542001
"5393","GLI4",0.507306378656665,0.964910012684471,0.439753096507496,1,2361.27236619142,-0.466160169075331
"414","PIK3R3",0.507467665154636,0.964910012684471,0.439419099683499,1,2361.27236619142,0.230053315470131
"958","DNM3",0.507523329816388,0.964910012684471,0.439303870060773,1,2361.27236619142,-0.359525622930397
"2087","SRGAP3",0.507574310852569,0.964910012684471,0.439198354941402,1,2361.27236619142,0.291756278458362
"4789","TSC22D4",0.507575916122093,0.964910012684471,0.439195032821717,1,2361.27236619142,-0.180278625245905
"8182","GPR137C",0.507739482410715,0.964910012684471,0.438856625698789,1,2361.27236619142,0.575969232433909
"6639","SLC39A13",0.508144056772596,0.964910012684471,0.43802039569864,1,2361.27236619142,-0.323899198619642
"7963","COMMD6",0.508175942515787,0.964910012684471,0.437954538610372,1,2361.27236619142,-0.112699784700594
"89","CENPS",0.508309275702317,0.964910012684471,0.437679228225706,1,2361.27236619142,0.472293775035631
"4223","COQ3",0.508328805520132,0.964910012684471,0.437638912918698,1,2361.27236619142,0.626332116145293
"6390","EEF1AKMT2",0.508466886392188,0.964910012684471,0.437353949404243,1,2361.27236619142,0.172738129932184
"4369","ZC3H12D",0.508504731634576,0.964910012684471,0.437275869819674,1,2361.27236619142,-0.209116309425432
"1727","MZT2A",0.508593169808104,0.964910012684471,0.437093449593434,1,2361.27236619142,0.170426337986994
"6342","ACSL5",0.508650981053697,0.964910012684471,0.436974232680301,1,2361.27236619142,-0.336317486472984
"1501","ANXA4",0.508862386494084,0.964910012684471,0.436538476554502,1,2361.27236619142,0.0978920239293228
"3363","MIER3",0.508896958078717,0.964910012684471,0.436467246132283,1,2361.27236619142,-0.30788598859235
"11616","CASS4",0.508935780830213,0.964910012684471,0.436387266664784,1,2361.27236619142,-0.201379075028028
"9513","DERL2",0.509030565537879,0.964910012684471,0.43619204315969,1,2361.27236619142,-0.205487334639487
"8438","GPR132",0.509049774420969,0.964910012684471,0.436152487191719,1,2361.27236619142,-0.339488506394215
"6766","MAP4K2",0.509054125006288,0.964910012684471,0.436143528589613,1,2361.27236619142,0.269069922892451
"1722","CCDC115",0.509115224335506,0.964910012684471,0.436017728539249,1,2361.27236619142,-0.216359259446597
"874","SLAMF9",0.509162893399822,0.964910012684471,0.43591959873747,1,2361.27236619142,0.247230948096794
"2977","IGFBP7",0.509221308308824,0.964910012684471,0.435799369553997,1,2361.27236619142,0.702027384995062
"549","KYAT3",0.509322155833457,0.964910012684471,0.435591861868891,1,2361.27236619142,-0.181157097058065
"1880","ANKRD44",0.509447936817086,0.964910012684471,0.435333149564259,1,2361.27236619142,0.100685976632868
"9004","CPPED1",0.50956284047282,0.964910012684471,0.435096906671704,1,2361.27236619142,-0.105526650967039
"10383","POLR2E",0.509579369110807,0.964910012684471,0.435062931222257,1,2361.27236619142,0.140209035251956
"528","PRKACB",0.509612744057264,0.964910012684471,0.434994333138838,1,2361.27236619142,-0.148466433685869
"5184","RB1CC1",0.50966571287631,0.964910012684471,0.434885478202092,1,2361.27236619142,-0.115662317609217
"12460","MTMR1",0.509733958924286,0.964910012684471,0.434745256217198,1,2361.27236619142,-0.226014493653325
"3195","RNF175",0.50983908046536,0.964910012684471,0.434529331333682,1,2361.27236619142,0.769367961925965
"4622","NIPSNAP2",0.509861442848837,0.964910012684471,0.434483407809031,1,2361.27236619142,-0.11289291789091
"10476","PLIN3",0.509876008542614,0.964910012684471,0.434453497485396,1,2361.27236619142,0.115131729078723
"2916","TBC1D1",0.509894393289486,0.964910012684471,0.43441574693095,1,2361.27236619142,0.104242860327926
"6528","RNF141",0.509999562195547,0.964910012684471,0.434199842237946,1,2361.27236619142,-0.182868444047258
"8970","ROGDI",0.510004372134268,0.964910012684471,0.434189969597864,1,2361.27236619142,-0.328840043246558
"6605","PRR5L",0.510015897398074,0.964910012684471,0.434166314071788,1,2361.27236619142,-0.327887075891007
"6902","ARHGEF17",0.510097801189396,0.964910012684471,0.433998233713831,1,2361.27236619142,-0.547839520344667
"5371","SLA",0.510139706382485,0.964910012684471,0.433912255254025,1,2361.27236619142,0.0743617859403628
"7517","C12orf66",0.510188046252226,0.964910012684471,0.43381308969676,1,2361.27236619142,-0.882076695605676
"2130","SLC6A6",0.510225686880924,0.964910012684471,0.433735884069636,1,2361.27236619142,0.115145573993562
"15","ACAP3",0.510232693900027,0.964910012684471,0.433721512886614,1,2361.27236619142,0.27232952508901
"8","TNFRSF18",0.510396312606671,0.964910012684471,0.433386032932485,1,2361.27236619142,0.654065785995441
"10342","FBXO15",0.510402602204549,0.964910012684471,0.433373140602349,1,2361.27236619142,-0.907156377192094
"478","USP1",0.510450219270906,0.964910012684471,0.433275544720758,1,2361.27236619142,-0.219206409992883
"5476","DMAC1",0.510479275572985,0.964910012684471,0.433215998698423,1,2361.27236619142,-0.248112096763742
"7417","RARG",0.510554788005724,0.964910012684471,0.433061276046348,1,2361.27236619142,0.469881338892896
"11323","ZNF544",0.51061593846793,0.964910012684471,0.432936009650604,1,2361.27236619142,0.2978418743779
"6339","BBIP1",0.510653676276759,0.964910012684471,0.432858716906951,1,2361.27236619142,-0.242215508131533
"11964","RAC2",0.511016138966293,0.965033146260402,0.432116841819755,1,2361.27236619142,0.169004281178584
"3059","HERC6",0.511017406989131,0.965033146260402,0.432114248077699,1,2361.27236619142,-0.117056239304959
"5448","ZNF250",0.511080020868699,0.965033146260402,0.431986185187299,1,2361.27236619142,-0.383362625234552
"9742","AP2B1",0.511235527697683,0.965033146260402,0.43166824780102,1,2361.27236619142,0.113250701621704
"6173","VDAC2",0.511262553793172,0.965033146260402,0.431613009402806,1,2361.27236619142,0.138927424424664
"1871","MYO1B",0.511264429382294,0.965033146260402,0.431609176090523,1,2361.27236619142,-0.984732455933884
"7567","CCDC59",0.51128811200452,0.965033146260402,0.431560775855536,1,2361.27236619142,0.171320221706711
"3013","SCARB2",0.511378812341373,0.965033146260402,0.431375447279124,1,2361.27236619142,0.0672421085263741
"9112","ASPHD1",0.511511716840231,0.965033146260402,0.431103985566498,1,2361.27236619142,0.432404338853627
"11165","ETFB",0.511568846918122,0.965033146260402,0.43098733312372,1,2361.27236619142,-0.10543397890933
"1254","ZNF692",0.511616452426259,0.965033146260402,0.430890145909306,1,2361.27236619142,0.468398914437152
"8918","ABCA3",0.511668067978458,0.965033146260402,0.430784789860481,1,2361.27236619142,-0.88227497514072
"4430","TCTE3",0.511808568861277,0.965033146260402,0.430498097219375,1,2361.27236619142,-0.894737811755355
"2677","B3GALNT1",0.511823365549986,0.965033146260402,0.430467912459948,1,2361.27236619142,0.399538156081105
"7253","MAGOHB",0.511873095361151,0.965033146260402,0.430366476370569,1,2361.27236619142,-0.357083057129206
"7860","POMP",0.511987932001982,0.965082825929864,0.430132304329136,1,2361.27236619142,-0.0737826264295099
"751","CDC42SE1",0.51205335489493,0.965082825929864,0.429998936332855,1,2361.27236619142,-0.13582864234194
"10949","C19orf47",0.512216498694966,0.96524524570001,0.429666487947405,1,2361.27236619142,0.366507971056891
"8602","GNB5",0.512650592341102,0.965325389759105,0.428782802835879,1,2361.27236619142,-0.4300573095556
"11919","TCN2",0.512772057976204,0.965325389759105,0.428535767771321,1,2361.27236619142,0.145329432065278
"12492","LAGE3",0.512831573364685,0.965325389759105,0.428414763348162,1,2361.27236619142,-0.219070084863261
"9033","CCP110",0.512938566513652,0.965325389759105,0.428197290323314,1,2361.27236619142,0.181676874356296
"1346","NRBP1",0.512991493410106,0.965325389759105,0.428089740883478,1,2361.27236619142,0.124828176711232
"4773","AP4M1",0.513004214723756,0.965325389759105,0.428063893572495,1,2361.27236619142,-0.530861019212547
"3960","MSH5",0.513030037523922,0.965325389759105,0.428011429937938,1,2361.27236619142,-0.540562632220496
"4787","PPP1R35",0.513187239277906,0.965325389759105,0.427692145516069,1,2361.27236619142,0.232137889831628
"10839","ZNF30",0.513187758429865,0.965325389759105,0.42769109137495,1,2361.27236619142,-0.637715044083776
"7826","ZNF268",0.513277646815302,0.965325389759105,0.427508600437765,1,2361.27236619142,0.282057300985342
"11761","SLC37A1",0.513278790248517,0.965325389759105,0.427506279403635,1,2361.27236619142,-0.309520436568277
"3131","ANXA5",0.513353829655496,0.965325389759105,0.427353977949758,1,2361.27236619142,-0.06981539343314
"12090","NCAPH2",0.513448955210784,0.965325389759105,0.427160964921071,1,2361.27236619142,-0.414496020498705
"12246","USP27X",0.513551331524062,0.965325389759105,0.426953309366489,1,2361.27236619142,0.759668285331144
"4996","TMEM176A",0.513559754509384,0.965325389759105,0.426936227765836,1,2361.27236619142,-0.193687006264493
"6320","PDCD11",0.513574696612643,0.965325389759105,0.426905926759086,1,2361.27236619142,-0.327524281269212
"7811","DDX51",0.513587285704384,0.965325389759105,0.426880398602132,1,2361.27236619142,-0.645369107707005
"6065","CSGALNACT2",0.513784489528972,0.965325389759105,0.426480650872125,1,2361.27236619142,-0.0949992724542414
"1076","ELK4",0.513827752368717,0.965325389759105,0.426392989408771,1,2361.27236619142,0.161162920226245
"2264","KLHL18",0.513890669054754,0.965325389759105,0.426265527214537,1,2361.27236619142,0.178951972271698
"4894","HILPDA",0.513967313058781,0.965325389759105,0.426110291720663,1,2361.27236619142,-0.661386393969032
"656","PTPN22",0.514076766072541,0.965325389759105,0.425888674445037,1,2361.27236619142,-0.130635928838233
"11281","ZNF71",0.514281794686744,0.965325389759105,0.425473759639946,1,2361.27236619142,-0.525799817860579
"9901","COPZ2",0.514425449545214,0.965325389759105,0.42518321814752,1,2361.27236619142,0.371571469316569
"11187","PPP2R1A",0.514633692358233,0.965325389759105,0.424762298787421,1,2361.27236619142,0.169468741333841
"8886","CCDC154",0.514726348268486,0.965325389759105,0.424575109684506,1,2361.27236619142,0.463510366728969
"10275","ELP2",0.514764690512774,0.965325389759105,0.424497665544533,1,2361.27236619142,0.2020413925249
"3104","SGMS2",0.514780763317361,0.965325389759105,0.424465204487994,1,2361.27236619142,0.339980748346902
"3629","PCDHGA8",0.51479671828117,0.965325389759105,0.424432983174501,1,2361.27236619142,-10
"6204","ANKRD22",0.514796912153275,0.965325389759105,0.424432591657291,1,2361.27236619142,-10
"5337","CCN3",0.514820791502198,0.965325389759105,0.424384370203587,1,2361.27236619142,-10
"2178","CMTM7",0.514929062769349,0.965325389759105,0.424165778442776,1,2361.27236619142,0.0909723815227376
"599","PRMT6",0.514930121005926,0.965325389759105,0.42416364233639,1,2361.27236619142,0.521880862802838
"1052","PPP1R12B",0.514940336758345,0.965325389759105,0.424143021694846,1,2361.27236619142,0.14258658404315
"7981","UGGT2",0.51500268898737,0.965325389759105,0.424017178308873,1,2361.27236619142,0.162697397497437
"5270","LRRC69",0.515071016096706,0.965325389759105,0.423879306557626,1,2361.27236619142,0.217958950946751
"187","PNRC2",0.515107049538947,0.965325389759105,0.423806610443561,1,2361.27236619142,0.0892419052635575
"76","H6PD",0.515201790047003,0.965358680558712,0.423615517381637,1,2361.27236619142,0.183432469836672
"4610","TNS3",0.515388546935575,0.965564351227823,0.423239005494022,1,2361.27236619142,0.0784515819621506
"11885","TFIP11",0.515681672386487,0.965719084574367,0.422648529206559,1,2361.27236619142,-0.275670592185131
"12124","MID1",0.515743882481631,0.965719084574367,0.422523287696086,1,2361.27236619142,0.743583120732093
"1030","CRB1",0.515866724699418,0.965719084574367,0.422276058984149,1,2361.27236619142,-0.689753784679212
"1219","EDARADD",0.516029039110893,0.965719084574367,0.421949547469338,1,2361.27236619142,0.780157302138266
"3538","PHAX",0.516169210334175,0.965719084574367,0.421667723652719,1,2361.27236619142,-0.179496611700713
"12528","MT-CO3",0.516195038480221,0.965719084574367,0.421615809005814,1,2361.27236619142,0.0443459106697686
"11670","DNAJC5",0.516240498475309,0.965719084574367,0.421524445323027,1,2361.27236619142,0.0860373343455746
"1550","HTRA2",0.516277211295447,0.965719084574367,0.421450671635626,1,2361.27236619142,0.321899180608522
"5135","FUT10",0.51647041986267,0.965719084574367,0.421062574049668,1,2361.27236619142,0.262297139933498
"10514","ARHGEF18",0.516539078544136,0.965719084574367,0.420924720702405,1,2361.27236619142,0.129100988108174
"3572","CDKL3",0.516544127337043,0.965719084574367,0.4209145849691,1,2361.27236619142,0.274554223407229
"12205","UBA1",0.516550285511606,0.965719084574367,0.420902222325009,1,2361.27236619142,0.159241853953337
"4001","HLA-DPA1",0.516680198025009,0.965719084574367,0.420641480782106,1,2361.27236619142,-0.106431735478746
"8808","AP3S2",0.51670920939685,0.965719084574367,0.42058326904449,1,2361.27236619142,0.101964772263246
"3885","TRIM38",0.516890901105108,0.965719084574367,0.420218832125737,1,2361.27236619142,-0.0767926670637727
"4423","RPS6KA2",0.516948536811817,0.965719084574367,0.420103273394416,1,2361.27236619142,0.0990353204573212
"5512","SMIM27",0.517041778796295,0.965719084574367,0.419916372392876,1,2361.27236619142,0.290269631029716
"5725","KIAA1958",0.517057107194996,0.965719084574367,0.419885652689654,1,2361.27236619142,-0.129278862370389
"11416","SNX5",0.517061099955873,0.965719084574367,0.419877651044066,1,2361.27236619142,0.105223709520542
"6359","FAM204A",0.517172539754805,0.965719084574367,0.419654365096367,1,2361.27236619142,0.132473708030878
"501","WLS",0.51736305762758,0.965719084574367,0.419272829900223,1,2361.27236619142,0.227481292868203
"12296","EDA",0.517453585091342,0.965719084574367,0.419091623961778,1,2361.27236619142,-0.338401140997329
"12459","MTM1",0.517485234758605,0.965719084574367,0.419028284945025,1,2361.27236619142,-0.139532201205794
"11384","PANK2",0.517507667915223,0.965719084574367,0.418983394618874,1,2361.27236619142,-0.117581971344409
"909","FCGR3A",0.517857378875791,0.965719084574367,0.418284039424906,1,2361.27236619142,-0.081386366773776
"4734","VPS50",0.51789161184785,0.965719084574367,0.418215624536652,1,2361.27236619142,-0.151913133881083
"6209","IFIT2",0.517961017206809,0.965719084574367,0.418076941685578,1,2361.27236619142,-0.0982286737356698
"10777","GMIP",0.517984788838723,0.965719084574367,0.41802944971499,1,2361.27236619142,0.137381588603431
"329","INPP5B",0.518010060032722,0.965719084574367,0.417978966050965,1,2361.27236619142,0.171041566141901
"6403","PTPRE",0.518035103890547,0.965719084574367,0.417928940795825,1,2361.27236619142,-0.0866512597382813
"6464","TSPAN32",0.518258771916089,0.965719084574367,0.417482350802695,1,2361.27236619142,0.781508644234704
"7403","CELA1",0.518273506735868,0.965719084574367,0.417452942194051,1,2361.27236619142,0.765942444851753
"4441","SUN1",0.518325700774334,0.965719084574367,0.417348782114387,1,2361.27236619142,-0.340378426883026
"2428","GBE1",0.518403125459013,0.965719084574367,0.417194304885135,1,2361.27236619142,0.133287850645842
"3298","PDZD2",0.518407047508104,0.965719084574367,0.41718648071667,1,2361.27236619142,-0.662312634304325
"890","F11R",0.518493927917685,0.965719084574367,0.417013188038322,1,2361.27236619142,0.114215171588508
"11110","DHDH",0.518558410438547,0.965719084574367,0.416884603430555,1,2361.27236619142,0.350994833288995
"745","CERS2",0.518630941719783,0.965719084574367,0.416740002359941,1,2361.27236619142,-0.211332728206084
"9104","QPRT",0.518643875243845,0.965719084574367,0.416714221336924,1,2361.27236619142,-0.172332698746069
"11485","GGT7",0.518768148089212,0.965719084574367,0.416466559803896,1,2361.27236619142,-0.298563613188283
"683","NOTCH2",0.518986461829059,0.965719084574367,0.416031738005277,1,2361.27236619142,0.109034220732915
"4006","RING1",0.519033471838121,0.965719084574367,0.415938148891816,1,2361.27236619142,-0.249886041730937
"9040","ERI2",0.519406219597487,0.965719084574367,0.415196597588826,1,2361.27236619142,0.283124776736595
"8006","COL4A2",0.519431119834171,0.965719084574367,0.415147093962894,1,2361.27236619142,0.612755048033558
"3689","FAXDC2",0.51946680769412,0.965719084574367,0.415076150977663,1,2361.27236619142,0.198485998446219
"10239","ESCO1",0.51950905004599,0.965719084574367,0.414992189571995,1,2361.27236619142,-0.13235985517426
"1946","KANSL1L",0.519591915210554,0.965719084574367,0.414827520683942,1,2361.27236619142,-0.125896033727629
"2817","DGKQ",0.519636203569159,0.965719084574367,0.414739530226035,1,2361.27236619142,-0.453324895354486
"5077","NPM2",0.519828518078931,0.965719084574367,0.414357600065236,1,2361.27236619142,1.08753070980511
"4572","EPDR1",0.519911746332761,0.965719084574367,0.414192388695807,1,2361.27236619142,0.194054424301725
"5299","STK3",0.519919603863862,0.965719084574367,0.414176793593333,1,2361.27236619142,-0.102374814459564
"5419","SHARPIN",0.520155868196324,0.965719084574367,0.413708065838699,1,2361.27236619142,0.166461045289444
"4136","MMUT",0.520164245534193,0.965719084574367,0.413691452821497,1,2361.27236619142,0.30412530578108
"10854","RBM42",0.520199932725852,0.965719084574367,0.413620687182385,1,2361.27236619142,-0.195646758470018
"2218","CTNNB1",0.520383223053374,0.965719084574367,0.413257367867597,1,2361.27236619142,0.0789345937462381
"2707","MFN1",0.520513425620936,0.965719084574367,0.412999416514445,1,2361.27236619142,-0.138858637443846
"9480","CYB5D2",0.520558819512988,0.965719084574367,0.412909510970644,1,2361.27236619142,0.277220286008186
"11304","ZNF211",0.520571113808673,0.965719084574367,0.412885163701471,1,2361.27236619142,-0.531333405884317
"3348","PELO",0.520697478318245,0.965719084574367,0.412634973846779,1,2361.27236619142,0.288392040947039
"920","HSD17B7",0.520716554853927,0.965719084574367,0.412597213405032,1,2361.27236619142,-0.314731265520817
"4908","KLHDC10",0.520766685888635,0.965719084574367,0.412497994757723,1,2361.27236619142,0.12266590412758
"7723","WSB2",0.520866480900135,0.965719084574367,0.412300532022389,1,2361.27236619142,-0.158449862465427
"7664","TRPV4",0.520921606886029,0.965719084574367,0.412191483774929,1,2361.27236619142,0.211802688644414
"3058","PPM1K",0.520933553953019,0.965719084574367,0.412167853201242,1,2361.27236619142,-0.122547243651022
"9711","NF1",0.521009447148781,0.965719084574367,0.412017763403089,1,2361.27236619142,0.077140320491455
"6419","PAOX",0.521014577533031,0.965719084574367,0.412007618717154,1,2361.27236619142,-0.376143075218408
"9299","SMPD3",0.521034671586905,0.965719084574367,0.411967886965304,1,2361.27236619142,1.07946060176761
"11023","ZNF233",0.521036102251869,0.965719084574367,0.41196505823036,1,2361.27236619142,1.07946060182534
"121","AGMAT",0.521037785475663,0.965719084574367,0.411961730149389,1,2361.27236619142,1.07946060469493
"3411","ZNF366",0.521056549257067,0.965719084574367,0.411924631564674,1,2361.27236619142,-0.433930144953493
"5636","NFIL3",0.521108699472698,0.965719084574367,0.411821535780584,1,2361.27236619142,-0.207826980895845
"4456","CHST12",0.52119383704886,0.965719084574367,0.411653266413667,1,2361.27236619142,0.197813895378787
"233","PPP1R8",0.521229083277739,0.965719084574367,0.411583618541352,1,2361.27236619142,-0.242620628018594
"9068","RBBP6",0.521578288390947,0.965719084574367,0.410894025409952,1,2361.27236619142,-0.123795795936161
"2593","PCCB",0.521581014109278,0.965719084574367,0.410888646003956,1,2361.27236619142,-0.28101430458693
"8535","CAPN3",0.52163269954449,0.965719084574367,0.410786650391844,1,2361.27236619142,0.180477375930758
"4170","EEF1A1",0.521836296061185,0.965719084574367,0.410385048436283,1,2361.27236619142,-0.0510950782429727
"5754","PSMD5",0.521907140284112,0.965719084574367,0.410245370449371,1,2361.27236619142,0.171088024350808
"3291","ZNF622",0.52195811038499,0.965719084574367,0.410144897446105,1,2361.27236619142,0.188946596394801
"443","TUT4",0.521960794178491,0.965719084574367,0.41013960759428,1,2361.27236619142,0.12078895171106
"6793","ZNRD2",0.52197875589474,0.965719084574367,0.410104205655242,1,2361.27236619142,-0.240590212572995
"10721","PLVAP",0.522011212330918,0.965719084574367,0.410040240574768,1,2361.27236619142,0.674775334011793
"8019","GRTP1",0.522216045830257,0.965719084574367,0.409636717377032,1,2361.27236619142,1.07161028366248
"1505","ASPRV1",0.522217079669942,0.965719084574367,0.409634681417096,1,2361.27236619142,1.0716102646449
"463","FAM151A",0.522222280650838,0.965719084574367,0.409624439135787,1,2361.27236619142,1.07161057462356
"9007","PARN",0.522330087986209,0.965719084574367,0.409412175010778,1,2361.27236619142,0.122917240537717
"10902","ZNF571",0.522366676987213,0.965719084574367,0.409340151782197,1,2361.27236619142,0.556940026304014
"8864","METTL26",0.522414937007783,0.965719084574367,0.409245168515644,1,2361.27236619142,0.164166927051538
"10336","SERPINB8",0.522449789872949,0.965719084574367,0.409176582286394,1,2361.27236619142,-0.162931012592203
"9020","ABCC6",0.522508845778472,0.965719084574367,0.409060385886557,1,2361.27236619142,0.256615901896642
"9166","BCKDK",0.522578981423279,0.965719084574367,0.408922419570114,1,2361.27236619142,-0.180031573877608
"8030","CHAMP1",0.522629295199438,0.965719084574367,0.40882346575197,1,2361.27236619142,0.210384972315348
"5377","COL22A1",0.522632599235007,0.965719084574367,0.40881696818294,1,2361.27236619142,0.683705735033081
"8232","MTHFD1",0.523038265274262,0.965779427776548,0.408019755984927,1,2361.27236619142,0.260486419332288
"10030","WIPI1",0.523322002775479,0.965779427776548,0.407462807909517,1,2361.27236619142,0.110883407419591
"1574","RNF181",0.523334574556858,0.965779427776548,0.40743814315881,1,2361.27236619142,-0.0888547176719667
"7601","TMPO",0.523453654135108,0.965779427776548,0.407204571403729,1,2361.27236619142,0.155353303666798
"10874","TBCB",0.523493879723534,0.965779427776548,0.4071256911656,1,2361.27236619142,-0.189183370166087
"6956","ANKRD42",0.523502054665985,0.965779427776548,0.407109661853133,1,2361.27236619142,0.225527527216623
"3529","SNCAIP",0.52354614885632,0.965779427776548,0.407023210240118,1,2361.27236619142,0.762049898382035
"12294","EFNB1",0.52357446311789,0.965779427776548,0.406967703760348,1,2361.27236619142,-0.863427603068797
"2279","UQCRC1",0.523621746090417,0.965779427776548,0.40687502342687,1,2361.27236619142,0.124339492732541
"7697","PTPN11",0.523727446335919,0.965779427776548,0.406667891884493,1,2361.27236619142,0.121158937784609
"7290","GOLT1B",0.523903270867511,0.965779427776548,0.406323508213607,1,2361.27236619142,0.171037279284244
"11189","ZNF480",0.523921458302884,0.965779427776548,0.406287896590306,1,2361.27236619142,0.25630101028725
"9169","FUS",0.52395804035237,0.965779427776548,0.406216274327578,1,2361.27236619142,-0.0988646971237898
"924","MGST3",0.523971421706513,0.965779427776548,0.406190077825704,1,2361.27236619142,-0.0722881644240565
"8983","CARHSP1",0.524043017768987,0.965779427776548,0.406049935331064,1,2361.27236619142,-0.171538208550593
"8797","DET1",0.524173181915052,0.965779427776548,0.40579523845932,1,2361.27236619142,0.352701824684381
"11303","ZNF134",0.524174821674657,0.965779427776548,0.405792030599176,1,2361.27236619142,-0.326069354638375
"433","EPS15",0.524221899236209,0.965779427776548,0.405699940412746,1,2361.27236619142,0.0870157710531793
"11029","BCL3",0.524222843781958,0.965779427776548,0.405698092901667,1,2361.27236619142,0.202152698911976
"2804","LMLN",0.524240187688703,0.965779427776548,0.405664169646045,1,2361.27236619142,0.278249417277116
"11726","CRYZL1",0.524505018515869,0.965779427776548,0.405146429909417,1,2361.27236619142,0.141414000532206
"10888","ZNF790",0.524517274561855,0.965779427776548,0.405122480796935,1,2361.27236619142,0.300796850932508
"6540","PSMA1",0.524573817009104,0.965779427776548,0.40501200604989,1,2361.27236619142,0.0979516909158496
"3180","PRMT9",0.524582771299327,0.965779427776548,0.404994512764496,1,2361.27236619142,-0.230852862631903
"9791","THRA",0.524707459014818,0.965779427776548,0.404750975434836,1,2361.27236619142,-0.34528985354516
"9875","ACBD4",0.524819589847441,0.965779427776548,0.404532051803111,1,2361.27236619142,0.330145063051097
"2411","TMF1",0.524846561691407,0.965779427776548,0.40447940453172,1,2361.27236619142,0.1103280789277
"8357","KCNK13",0.524895862462883,0.965779427776548,0.404383185093859,1,2361.27236619142,0.134870288115843
"11850","HIC2",0.52489853916952,0.965779427776548,0.40437796147327,1,2361.27236619142,-0.512447110541853
"12192","GPR34",0.525493418035468,0.966464308416655,0.403218223934114,1,2361.27236619142,-0.174519575574419
"5029","ERICH1",0.52549557994678,0.966464308416655,0.403214013473572,1,2361.27236619142,-0.12825151357765
"7581","UBE2N",0.525525309330277,0.966464308416655,0.40315611672677,1,2361.27236619142,0.149599733514483
"4269","FYN",0.525579027462051,0.966464308416655,0.403051517674976,1,2361.27236619142,0.290469379857229
"9224","CPNE2",0.525733535440453,0.966475799166863,0.402750768446486,1,2361.27236619142,0.179470428882531
"60","NOL9",0.525901856528311,0.966475799166863,0.402423311234054,1,2361.27236619142,-0.283188834017257
"5498","MTAP",0.525902890958383,0.966475799166863,0.402421299398277,1,2361.27236619142,0.153745510920176
"9434","VPS53",0.526111710508728,0.966475799166863,0.402015316150164,1,2361.27236619142,-0.112400042140059
"1150","WDR26",0.526161243747824,0.966475799166863,0.401919056663139,1,2361.27236619142,-0.0941418328044085
"4516","CDCA7L",0.52622108648853,0.966475799166863,0.401802783953255,1,2361.27236619142,0.358785296403122
"5676","ANP32B",0.526239940042023,0.966475799166863,0.401766156930447,1,2361.27236619142,-0.100014295456645
"1579","ATOH8",0.526286441537491,0.966475799166863,0.401675827926142,1,2361.27236619142,-0.618406055015382
"814","EFNA4",0.526303651794629,0.966475799166863,0.401642400666651,1,2361.27236619142,-0.512972275142731
"6248","FRAT1",0.526355929216943,0.966475799166863,0.401540874862235,1,2361.27236619142,0.378926533477558
"12383","ACSL4",0.526533218144223,0.96665979926024,0.401196703334626,1,2361.27236619142,-0.0880242169259547
"8875","RPUSD1",0.526623584510195,0.96668418813559,0.401021354390919,1,2361.27236619142,0.349160722372255
"12505","MTCP1",0.526803245329476,0.96672014216438,0.4006728959545,1,2361.27236619142,0.734542313616802
"8746","HMG20A",0.526837244757177,0.96672014216438,0.400606976749934,1,2361.27236619142,-0.146356817909537
"10274","SLC39A6",0.527132516168856,0.96672014216438,0.4000348141979,1,2361.27236619142,-0.278777220032075
"1103","C1orf74",0.527273307383237,0.96672014216438,0.399762197389184,1,2361.27236619142,0.739286201794288
"9116","HIRIP3",0.527305171951973,0.96672014216438,0.399700515446952,1,2361.27236619142,0.382660386198995
"3506","NREP",0.527559062663707,0.96672014216438,0.399209283614258,1,2361.27236619142,0.299389969779562
"1031","DENND1B",0.527611625569251,0.96672014216438,0.399107636867211,1,2361.27236619142,0.0964634358908636
"6978","MED17",0.527729792160635,0.96672014216438,0.398879191071439,1,2361.27236619142,-0.194641426218397
"10285","ATP5F1A",0.527826482107032,0.96672014216438,0.398692333095912,1,2361.27236619142,0.123546334469053
"1334","KHK",0.527838903259526,0.96672014216438,0.398668333059426,1,2361.27236619142,-0.618684154498818
"2015","CAB39",0.527879124328679,0.96672014216438,0.398590625213082,1,2361.27236619142,-0.0825552860463128
"538","C1orf52",0.527970507591161,0.96672014216438,0.398414110441085,1,2361.27236619142,0.177743573860891
"8185","STYX",0.528005057139891,0.96672014216438,0.398347389205082,1,2361.27236619142,-0.194366737989092
"2984","UTP3",0.528048441668062,0.96672014216438,0.398263617140389,1,2361.27236619142,-0.213635142420432
"11808","ATP6V1E1",0.52813550860614,0.96672014216438,0.398095534990288,1,2361.27236619142,-0.106985819480939
"10110","TMC6",0.528209102285027,0.96672014216438,0.397953501558204,1,2361.27236619142,0.127720092208911
"5047","XKR6",0.528237308241671,0.96672014216438,0.397899074360968,1,2361.27236619142,-0.248735548079538
"10971","CCDC97",0.528282130010386,0.96672014216438,0.397812595417655,1,2361.27236619142,-0.247812768707334
"8787","NMB",0.528451387165042,0.96672014216438,0.397486149795055,1,2361.27236619142,-0.253400477157938
"5043","PPP1R3B",0.528455566890559,0.96672014216438,0.39747809074397,1,2361.27236619142,-0.41532205638422
"10417","OAZ1",0.52847480160588,0.96672014216438,0.397441005198218,1,2361.27236619142,-0.0381861310759761
"4603","ZMIZ2",0.528506378464889,0.96672014216438,0.39738012859125,1,2361.27236619142,0.176613362965003
"2442","CLDND1",0.528533687098847,0.96672014216438,0.397327485892854,1,2361.27236619142,0.165334745193951
"3756","PRELID1",0.528603863830993,0.96672014216438,0.397192228954919,1,2361.27236619142,-0.0964286294612011
"8101","RABGGTA",0.528659912658586,0.96672014216438,0.397084224907643,1,2361.27236619142,0.269949101409512
"4972","ZNF425",0.528668325181376,0.96672014216438,0.397068016053966,1,2361.27236619142,0.457821136102577
"3870","MBOAT1",0.528738751999422,0.96672014216438,0.396932339100444,1,2361.27236619142,0.182928005467933
"1896","SGO2",0.528886674702101,0.96672014216438,0.396647472109669,1,2361.27236619142,-0.326835115232697
"5449","ZNF16",0.528951911185536,0.96672014216438,0.396521886196583,1,2361.27236619142,0.486172701460392
"10873","POLR2I",0.528955714499001,0.96672014216438,0.39651456534361,1,2361.27236619142,-0.157476734651984
"11944","TOM1",0.529132131352969,0.966738214275581,0.396175090980619,1,2361.27236619142,-0.108339310400311
"372","ZNF691",0.529172737390828,0.966738214275581,0.396096982576435,1,2361.27236619142,-0.407452249405203
"4903","TSPAN33",0.529196861574186,0.966738214275581,0.396050583202446,1,2361.27236619142,-0.270153062793625
"4409","SOD2",0.529329717481959,0.96675001408822,0.395795122078386,1,2361.27236619142,0.0905138869012126
"3894","ZNF322",0.529401991137805,0.96675001408822,0.3956561994578,1,2361.27236619142,0.187705459348015
"3737","HRH2",0.529455058945393,0.96675001408822,0.395554215509609,1,2361.27236619142,-0.292362060887215
"4707","DMTF1",0.529534142681261,0.96675001408822,0.395402269054887,1,2361.27236619142,0.121721810467738
"1443","ASB3",0.529683128800844,0.96675001408822,0.395116127248404,1,2361.27236619142,0.134270617574503
"573","FNBP1L",0.529836798904791,0.96675001408822,0.394821140782937,1,2361.27236619142,-0.385872469820135
"143","IGSF21",0.529874636012152,0.96675001408822,0.394748531917954,1,2361.27236619142,-10
"8562","SPG11",0.529892876913373,0.96675001408822,0.394713531218017,1,2361.27236619142,-0.0868563546383469
"5276","GEM",0.530337541017463,0.96675001408822,0.393860977463564,1,2361.27236619142,0.709123294196871
"9956","CUEDC1",0.530351117790156,0.96675001408822,0.393834966954394,1,2361.27236619142,0.12227468331674
"8188","DDHD1",0.530624728277005,0.96675001408822,0.393311036513078,1,2361.27236619142,-0.0975831172676081
"3412","TNPO1",0.530643124555466,0.96675001408822,0.393275827336077,1,2361.27236619142,0.0921631939704652
"10039","COG1",0.530734198184405,0.96675001408822,0.393101551189642,1,2361.27236619142,-0.34453685036167
"8523","RTF1",0.530768017051071,0.96675001408822,0.393036849979248,1,2361.27236619142,-0.108678508114769
"2636","CP",0.530832789044419,0.96675001408822,0.392912950912992,1,2361.27236619142,0.599179468123569
"1202","NTPCR",0.530868424408474,0.96675001408822,0.392844797431352,1,2361.27236619142,-0.124136451906283
"58","ACOT7",0.531173130609093,0.96675001408822,0.392262375683714,1,2361.27236619142,-0.431142795660795
"9273","RIPOR1",0.531229883974039,0.96675001408822,0.392153962583874,1,2361.27236619142,0.196284614399008
"7707","TPCN1",0.531273950019615,0.96675001408822,0.392069799818817,1,2361.27236619142,-0.0892715672492299
"9745","CCL23",0.531437205596729,0.96675001408822,0.391758103766216,1,2361.27236619142,-0.872222789490881
"3916","TRIM26",0.531446690646401,0.96675001408822,0.391739999718124,1,2361.27236619142,0.140539117455407
"7261","ETV6",0.531479458541402,0.96675001408822,0.391677460345763,1,2361.27236619142,-0.0532648885368616
"355","NFYC",0.531489918319835,0.96675001408822,0.391657498732741,1,2361.27236619142,-0.156397651980955
"6634","ACP2",0.531539936518449,0.96675001408822,0.391562052967352,1,2361.27236619142,0.127423841043338
"3576","SAR1B",0.531610412375434,0.96675001408822,0.391427596943052,1,2361.27236619142,0.145840387263716
"4502","CRPPA",0.531653795570641,0.96675001408822,0.391344845114262,1,2361.27236619142,-0.698626110676816
"7129","SRPRA",0.531724898364526,0.96675001408822,0.391209245505689,1,2361.27236619142,-0.205792913593384
"11342","C20orf96",0.531746408536399,0.96675001408822,0.391168230057837,1,2361.27236619142,0.295097670656219
"6206","ACTA2",0.531778584044041,0.96675001408822,0.391106883605015,1,2361.27236619142,0.247532570129741
"3492","FAM174A",0.531867724414782,0.96675001408822,0.39093696178174,1,2361.27236619142,0.213576981842318
"3654","ABLIM3",0.531966273268605,0.96675001408822,0.390749165018693,1,2361.27236619142,-0.395305211285677
"5159","IDO1",0.532002444985,0.96675001408822,0.390680251180008,1,2361.27236619142,0.511492807900357
"5682","GALNT12",0.532052633250302,0.96675001408822,0.390584647211371,1,2361.27236619142,1.14434898067014
"67","VAMP3",0.53209687778843,0.96675001408822,0.390500378982266,1,2361.27236619142,0.110372560156383
"1608","SNRNP200",0.532120874632187,0.96675001408822,0.390454679837101,1,2361.27236619142,0.144005662681691
"2812","MYL5",0.532144683028561,0.96675001408822,0.390409343242464,1,2361.27236619142,-0.419656802291489
"7295","ETNK1",0.532154567407709,0.96675001408822,0.390390522214584,1,2361.27236619142,0.0785402714339617
"9426","MC1R",0.532166769497231,0.96675001408822,0.390367288861858,1,2361.27236619142,0.606870813840993
"4900","ATP6V1F",0.532209719899934,0.96675001408822,0.390285516920563,1,2361.27236619142,0.0566076732485139
"6344","VTI1A",0.53250098733157,0.966793294212786,0.38973129600848,1,2361.27236619142,0.0771550989361015
"1652","MFSD9",0.532573770604712,0.966793294212786,0.389592890149974,1,2361.27236619142,-0.440076055366325
"10543","ZNF414",0.532667236139473,0.966793294212786,0.389415204659803,1,2361.27236619142,0.325438227908665
"9853","DUSP3",0.532710290023688,0.966793294212786,0.389333374711721,1,2361.27236619142,-0.222467481876044
"5842","CRAT",0.532730673805883,0.966793294212786,0.389294636640611,1,2361.27236619142,-0.316217240270534
"6931","THAP12",0.532813442633291,0.966793294212786,0.389137367300446,1,2361.27236619142,-0.189616977921841
"2000","AP1S3",0.53283779937912,0.966793294212786,0.389091095367946,1,2361.27236619142,0.21646008996543
"2872","SH3TC1",0.532883815565477,0.966793294212786,0.389003686162151,1,2361.27236619142,0.154217580120689
"1507","C2orf42",0.533242819174765,0.966793294212786,0.388322215554985,1,2361.27236619142,-0.258080195169507
"9356","NUDT7",0.533266262787379,0.966793294212786,0.388277743092441,1,2361.27236619142,-0.520428909500541
"12400","RPL39",0.533327302555146,0.966793294212786,0.388161967423869,1,2361.27236619142,-0.052269297936551
"8010","ING1",0.533332979721817,0.966793294212786,0.388151200616695,1,2361.27236619142,0.282176548488649
"6411","PWWP2B",0.533367739215199,0.966793294212786,0.388085283386632,1,2361.27236619142,0.278433625257628
"6991","CEP57",0.533450630544336,0.966793294212786,0.387928121232921,1,2361.27236619142,-0.146698540636993
"6240","CCNJ",0.533454154675374,0.966793294212786,0.387921440451333,1,2361.27236619142,-0.288185819974913
"8383","UNC79",0.533481272615462,0.966793294212786,0.387870034978787,1,2361.27236619142,-0.67542591262858
"9137","DCTPP1",0.533680521495681,0.966793294212786,0.387492478572011,1,2361.27236619142,-0.319788770859277
"6089","TIMM23B-AGAP6",0.533746006182725,0.966793294212786,0.387368447432588,1,2361.27236619142,0.722267212308501
"951","KIFAP3",0.533804030880862,0.966793294212786,0.387258568886698,1,2361.27236619142,-0.232527029266779
"6340","SHOC2",0.533806388085077,0.966793294212786,0.387254105620895,1,2361.27236619142,-0.0968902825359225
"10503","TNFSF9",0.533852448961291,0.966793294212786,0.387166898474014,1,2361.27236619142,-0.264119512934823
"7656","USP30",0.534135266895908,0.966907038292109,0.386631737267868,1,2361.27236619142,-0.366582264339336
"2624","U2SURP",0.53414320978755,0.966907038292109,0.386616714770099,1,2361.27236619142,-0.106245175222126
"3778","ZNF879",0.534146556198687,0.966907038292109,0.386610385778893,1,2361.27236619142,-0.607439202146504
"6826","BRMS1",0.53452197870278,0.967072429753027,0.385900813650792,1,2361.27236619142,-0.189507028978079
"10013","CEP95",0.534618187655882,0.967072429753027,0.385719118086923,1,2361.27236619142,-0.182052381795862
"7197","LPAR5",0.534659501725988,0.967072429753027,0.385641112533966,1,2361.27236619142,0.786796078877212
"7626","HCFC2",0.534817983550176,0.967072429753027,0.38534198262599,1,2361.27236619142,-0.306654796750337
"3555","SLC22A5",0.534907485220846,0.967072429753027,0.385173121822638,1,2361.27236619142,0.401057741304116
"7899","VWA8",0.534909447271852,0.967072429753027,0.385169420639047,1,2361.27236619142,-0.166814589014945
"9863","SLC25A39",0.534909610869009,0.967072429753027,0.385169112032938,1,2361.27236619142,0.175781918537895
"9289","SLC12A4",0.534929858697939,0.967072429753027,0.385130918292103,1,2361.27236619142,0.304788194750816
"2349","TWF2",0.534931938856291,0.967072429753027,0.385126994611174,1,2361.27236619142,0.122583979635147
"9207","MMP2",0.535231618634721,0.967108519452954,0.384562015407487,1,2361.27236619142,0.341238497505275
"10918","ACTN4",0.535405278620313,0.967108519452954,0.384234881100135,1,2361.27236619142,-0.102899267181203
"10286","HAUS1",0.535509647127498,0.967108519452954,0.384038368235206,1,2361.27236619142,-0.22728838221455
"9145","ZNF689",0.535531545336221,0.967108519452954,0.383997145473145,1,2361.27236619142,-0.337681429264784
"12311","PIN4",0.535561178639766,0.967108519452954,0.383941366488496,1,2361.27236619142,-0.132014670982283
"9880","ARHGAP27",0.535577903993825,0.967108519452954,0.383909886707419,1,2361.27236619142,-0.136543835972479
"8349","KCNK10",0.535732552165299,0.967108519452954,0.383618898807992,1,2361.27236619142,-10
"8989","TVP23A",0.535732866098583,0.967108519452954,0.383618308262527,1,2361.27236619142,-10
"5940","TOR4A",0.535739985855934,0.967108519452954,0.383604915329646,1,2361.27236619142,-0.273756486536924
"6600","SLC1A2",0.535744431536206,0.967108519452954,0.383596552751196,1,2361.27236619142,-10
"1045","SHISA4",0.536042326679473,0.967108519452954,0.383036482269965,1,2361.27236619142,-0.835703006997514
"6722","UQCC3",0.536070600674552,0.967108519452954,0.382983353944841,1,2361.27236619142,-0.207221433196877
"7036","NKAPD1",0.536085965648692,0.967108519452954,0.382954484486864,1,2361.27236619142,-0.22005904690218
"3427","SV2C",0.536391717164877,0.967108519452954,0.382380316659845,1,2361.27236619142,-10
"9591","SCO1",0.536430654568407,0.967108519452954,0.382307239232521,1,2361.27236619142,-0.218817167538131
"3966","SNHG32",0.536451130813699,0.967108519452954,0.382268813442037,1,2361.27236619142,0.19168890698694
"9195","BRD7",0.536547443952175,0.967108519452954,0.382088107690462,1,2361.27236619142,-0.113439679168903
"226","MAP3K6",0.536563940074449,0.967108519452954,0.38205716306793,1,2361.27236619142,-0.615447567342024
"1425","PRKCE",0.536713803606387,0.967108519452954,0.381776117515144,1,2361.27236619142,0.101999937509569
"529","SAMD13",0.536719376604775,0.967108519452954,0.381765668986434,1,2361.27236619142,-0.850099489709397
"6332","XPNPEP1",0.536760984327992,0.967108519452954,0.381687667045082,1,2361.27236619142,-0.180917080935519
"2988","DCK",0.536863536357959,0.967108519452954,0.381495459910681,1,2361.27236619142,0.245130964548894
"7066","TMPRSS13",0.53715580308411,0.967108519452954,0.380948048662798,1,2361.27236619142,-0.435277792643642
"4871","TES",0.537230680638888,0.967108519452954,0.380807891451637,1,2361.27236619142,-0.394498678552662
"712","ACP6",0.537293612025933,0.967108519452954,0.380690122841401,1,2361.27236619142,0.399828445604497
"6175","ZNF503",0.537333402577319,0.967108519452954,0.380615672531586,1,2361.27236619142,-0.183353116797813
"11593","SLC9A8",0.537373465250289,0.967108519452954,0.380540723222892,1,2361.27236619142,-0.184021980839231
"7959","DIS3",0.537486313183834,0.967108519452954,0.380329661905782,1,2361.27236619142,-0.179932923060757
"1803","TLK1",0.53761932159536,0.967108519452954,0.380080997875276,1,2361.27236619142,0.10145705592326
"438","BTF3L4",0.537629353705301,0.967108519452954,0.380062247035084,1,2361.27236619142,-0.120110995077283
"6489","TRIM5",0.537756465756517,0.967108519452954,0.379824719416334,1,2361.27236619142,-0.131267360695561
"7173","PARP11",0.53816567093207,0.967108519452954,0.379060754703502,1,2361.27236619142,-0.126309679853515
"1008","TSEN15",0.538171477624932,0.967108519452954,0.3790499215437,1,2361.27236619142,-0.210795924712107
"7940","RNASEH2B",0.538178224722667,0.967108519452954,0.379037334201369,1,2361.27236619142,0.119871752463914
"3521","COMMD10",0.538214865255555,0.967108519452954,0.378968982890567,1,2361.27236619142,-0.0921502227191156
"13","UBE2J2",0.538261354466679,0.967108519452954,0.378882271534735,1,2361.27236619142,0.16654570443558
"11538","LPIN3",0.53849599888853,0.967108519452954,0.378444823119537,1,2361.27236619142,-0.824513317356591
"9737","SLFN11",0.538517108777769,0.967108519452954,0.378405484957963,1,2361.27236619142,-0.187922765627417
"8936","MMP25",0.538533679992381,0.967108519452954,0.378374606566071,1,2361.27236619142,0.739137209713036
"1590","PLGLB1",0.538537044982765,0.967108519452954,0.378368336538269,1,2361.27236619142,-0.83664824350453
"6560","SPTY2D1",0.538603986052633,0.967108519452954,0.378243619304179,1,2361.27236619142,0.165530410395286
"7318","CAPRIN2",0.538622767471985,0.967108519452954,0.378208632920922,1,2361.27236619142,-0.285768617189564
"2957","OCIAD2",0.538747466381732,0.967108519452954,0.37797639798833,1,2361.27236619142,0.576863504092364
"10672","ADGRL1",0.538766216671531,0.967108519452954,0.377941486598326,1,2361.27236619142,0.58765667239922
"10187","TBCD",0.538766983778974,0.967108519452954,0.377940058359064,1,2361.27236619142,-0.172047046965163
"12517","DDX3Y",0.538810559158366,0.967108519452954,0.377858933629051,1,2361.27236619142,-0.142130045773488
"8528","JMJD7",0.538902952965399,0.967108519452954,0.377686962821124,1,2361.27236619142,0.375588995832558
"1314","ADCY3",0.53894091804517,0.967108519452954,0.37761631478413,1,2361.27236619142,-0.260764624107417
"8871","METRN",0.539035004711462,0.967108519452954,0.37744127106576,1,2361.27236619142,0.451303209619173
"1931","EEF1B2",0.539242900560526,0.967108519452954,0.377054689019222,1,2361.27236619142,-0.108697732067207
"9850","CCDC200",0.539353389223578,0.967108519452954,0.376849346500456,1,2361.27236619142,-0.229511241978157
"10040","FAM104A",0.539384069558998,0.967108519452954,0.376792340941878,1,2361.27236619142,-0.185458390020826
"3423","CERT1",0.539551305358865,0.967108519452954,0.376481713039332,1,2361.27236619142,0.0774388824771739
"6885","RNF121",0.539554150817054,0.967108519452954,0.376476429340719,1,2361.27236619142,-0.185693633065384
"300","KIAA0319L",0.539582152628692,0.967108519452954,0.376424435820944,1,2361.27236619142,0.0911342621451295
"8301","ISCA2",0.539592922775857,0.967108519452954,0.376404439221633,1,2361.27236619142,-0.17016009043829
"3711","MAT2B",0.539691242976295,0.967108519452954,0.376221924943811,1,2361.27236619142,0.153389366762891
"1343","SNX17",0.539702026259001,0.967108519452954,0.376201911369946,1,2361.27236619142,0.143689409431276
"7362","CCNT1",0.539803867591417,0.967108519452954,0.376012931865798,1,2361.27236619142,0.197912693356252
"4142","TMEM14A",0.539873936598499,0.967108519452954,0.375882947876699,1,2361.27236619142,0.441352554369508
"2376","CACNA2D3",0.539972147255414,0.967108519452954,0.3757008107608,1,2361.27236619142,0.289349082250866
"1144","CAPN2",0.540074590127089,0.967108519452954,0.375510889469207,1,2361.27236619142,0.160100747398024
"10756","UPF1",0.540148259370859,0.967108519452954,0.375374353120807,1,2361.27236619142,-0.1901832458644
"4452","MRM2",0.54028477772416,0.967108519452954,0.375121424397074,1,2361.27236619142,0.161970675752644
"7169","RHNO1",0.540530925814988,0.967108519452954,0.374665679873936,1,2361.27236619142,0.273524503429292
"214","DHDDS",0.540576295485035,0.967108519452954,0.374581719249855,1,2361.27236619142,-0.190976081778833
"8158","DNAAF2",0.540609745403682,0.967108519452954,0.374519825472601,1,2361.27236619142,0.306593528334916
"273","TMEM234",0.540806861624055,0.967108519452954,0.374155235862079,1,2361.27236619142,-0.358227143715274
"4172","CD109",0.540838114415114,0.967108519452954,0.374097452562295,1,2361.27236619142,-0.137258253997837
"8820","BLM",0.540925837847913,0.967108519452954,0.373935293426303,1,2361.27236619142,0.524873435759158
"5286","C8orf37",0.540940751447977,0.967108519452954,0.373907730037375,1,2361.27236619142,0.556009734272487
"5815","DNM1",0.541093057572814,0.967108519452954,0.373626317015835,1,2361.27236619142,0.313572691707676
"8238","PLEKHG3",0.541148186079164,0.967108519452954,0.373524493032664,1,2361.27236619142,-0.829757597018914
"2676","PPM1L",0.541220553637362,0.967108519452954,0.373390856943033,1,2361.27236619142,-0.116159393737122
"4246","ARMC2",0.541313376887133,0.967108519452954,0.373219494835264,1,2361.27236619142,0.159346770058365
"4696","PTPN12",0.541322568980718,0.967108519452954,0.373202528141041,1,2361.27236619142,0.0752660133509019
"1238","EFCAB2",0.541344933126202,0.967108519452954,0.373161250788556,1,2361.27236619142,0.177693558409652
"6301","NFKB2",0.541552184095362,0.967108519452954,0.372778878178238,1,2361.27236619142,0.229528737260118
"7456","RAB5B",0.541648421448751,0.967108519452954,0.372601414262918,1,2361.27236619142,0.173932289048127
"10673","ADGRE5",0.541677074958838,0.967108519452954,0.372548587729414,1,2361.27236619142,0.153922023904651
"9754","DHRS11",0.541731581359256,0.967108519452954,0.372448112164797,1,2361.27236619142,-0.512174281178475
"8312","TMED10",0.541990503773958,0.967108519452954,0.371971075829743,1,2361.27236619142,-0.0854905268971097
"5524","DCAF12",0.542059636244625,0.967108519452954,0.371843777727944,1,2361.27236619142,0.163051262341826
"8142","GEMIN2",0.542083960239289,0.967108519452954,0.37179899548722,1,2361.27236619142,-0.432602645398076
"10280","SETBP1",0.542216722687677,0.967108519452954,0.371554635374162,1,2361.27236619142,-10
"5197","CHCHD7",0.542563110140981,0.967108519452954,0.370917599592968,1,2361.27236619142,-0.175733234517051
"2659","GMPS",0.542569061682933,0.967108519452954,0.370906660753213,1,2361.27236619142,0.177038813455469
"5791","RALGPS1",0.542583169743021,0.967108519452954,0.37088073124587,1,2361.27236619142,-0.418625382936459
"8867","RHOT2",0.54277239841361,0.967108519452954,0.370533063884536,1,2361.27236619142,-0.236811920460173
"8592","AP4E1",0.542826837162444,0.967108519452954,0.370433085671543,1,2361.27236619142,-0.157238609968282
"10404","REXO1",0.542897898868522,0.967108519452954,0.370302606771355,1,2361.27236619142,-0.267531310699368
"11671","UCKL1",0.543058569044004,0.967108519452954,0.370007710701411,1,2361.27236619142,0.358898916155888
"9162","ZNF668",0.543167271113342,0.967108519452954,0.369808288820118,1,2361.27236619142,0.362530741186608
"6862","ALDH3B1",0.543178874832818,0.967108519452954,0.369787005299716,1,2361.27236619142,-0.15455386105568
"1241","TFB2M",0.543315460287492,0.967108519452954,0.369536543569925,1,2361.27236619142,-0.602120784304645
"9338","ZFHX3",0.543354392236743,0.967108519452954,0.369465173917565,1,2361.27236619142,0.0968224497911319
"10559","UBL5",0.543374133048784,0.967108519452954,0.36942898886899,1,2361.27236619142,0.0661909462322465
"5597","CARNMT1",0.543762414865061,0.967108519452954,0.368717758651053,1,2361.27236619142,-0.334627865111168
"1818","SCRN3",0.543843326058828,0.967108519452954,0.368569668712415,1,2361.27236619142,0.250542571792283
"11910","OSM",0.543975066594667,0.967108519452954,0.368328634067877,1,2361.27236619142,-0.409031870413556
"1094","YOD1",0.543978624097529,0.967108519452954,0.368322126698361,1,2361.27236619142,0.337090083397947
"12376","MORC4",0.544027165508169,0.967108519452954,0.36823334280988,1,2361.27236619142,-0.846811852971457
"11864","CHCHD10",0.544054666465863,0.967108519452954,0.368183049122554,1,2361.27236619142,-0.105918525005215
"2336","DCAF1",0.544063829307581,0.967108519452954,0.368166293182782,1,2361.27236619142,0.227751677229816
"8469","OTUD7A",0.544117473047774,0.967108519452954,0.368068206213967,1,2361.27236619142,0.53898060365245
"1385","STRN",0.544132915533224,0.967108519452954,0.368039973119188,1,2361.27236619142,-0.12131399885231
"7130","FOXRED1",0.544137502547532,0.967108519452954,0.368031587085541,1,2361.27236619142,-0.337115646892182
"10429","SGTA",0.544186302033702,0.967108519452954,0.36794237938148,1,2361.27236619142,0.190066613685769
"8148","KLHL28",0.544207248461066,0.967108519452954,0.367904092886694,1,2361.27236619142,0.157861161412503
"3354","SNX18",0.544221800443898,0.967108519452954,0.367877495949554,1,2361.27236619142,-0.12255333557949
"7608","DEPDC4",0.544232761002684,0.967108519452954,0.367857463995144,1,2361.27236619142,-0.631026267843698
"3207","FNIP2",0.544291530964675,0.967108519452954,0.367750066393401,1,2361.27236619142,0.109614184833104
"10919","CAPN12",0.544326846622687,0.967108519452954,0.367685540050937,1,2361.27236619142,1.00988940478542
"12095","SYCE3",0.544326846719878,0.967108519452954,0.367685539873369,1,2361.27236619142,1.00988940367509
"12043","SERHL2",0.544328321044774,0.967108519452954,0.367682846256661,1,2361.27236619142,1.00988940367417
"1842","CERKL",0.544328675910717,0.967108519452954,0.367682197912552,1,2361.27236619142,1.00988940677103
"1560","SUCLG1",0.544328805569701,0.967108519452954,0.36768196102431,1,2361.27236619142,-0.165403516749268
"2405","MAGI1",0.544330287228965,0.967108519452954,0.36767925402564,1,2361.27236619142,1.00988946857729
"7271","GSG1",0.5443323507264,0.967108519452954,0.367675484028518,1,2361.27236619142,1.00988942938823
"6473","OSBPL5",0.54435115402408,0.967108519452954,0.367641131737287,1,2361.27236619142,0.208741693440162
"11353","PSMF1",0.54435924688478,0.967108519452954,0.367626347330442,1,2361.27236619142,-0.120175951708053
"10183","WDR45B",0.544360022232549,0.967108519452954,0.367624930911136,1,2361.27236619142,-0.137496204438507
"2760","TP63",0.544525005278676,0.967196673566183,0.367323621774778,1,2361.27236619142,0.500141303309092
"3209","RAPGEF2",0.54456388741335,0.967196673566183,0.367252635786017,1,2361.27236619142,0.100308953296369
"1692","CCDC93",0.544800680027014,0.967266362296837,0.366820532809362,1,2361.27236619142,0.115705936668781
"10575","RAVER1",0.54489108307837,0.967266362296837,0.36665565556594,1,2361.27236619142,0.284945493603571
"4537","HNRNPA2B1",0.54500900588683,0.967266362296837,0.366440663865415,1,2361.27236619142,0.060798584224412
"2568","IFT122",0.545029530380588,0.967266362296837,0.366403253310223,1,2361.27236619142,0.20262948708871
"8062","LRP10",0.545079573588202,0.967266362296837,0.366312049127373,1,2361.27236619142,-0.146963379844958
"12307","OGT",0.545298545265117,0.967266362296837,0.365913153733123,1,2361.27236619142,0.129977075976822
"1519","DYSF",0.545354479725879,0.967266362296837,0.365811306878583,1,2361.27236619142,-0.135700387739608
"68","PER3",0.545365846250248,0.967266362296837,0.365790612796039,1,2361.27236619142,0.15503447507475
"9692","SEZ6",0.545372736447289,0.967266362296837,0.365778068778398,1,2361.27236619142,1.00314775627395
"11838","USP41",0.5453744077666,0.967266362296837,0.365775026085462,1,2361.27236619142,1.00314773612239
"1543","MOGS",0.545533332583119,0.967291340677229,0.365485777075797,1,2361.27236619142,0.193968451616146
"5841","DOLPP1",0.545767647361367,0.967291340677229,0.365059600492419,1,2361.27236619142,-0.81162099433983
"8132","FAM177A1",0.545882617048961,0.967291340677229,0.364850615348615,1,2361.27236619142,0.143331401190281
"5","ISG15",0.545916270792963,0.967291340677229,0.364789457002187,1,2361.27236619142,-0.0706858083678544
"10156","SLC25A10",0.54594615994666,0.967291340677229,0.364735145844722,1,2361.27236619142,-0.814502598602677
"5951","ZMYND11",0.545975371511396,0.967291340677229,0.364682071256633,1,2361.27236619142,0.121161786624169
"5434","TONSL",0.54599735151906,0.967291340677229,0.36464213918325,1,2361.27236619142,0.696020342000417
"6952","PRCP",0.546041351981262,0.967291340677229,0.364562210519639,1,2361.27236619142,0.134693094479747
"5177","CEBPD",0.546082664220938,0.967291340677229,0.364487176005774,1,2361.27236619142,-0.0641995177331027
"8694","RPLP1",0.546215557671507,0.967390101505207,0.364245876013164,1,2361.27236619142,-0.0513509568323742
"5722","SUSD1",0.546411874718119,0.967455456850518,0.363889614668509,1,2361.27236619142,0.132524789808271
"5057","MSR1",0.546602483014829,0.967455456850518,0.363543940580801,1,2361.27236619142,-0.0523464461704648
"2454","ABI3BP",0.546711914331314,0.967455456850518,0.363345584683855,1,2361.27236619142,1.07946059778669
"5789","ZBTB43",0.546821901958703,0.967455456850518,0.363146294770989,1,2361.27236619142,0.139577667208812
"8721","MPI",0.546915656262196,0.967455456850518,0.362976477343728,1,2361.27236619142,-0.3829383807326
"8600","LEO1",0.546919266990642,0.967455456850518,0.362969938303973,1,2361.27236619142,-0.201249766121266
"7973","RBM26",0.547197632802493,0.967455456850518,0.362466058621031,1,2361.27236619142,-0.0972874564300155
"1263","RPS7",0.547211254446333,0.967455456850518,0.362441413846772,1,2361.27236619142,-0.0565289791908444
"10116","PGS1",0.547225543340069,0.967455456850518,0.362415563086536,1,2361.27236619142,-0.125640661152411
"1868","GLS",0.547247564767768,0.967455456850518,0.362375725467735,1,2361.27236619142,-0.116218978994368
"5538","FANCG",0.547294215477779,0.967455456850518,0.362291342373466,1,2361.27236619142,-0.811239024490868
"596","S1PR1",0.547385812361529,0.967455456850518,0.362125698340024,1,2361.27236619142,0.636799850688505
"7791","CCDC92",0.547451507523972,0.967455456850518,0.362006926815474,1,2361.27236619142,0.150487386291402
"12334","CHM",0.547549611366428,0.967455456850518,0.361829612420758,1,2361.27236619142,0.135633943048107
"8315","BATF",0.547569195790135,0.967455456850518,0.361794222315316,1,2361.27236619142,-0.252856809469055
"4755","BUD31",0.547599414240574,0.967455456850518,0.361739620576864,1,2361.27236619142,-0.101254235650279
"4331","MAP7",0.547716500885084,0.967455456850518,0.361528109628192,1,2361.27236619142,0.275584389744692
"8593","TNFAIP8L3",0.547716958511411,0.967455456850518,0.361527283115209,1,2361.27236619142,-10
"7808","ULK1",0.547757395207853,0.967455456850518,0.361454256000085,1,2361.27236619142,-0.205947317982499
"11608","ATP9A",0.547795327254248,0.967455456850518,0.361385761315513,1,2361.27236619142,-10
"10086","ACOX1",0.548047215150261,0.967696389791663,0.360931146218318,1,2361.27236619142,0.146134413258089
"7176","C12orf4",0.5480860742118,0.967696389791663,0.360861046849999,1,2361.27236619142,0.147886699738703
"6707","FTH1",0.548271574682505,0.967727378264309,0.360526543015793,1,2361.27236619142,0.0525936515838138
"4709","CROT",0.548286821409716,0.967727378264309,0.360499058731913,1,2361.27236619142,0.222805086378574
"1333","EMILIN1",0.548335120799472,0.967727378264309,0.360412001971837,1,2361.27236619142,-0.649317695309787
"3082","DNAJB14",0.548635627782487,0.968042318042639,0.359870677346661,1,2361.27236619142,-0.0974209714350391
"11133","SCAF1",0.548670920396307,0.968042318042639,0.359807138553679,1,2361.27236619142,0.196497563514568
"4539","SNX10",0.549001580682064,0.968042318042639,0.359212207218245,1,2361.27236619142,-0.138216620671932
"10374","MED16",0.549031065538966,0.968042318042639,0.359159189902214,1,2361.27236619142,-0.304342574472986
"11256","RPL28",0.54923118491427,0.968042318042639,0.358799491736916,1,2361.27236619142,-0.0411543818758405
"12407","LAMP2",0.54923974580335,0.968042318042639,0.358784109703027,1,2361.27236619142,0.0691551635824941
"2738","POLR2H",0.549269659119561,0.968042318042639,0.358730365574052,1,2361.27236619142,-0.244215360519336
"1285","E2F6",0.549522259091322,0.968042318042639,0.358276746785758,1,2361.27236619142,0.266917038415333
"4756","PTCD1",0.549687680513088,0.968042318042639,0.357979894363439,1,2361.27236619142,-0.323707516901344
"6683","MS4A14",0.549743896303507,0.968042318042639,0.357879051913887,1,2361.27236619142,-0.137357344909752
"6420","MTG1",0.549814380605413,0.968042318042639,0.357752641212445,1,2361.27236619142,-0.17334041539195
"5905","SNAPC4",0.550094648226014,0.968042318042639,0.357250292635277,1,2361.27236619142,-0.35838203700313
"1011","NIBAN1",0.550124627407565,0.968042318042639,0.357196586645267,1,2361.27236619142,0.172606214071998
"4358","UTRN",0.550246785598951,0.968042318042639,0.356977803876561,1,2361.27236619142,0.0555970917098477
"3923","PPP1R10",0.550324426528993,0.968042318042639,0.35683879786527,1,2361.27236619142,-0.133877554537003
"4326","HBS1L",0.550460485513951,0.968042318042639,0.356595290479865,1,2361.27236619142,0.154895879444286
"9261","HSF4",0.550469082551956,0.968042318042639,0.356579907982939,1,2361.27236619142,-0.595382839505419
"4735","CALCR",0.550486763542817,0.968042318042639,0.356548273177528,1,2361.27236619142,-0.557484376298317
"9454","SERPINF1",0.550520384964053,0.968042318042639,0.356488123027231,1,2361.27236619142,0.454334425709501
"5541","FAM214B",0.550532101827621,0.968042318042639,0.35646716267817,1,2361.27236619142,-0.185421987807988
"8418","TNFAIP2",0.55066624014286,0.968042318042639,0.35622726161038,1,2361.27236619142,0.109049062172473
"5643","ASPN",0.550700362180716,0.968042318042639,0.35616625317043,1,2361.27236619142,0.793844378815626
"6581","RCN1",0.550876514605116,0.968042318042639,0.355851414435072,1,2361.27236619142,-0.256866532243079
"8724","RPP25",0.550909306160239,0.968042318042639,0.355792826648588,1,2361.27236619142,-0.332326098685115
"11327","A1BG",0.550950904711125,0.968042318042639,0.355718513050665,1,2361.27236619142,-0.189656864070206
"7865","HMGB1",0.550953032613604,0.968042318042639,0.355714711949022,1,2361.27236619142,0.0598661973422376
"10517","ZNF358",0.551030825821337,0.968042318042639,0.3555757677681,1,2361.27236619142,-0.172593597675053
"1987","STK16",0.551135406195013,0.968042318042639,0.35538903778643,1,2361.27236619142,-0.220266094134393
"11399","TMX4",0.551188843607126,0.968042318042639,0.355293650067239,1,2361.27236619142,-0.168449214631656
"12004","SYNGR1",0.551212837328639,0.968042318042639,0.355250826048842,1,2361.27236619142,0.252843300782939
"12462","HMGB3",0.551398966731117,0.968042318042639,0.354918740903071,1,2361.27236619142,0.172073455721032
"8716","CLK3",0.551432448353824,0.968042318042639,0.354859026568637,1,2361.27236619142,0.195021649293821
"7596","LTA4H",0.551584073478457,0.968042318042639,0.354588688992282,1,2361.27236619142,0.148265997089313
"1534","BOLA3",0.551590100755257,0.968042318042639,0.354577945640035,1,2361.27236619142,0.226658522296512
"5729","SLC31A2",0.551682576390153,0.968042318042639,0.354413139582105,1,2361.27236619142,0.117990109818818
"6343","ZDHHC6",0.551765529387768,0.968042318042639,0.354265348501834,1,2361.27236619142,0.18402835483465
"9252","RRAD",0.551795471017944,0.968042318042639,0.354212014016965,1,2361.27236619142,-10
"2668","LXN",0.551994084161236,0.968042318042639,0.353858365651152,1,2361.27236619142,-0.221215725212908
"3677","CCDC69",0.552010222278356,0.968042318042639,0.353829640803885,1,2361.27236619142,-0.142804563200018
"10986","ZNF526",0.552093759377406,0.968042318042639,0.353680975182865,1,2361.27236619142,-0.426327512119224
"10211","RAB12",0.552157613432566,0.968042318042639,0.353567366729152,1,2361.27236619142,0.120196978377711
"2505","GPR156",0.552316459892179,0.968042318042639,0.35328485595106,1,2361.27236619142,-1.03255728205672
"8373","SLC24A4",0.552325846751079,0.968042318042639,0.35326816606571,1,2361.27236619142,0.393839534711385
"1206","COA6",0.552339747814574,0.968042318042639,0.353243450880556,1,2361.27236619142,-0.136661271569601
"1359","PPP1CB",0.552353564925268,0.968042318042639,0.353218886117498,1,2361.27236619142,0.0940817590136935
"6085","TMEM273",0.552533577233053,0.968042318042639,0.352898956681134,1,2361.27236619142,0.360581676769802
"8702","PARP6",0.552644499085531,0.968042318042639,0.352701916888632,1,2361.27236619142,0.16770312582319
"1944","UNC80",0.552953079783387,0.968042318042639,0.352154150568478,1,2361.27236619142,-0.830101438726125
"5818","TRUB2",0.553147085991698,0.968042318042639,0.351810061850629,1,2361.27236619142,-0.358636746423848
"1478","PELI1",0.553247193815578,0.968042318042639,0.351632599897482,1,2361.27236619142,-0.153903164306495
"6381","C10orf88",0.553296032720793,0.968042318042639,0.351546044735955,1,2361.27236619142,-0.324782457700205
"8304","FCF1",0.553463637348835,0.968042318042639,0.351249115512012,1,2361.27236619142,0.189587267662757
"832","GON4L",0.553552965739144,0.968042318042639,0.351090930125038,1,2361.27236619142,0.117372032216214
"8666","SLC24A1",0.553610141710706,0.968042318042639,0.350989706469407,1,2361.27236619142,-0.335926661977955
"10688","AKAP8",0.553620778472594,0.968042318042639,0.350970877448802,1,2361.27236619142,0.18105706823992
"2875","TRMT44",0.553635482290764,0.968042318042639,0.350944850115793,1,2361.27236619142,-0.381155730144755
"8782","TM6SF1",0.553659244414149,0.968042318042639,0.350902791368526,1,2361.27236619142,0.183447945984347
"5943","NOXA1",0.553766490217459,0.968042318042639,0.350713009609539,1,2361.27236619142,0.26709325570156
"5392","ZFP41",0.553921468244397,0.968042318042639,0.350438883579929,1,2361.27236619142,0.470765891014154
"5001","FASTK",0.554031114347759,0.968042318042639,0.350245028338025,1,2361.27236619142,-0.205912171121214
"4540","SKAP2",0.554089394340869,0.968042318042639,0.350142018291951,1,2361.27236619142,0.0718878773357414
"9105","C16orf54",0.554106874049163,0.968042318042639,0.350111126847855,1,2361.27236619142,-0.426622300352233
"5616","HNRNPK",0.554237795071478,0.968042318042639,0.349879811947454,1,2361.27236619142,-0.0715621822751054
"6995","JRKL",0.554341255781569,0.968042318042639,0.349697087678103,1,2361.27236619142,0.28028293288106
"12168","SAT1",0.554417583594845,0.968042318042639,0.349562324714919,1,2361.27236619142,-0.0501136656460044
"185","FUCA1",0.554451242045292,0.968042318042639,0.349502909119346,1,2361.27236619142,-0.0766104753405821
"4228","ASCC3",0.554477388396738,0.968042318042639,0.349456758963439,1,2361.27236619142,0.105733878910323
"6954","RAB30",0.554619452103771,0.968042318042639,0.349206078355633,1,2361.27236619142,-0.619310899075725
"9559","SAT2",0.554644925898435,0.968042318042639,0.349161141027725,1,2361.27236619142,0.101756024247026
"3095","TET2",0.554668413805316,0.968042318042639,0.34911971038403,1,2361.27236619142,-0.0745682093040105
"2106","FANCD2",0.554779914302539,0.968042318042639,0.348923078353122,1,2361.27236619142,-0.429176502042273
"450","MAGOH",0.554964804122894,0.968042318042639,0.348597188306207,1,2361.27236619142,-0.152065187843429
"3409","MRPS27",0.555102675146178,0.968042318042639,0.348354308060503,1,2361.27236619142,-0.274589692067677
"3781","RUFY1",0.55521028481639,0.968042318042639,0.348164816973672,1,2361.27236619142,0.105757775768034
"733","RPRD2",0.55525754168844,0.968042318042639,0.348081623775672,1,2361.27236619142,0.0998955937157564
"9134","ZNF48",0.555396377404179,0.968042318042639,0.347837288429458,1,2361.27236619142,-0.579152767624459
"3991","HLA-DQA2",0.555450825703836,0.968042318042639,0.347741497071752,1,2361.27236619142,-0.315521735901976
"1198","TSNAX",0.55546013082096,0.968042318042639,0.347725128278852,1,2361.27236619142,-0.126545990940279
"8471","GOLGA8N",0.555603076673009,0.968042318042639,0.347473735002179,1,2361.27236619142,-0.831123976840645
"4596","POLM",0.555832381855412,0.968042318042639,0.347070720769674,1,2361.27236619142,-0.343887134399425
"3784","MAML1",0.555880662939271,0.968042318042639,0.346985904729168,1,2361.27236619142,0.189514577666627
"5594","ALDH1A1",0.555974217659956,0.968042318042639,0.346821595607504,1,2361.27236619142,-0.120452127491561
"2358","NT5DC2",0.555976310547249,0.968042318042639,0.346817920492049,1,2361.27236619142,-0.200402182232515
"1405","SOS1",0.556033173823124,0.968042318042639,0.346718078469821,1,2361.27236619142,-0.074237164524046
"701","RBM8A",0.556072541535184,0.968042318042639,0.34664896695465,1,2361.27236619142,0.097212664666218
"1522","SFXN5",0.556124381581753,0.968042318042639,0.346557973933151,1,2361.27236619142,-0.168011288074229
"10184","RAB40B",0.556215316290184,0.968042318042639,0.346398398268509,1,2361.27236619142,-0.800742378925979
"6399","FANK1",0.556342855199708,0.968042318042639,0.346174671523105,1,2361.27236619142,0.514986776720313
"1265","RSAD2",0.556444144123077,0.968042318042639,0.345997061403788,1,2361.27236619142,-0.0854615227647478
"1521","SPR",0.556461117278064,0.968042318042639,0.345967304979184,1,2361.27236619142,-0.415751172995926
"4127","SLC25A27",0.556650758085804,0.968042318042639,0.345634954001236,1,2361.27236619142,0.694739239826354
"5879","SURF1",0.556802312070207,0.968042318042639,0.34536950577399,1,2361.27236619142,-0.128960970015941
"7605","ANKS1B",0.557084268785827,0.968042318042639,0.344876020905133,1,2361.27236619142,0.702237135282337
"10096","UBE2O",0.557085384161491,0.968042318042639,0.344874069700249,1,2361.27236619142,0.181059783769779
"6397","BCCIP",0.557295194663264,0.968042318042639,0.344507165486665,1,2361.27236619142,-0.207782390331146
"2056","DUSP28",0.557313504284399,0.968042318042639,0.344475159159345,1,2361.27236619142,-0.478431028695458
"4428","C6orf120",0.557406247501857,0.968042318042639,0.34431306910144,1,2361.27236619142,0.252983176805847
"10351","ZNF236",0.557543201399372,0.968042318042639,0.344073804498069,1,2361.27236619142,0.162767746038133
"7471","CS",0.557682198682717,0.968042318042639,0.34383108429193,1,2361.27236619142,0.180373564641726
"5223","NCOA2",0.557745745949398,0.968042318042639,0.343720154951413,1,2361.27236619142,0.0696547431160512
"1538","DCTN1",0.557840186817275,0.968042318042639,0.343555341569167,1,2361.27236619142,0.166632530367361
"11993","DNAL4",0.557920910574363,0.968042318042639,0.343414508681407,1,2361.27236619142,-0.581608517477667
"9708","TEFM",0.557970495377164,0.968042318042639,0.343328020900276,1,2361.27236619142,-0.187017735233
"2584","CDV3",0.558011536871123,0.968042318042639,0.343256445765383,1,2361.27236619142,-0.0727767095003387
"944","BLZF1",0.558123496352109,0.968042318042639,0.343061242750159,1,2361.27236619142,-0.116444161026449
"867","IFI16",0.558340634714114,0.968042318042639,0.342682871314283,1,2361.27236619142,-0.0630881548173704
"3695","HAVCR2",0.558389091444488,0.968042318042639,0.342598471971751,1,2361.27236619142,0.0773335404162684
"5174","POMK",0.558405440432818,0.968042318042639,0.342569999326695,1,2361.27236619142,-0.352647422212378
"5667","ZNF510",0.558440798214545,0.968042318042639,0.342508427275491,1,2361.27236619142,0.302791473964708
"334","MYCBP",0.558497524384933,0.968042318042639,0.342409659827157,1,2361.27236619142,0.195832522527066
"11344","SOX12",0.558623744259462,0.968042318042639,0.342189963634182,1,2361.27236619142,0.415024823456416
"4234","CRYBG1",0.55875271922323,0.968042318042639,0.341965569724525,1,2361.27236619142,0.1465902588221
"12152","SCML1",0.558791855077547,0.968042318042639,0.341897499706237,1,2361.27236619142,-0.184798187155937
"6857","CDK2AP2",0.558983677422852,0.968042318042639,0.341563989549131,1,2361.27236619142,0.218043113733933
"5543","RUSC2",0.559003287371002,0.968042318042639,0.341529907194877,1,2361.27236619142,0.19341032980741
"9647","SLC47A1",0.559084081901266,0.968042318042639,0.341389509273835,1,2361.27236619142,-0.318430092756875
"4968","CUL1",0.559108791520607,0.968042318042639,0.341346578712854,1,2361.27236619142,0.0835518021578627
"9656","NATD1",0.559168281190103,0.968042318042639,0.341243236049589,1,2361.27236619142,-0.574141615365586
"2401","C3orf14",0.559240975601471,0.968042318042639,0.341116983217124,1,2361.27236619142,-0.38952157796838
"6255","UBTD1",0.559273470595207,0.968042318042639,0.341060557305511,1,2361.27236619142,0.156324886425271
"4599","NUDCD3",0.559515831757068,0.968042318042639,0.34063990681395,1,2361.27236619142,0.147468174948366
"9577","PFAS",0.559525232806089,0.968042318042639,0.340623597036695,1,2361.27236619142,-0.836707265558749
"3181","ARHGAP10",0.55953432514767,0.968042318042639,0.340607823330601,1,2361.27236619142,-0.0799120395908215
"8177","FRMD6",0.559729470172456,0.968042318042639,0.340269397060468,1,2361.27236619142,0.699687296791696
"9413","ZNF778",0.55973632950635,0.968042318042639,0.340257505502817,1,2361.27236619142,0.379862334383387
"3992","HLA-DOB",0.559917624176278,0.968042318042639,0.339943308286304,1,2361.27236619142,0.540216386275225
"949","METTL18",0.560121169716421,0.968042318042639,0.339590780360367,1,2361.27236619142,0.375641911483432
"7345","TMEM117",0.56018229272226,0.968042318042639,0.339484967034893,1,2361.27236619142,0.133492714914305
"1429","PIGF",0.560190107151946,0.968042318042639,0.339471440647409,1,2361.27236619142,-0.181313923046852
"218","PIGV",0.560210709886716,0.968042318042639,0.339435780073001,1,2361.27236619142,-0.472130286270611
"11988","CBY1",0.560227725259232,0.968042318042639,0.339406330633955,1,2361.27236619142,0.31383049529404
"4591","MRPS24",0.560252495018205,0.968042318042639,0.339363463311483,1,2361.27236619142,0.132046405530701
"8664","HACD3",0.56026989423126,0.968042318042639,0.339333353855373,1,2361.27236619142,0.188376683495948
"472","MYSM1",0.560356619469952,0.968042318042639,0.339183301924264,1,2361.27236619142,0.135521980004031
"5189","MRPL15",0.560454384344753,0.968042318042639,0.339014202507831,1,2361.27236619142,-0.211747118400913
"4022","UQCC2",0.560588063218431,0.968042318042639,0.338783075666131,1,2361.27236619142,0.152577136522019
"455","HSPB11",0.560633474732646,0.968042318042639,0.338704584504554,1,2361.27236619142,-0.148978123564606
"7547","THAP2",0.560633645396397,0.968042318042639,0.338704289545149,1,2361.27236619142,-0.329261854020311
"1570","MAT2A",0.560716654776026,0.968042318042639,0.338560844207858,1,2361.27236619142,-0.10392060859543
"11245","RDH13",0.560733754160251,0.968042318042639,0.338531300467149,1,2361.27236619142,-0.478560128421869
"9093","SH2B1",0.560806823105362,0.968042318042639,0.338405073842893,1,2361.27236619142,0.211577149412043
"10162","PCYT2",0.560848616233216,0.968042318042639,0.338332890364835,1,2361.27236619142,0.460506828038584
"5819","COQ4",0.560953428542128,0.968042318042639,0.338151907912642,1,2361.27236619142,-0.265610154187003
"6877","CCND1",0.560963855233842,0.968042318042639,0.338133907385399,1,2361.27236619142,0.242823887399166
"4360","FBXO30",0.561003582680224,0.968042318042639,0.338065328229055,1,2361.27236619142,-0.275080149995767
"2147","OXNAD1",0.561112580823219,0.968042318042639,0.337877218932614,1,2361.27236619142,0.257791881106836
"8660","PDCD7",0.561141648870842,0.968042318042639,0.337827065045739,1,2361.27236619142,-0.167803453029247
"5701","SLC44A1",0.561199943647612,0.968042318042639,0.337726498492645,1,2361.27236619142,-0.100633800765002
"11352","RSPO4",0.561228024447054,0.968042318042639,0.337678062376948,1,2361.27236619142,-0.867560755318246
"3519","ATG12",0.561276508246549,0.968042318042639,0.337594444394624,1,2361.27236619142,-0.123207337539783
"3642","NR3C1",0.56129630495276,0.968042318042639,0.337560305825264,1,2361.27236619142,0.0663965365901208
"991","XPR1",0.561351139215187,0.968042318042639,0.337465758550387,1,2361.27236619142,-0.13935663237101
"5638","SPTLC1",0.561532134308504,0.968042318042639,0.337153805781351,1,2361.27236619142,-0.129049732490662
"4837","SRPK2",0.561582611582325,0.968042318042639,0.337066840444769,1,2361.27236619142,0.0711319954738778
"5948","ZMYND19",0.561856783274803,0.968042318042639,0.336594742595869,1,2361.27236619142,-0.591558337945175
"6972","CHORDC1",0.56190332431703,0.968042318042639,0.336514647207953,1,2361.27236619142,-0.162696345139875
"10948","AKT2",0.561983818648814,0.968042318042639,0.336376149549252,1,2361.27236619142,0.170214649602261
"3570","SKP1",0.562359138422681,0.968042318042639,0.335730881260071,1,2361.27236619142,-0.0712615175540524
"1096","CR1",0.562492229926051,0.968042318042639,0.335502262517296,1,2361.27236619142,0.214544099626872
"542","ODF2L",0.562755193861449,0.968042318042639,0.335050860272901,1,2361.27236619142,-0.172492605337501
"7552","CAPS2",0.56280871003106,0.968042318042639,0.334959044436302,1,2361.27236619142,-0.154552503838685
"6661","SERPING1",0.562944594211479,0.968042318042639,0.334725988124724,1,2361.27236619142,0.138439284747111
"4466","AP5Z1",0.563021130777976,0.968042318042639,0.334594767156285,1,2361.27236619142,0.178940601989388
"9565","CHD3",0.563065036628774,0.968042318042639,0.334519506632171,1,2361.27236619142,-0.145651907655678
"10811","C19orf12",0.563187007260153,0.968042318042639,0.334310491870844,1,2361.27236619142,0.19714653486754
"4104","ZNF318",0.563289744857611,0.968042318042639,0.334134503388134,1,2361.27236619142,0.206725194659332
"12129","TLR7",0.563408308140445,0.968042318042639,0.33393148249407,1,2361.27236619142,-0.490106954666641
"2009","TRIP12",0.563464471560363,0.968042318042639,0.333835340235907,1,2361.27236619142,0.0660946042458421
"9665","TNFAIP1",0.563546034401386,0.968042318042639,0.333695751348509,1,2361.27236619142,0.260434919587504
"10789","ZNF66",0.563660134501119,0.968042318042639,0.333500542623506,1,2361.27236619142,-0.392126678459276
"12149","RBBP7",0.563776850073339,0.968042318042639,0.333300938002714,1,2361.27236619142,-0.155941073473131
"1771","PKP4",0.563804003218871,0.968042318042639,0.333254512663593,1,2361.27236619142,-0.280961949318987
"9011","PDXDC1",0.563807590188691,0.968042318042639,0.333248380131499,1,2361.27236619142,-0.104994088705382
"4885","ZNF800",0.563822429522044,0.968042318042639,0.333223010578623,1,2361.27236619142,-0.120896497616384
"7908","NUFIP1",0.563828554671535,0.968042318042639,0.333212539304127,1,2361.27236619142,0.322126626383319
"1859","OSGEPL1",0.563863125759375,0.968042318042639,0.333153442271779,1,2361.27236619142,0.325412493376887
"1706","NIFK",0.563893897651879,0.968042318042639,0.333100845595245,1,2361.27236619142,-0.174934267313337
"6758","ESRRA",0.563978410683373,0.968042318042639,0.332956420669463,1,2361.27236619142,0.176634038778328
"5207","YTHDF3",0.564412727844609,0.968042318042639,0.332214871207882,1,2361.27236619142,0.101724466509466
"8947","ZNF174",0.564586036955029,0.968042318042639,0.331919272102804,1,2361.27236619142,0.407759851901009
"3728","ERGIC1",0.564695951427099,0.968042318042639,0.33173189083185,1,2361.27236619142,-0.148632703662446
"7856","LNX2",0.564758564865538,0.968042318042639,0.331625179467852,1,2361.27236619142,-0.259410309166597
"9367","CMIP",0.564798100511629,0.968042318042639,0.331557811094503,1,2361.27236619142,-0.0638160293803369
"9860","ATXN7L3",0.564913766004647,0.968042318042639,0.33136077049526,1,2361.27236619142,0.20274688307745
"968","ZBTB37",0.564988438923695,0.968042318042639,0.331233603735929,1,2361.27236619142,-0.220480191344474
"1106","HHAT",0.565101883109417,0.968042318042639,0.331040472315749,1,2361.27236619142,-0.275225337164487
"859","PRCC",0.565112900105996,0.968042318042639,0.331021720582467,1,2361.27236619142,-0.175499995622018
"4267","REV3L",0.56512252937965,0.968042318042639,0.33100533143401,1,2361.27236619142,-0.0827195637229384
"4083","GUCA1B",0.56521891574361,0.968042318042639,0.330841310350392,1,2361.27236619142,-0.589599961367851
"4926","STMP1",0.565240949703666,0.968042318042639,0.330803822664472,1,2361.27236619142,-0.0841239139990678
"8599","TMOD3",0.565345321528626,0.968042318042639,0.330626287079938,1,2361.27236619142,0.0708650660077266
"11658","PTK6",0.565394548179028,0.968042318042639,0.330542574973661,1,2361.27236619142,0.95626073811314
"6005","TRDMT1",0.565410847790823,0.968042318042639,0.330514859867574,1,2361.27236619142,-0.390370691374809
"10442","DOHH",0.565442329898901,0.968042318042639,0.330461333523913,1,2361.27236619142,0.374482217189213
"9839","PSME3",0.565501433469463,0.968042318042639,0.330360860339731,1,2361.27236619142,0.192754415892898
"184","HMGCL",0.5656035379767,0.968042318042639,0.330187335542259,1,2361.27236619142,0.141489562015181
"9374","NECAB2",0.565682190652127,0.968042318042639,0.330053708061687,1,2361.27236619142,0.695826763525466
"11732","RCAN1",0.565853343585869,0.968042318042639,0.329763050952259,1,2361.27236619142,-0.191847752704762
"10729","FCHO1",0.565946690300551,0.968042318042639,0.329604598479622,1,2361.27236619142,-0.413488295214852
"5531","DCTN3",0.566029460775921,0.968042318042639,0.329464141117065,1,2361.27236619142,-0.146219915964222
"1161","ACBD3",0.566066169226567,0.968042318042639,0.329401861448681,1,2361.27236619142,0.104899971090909
"660","OLFML3",0.566073998369107,0.968042318042639,0.329388579514421,1,2361.27236619142,-0.586286158765358
"3366","GAPT",0.566131373089887,0.968042318042639,0.329291255674181,1,2361.27236619142,-0.309449368914906
"1311","NCOA1",0.566164060029991,0.968042318042639,0.329235817877296,1,2361.27236619142,-0.0826086115307018
"6580","ELP4",0.566166902214721,0.968042318042639,0.329230997760265,1,2361.27236619142,-0.123234863499025
"9131","CD2BP2",0.566175207718396,0.968042318042639,0.329216912561887,1,2361.27236619142,-0.148849489728864
"6112","DNAJC12",0.566182246257032,0.968042318042639,0.329204976306992,1,2361.27236619142,0.956260737663051
"8912","MLST8",0.566211334006017,0.968042318042639,0.329155651108592,1,2361.27236619142,-0.345995730920209
"6948","USP35",0.566319569756812,0.968042318042639,0.328972154785816,1,2361.27236619142,0.467903765230559
"11661","STMN3",0.56634124886508,0.968042318042639,0.328935409515092,1,2361.27236619142,0.950183858466643
"2683","MECOM",0.566342137519093,0.968042318042639,0.328933903338257,1,2361.27236619142,0.95018386159443
"2606","MRPS22",0.566408640359726,0.968042318042639,0.328821200890767,1,2361.27236619142,-0.17873494968265
"11033","APOC1",0.56643589688635,0.968042318042639,0.328775016635129,1,2361.27236619142,0.0870464535505303
"11521","RPN2",0.566499037230294,0.968042318042639,0.328668046346978,1,2361.27236619142,0.0910468449365863
"9914","ABI3",0.566556338278783,0.968042318042639,0.328570988817126,1,2361.27236619142,-0.103108701788754
"12131","TMSB4X",0.56656007714953,0.968042318042639,0.328564656513536,1,2361.27236619142,-0.0371111243508226
"5969","RBM17",0.566718363675698,0.968042318042639,0.32829665037225,1,2361.27236619142,0.0979904860304294
"2755","RPL39L",0.566839980842031,0.968042318042639,0.328090830394145,1,2361.27236619142,-0.379444699837286
"9216","MT1M",0.566934559927607,0.968042318042639,0.327930827817994,1,2361.27236619142,-0.940373378673398
"9173","ITGAD",0.566971493915641,0.968042318042639,0.327868359435785,1,2361.27236619142,-0.866424068165008
"950","SCYL3",0.567023017817073,0.968042318042639,0.327781227571467,1,2361.27236619142,-0.228651845686162
"10892","ZNF420",0.567089252865885,0.968042318042639,0.32766924033093,1,2361.27236619142,0.294004597040375
"208","PDIK1L",0.567098509413521,0.968042318042639,0.327653591799947,1,2361.27236619142,0.299587390353681
"4881","NDUFA5",0.567132593791733,0.968042318042639,0.327595975193727,1,2361.27236619142,-0.126188648900444
"6964","EED",0.567220172964866,0.968042318042639,0.32744796124426,1,2361.27236619142,-0.155960615540142
"5941","NRARP",0.567268420953698,0.968042318042639,0.327366438274822,1,2361.27236619142,0.944244720133408
"1299","KLHL29",0.567269261929362,0.968042318042639,0.327365017426597,1,2361.27236619142,0.944244750620852
"5014","DPP6",0.567269950302676,0.968042318042639,0.327363854406687,1,2361.27236619142,0.944245380046232
"10937","SUPT5H",0.56736037572056,0.968042318042639,0.327211102769022,1,2361.27236619142,0.114933449346369
"4640","CRCP",0.567555810644226,0.968042318042639,0.326881124845599,1,2361.27236619142,-0.162422988662962
"5232","UBE2W",0.567590602990737,0.968042318042639,0.326822403614209,1,2361.27236619142,0.0743075497910992
"7837","LATS2",0.567591681712464,0.968042318042639,0.326820583099576,1,2361.27236619142,-0.134124071071109
"8117","AP4S1",0.56774027413901,0.968042318042639,0.326569874011215,1,2361.27236619142,-0.231544173679253
"11313","ZNF587",0.567782549082738,0.968042318042639,0.326498569922456,1,2361.27236619142,0.235050373340092
"9661","LGALS9",0.567856398895442,0.968042318042639,0.326374034070475,1,2361.27236619142,-0.073681600537206
"11060","IRF2BP1",0.567936392612128,0.968042318042639,0.326239173060378,1,2361.27236619142,0.458456543785696
"282","RBBP4",0.567958783263112,0.968042318042639,0.326201431393962,1,2361.27236619142,0.11443904194485
"7087","HMBS",0.568139212734015,0.968042318042639,0.325897405260124,1,2361.27236619142,-0.467979314875512
"11776","ICOSLG",0.568341845136459,0.968042318042639,0.325556190912037,1,2361.27236619142,0.26264592943553
"1356","BABAM2",0.568355349406821,0.968042318042639,0.325533459382399,1,2361.27236619142,0.0948121087979852
"9672","UNC119",0.568605162192137,0.968042318042639,0.325113143074696,1,2361.27236619142,0.219384774865951
"5780","GOLGA1",0.568622281186848,0.968042318042639,0.325084353108635,1,2361.27236619142,0.143045141904205
"7978","GPR180",0.568682763324943,0.968042318042639,0.324982650458019,1,2361.27236619142,-0.183272787264971
"1648","MAP4K4",0.568690340799584,0.968042318042639,0.324969910178133,1,2361.27236619142,0.119149174040602
"5469","RIC1",0.568952769584663,0.968042318042639,0.324528883379872,1,2361.27236619142,-0.0911005605309706
"9579","RANGRF",0.568975398731792,0.968042318042639,0.324490872363262,1,2361.27236619142,0.24805604276703
"6665","MED19",0.569080400966484,0.968042318042639,0.324314534802567,1,2361.27236619142,0.215493320600634
"2286","P4HTM",0.569086016062586,0.968042318042639,0.324305106768827,1,2361.27236619142,0.226816684083273
"4798","POP7",0.569180112568818,0.968042318042639,0.324147140921539,1,2361.27236619142,-0.215197425570895
"12490","FAM50A",0.569299433726979,0.968042318042639,0.323946902103762,1,2361.27236619142,-0.120765800373863
"1104","IRF6",0.569461155063336,0.968042318042639,0.323675640150311,1,2361.27236619142,0.956260769265072
"1898","BZW1",0.569599519219863,0.968042318042639,0.323443675547945,1,2361.27236619142,-0.0794874202267992
"8843","LRRK1",0.569622684054679,0.968042318042639,0.323404850943552,1,2361.27236619142,-0.123398512539827
"9538","EIF5A",0.569653143612893,0.968042318042639,0.323353804969043,1,2361.27236619142,-0.110215203156179
"5475","KDM4C",0.569849650350264,0.968042318042639,0.323024615198517,1,2361.27236619142,-0.0947226976379214
"11074","ZC3H4",0.569860040801663,0.968042318042639,0.323007215199987,1,2361.27236619142,-0.205246255057947
"8407","DYNC1H1",0.569882969127441,0.968042318042639,0.322968821291461,1,2361.27236619142,-0.0796261485093
"12478","RENBP",0.569900591227294,0.968042318042639,0.322939314808988,1,2361.27236619142,-0.162596497098832
"9075","NSMCE1",0.570009091038737,0.968042318042639,0.322757681776124,1,2361.27236619142,-0.187839517083933
"2494","B4GALT4",0.570014831696952,0.968042318042639,0.322748073566844,1,2361.27236619142,-0.259975783731204
"12359","BEX1",0.570142623890468,0.968042318042639,0.322534235197984,1,2361.27236619142,-0.463234453721055
"1181","CCSAP",0.570222787092432,0.968042318042639,0.322400143630797,1,2361.27236619142,-0.15776378100276
"10951","HIPK4",0.570229476152957,0.968042318042639,0.322388956290703,1,2361.27236619142,1.071610264645
"2298","USP4",0.570295431523591,0.968042318042639,0.322278660797041,1,2361.27236619142,0.0903670476769744
"10782","ZNF253",0.570364822644351,0.968042318042639,0.322162646721275,1,2361.27236619142,0.237535667875186
"4853","CBLL1",0.57037361036345,0.968042318042639,0.3221479566227,1,2361.27236619142,-0.195066830469836
"5510","DDX58",0.570385403266367,0.968042318042639,0.322128243567601,1,2361.27236619142,-0.0718878571955366
"3287","TRIO",0.570523962523687,0.968042318042639,0.321896687184618,1,2361.27236619142,0.0658726889111653
"7622","HSP90B1",0.570598934626016,0.968042318042639,0.321771441774739,1,2361.27236619142,-0.0774080279791042
"9818","GHDC",0.570628227528921,0.968042318042639,0.321722514969253,1,2361.27236619142,0.235047561371489
"3743","HIGD2A",0.570638972273979,0.968042318042639,0.321704569668769,1,2361.27236619142,0.0870973214294271
"2513","GOLGB1",0.570695217703998,0.968042318042639,0.321610642344459,1,2361.27236619142,-0.0806244598065148
"2482","CFAP44",0.570724603458375,0.968042318042639,0.321561576672257,1,2361.27236619142,0.243751018028505
"3810","NQO2",0.570768001404626,0.968042318042639,0.321489123758174,1,2361.27236619142,-0.110093854196353
"2386","ASB14",0.570791844599148,0.968042318042639,0.321449322113207,1,2361.27236619142,-0.805474662013527
"3924","MRPS18B",0.570896044271046,0.968042318042639,0.321275418931518,1,2361.27236619142,0.137895715614987
"5201","NSMAF",0.571120373654942,0.968042318042639,0.320901237230055,1,2361.27236619142,-0.121578923894111
"7382","BCDIN3D",0.571177941625529,0.968042318042639,0.320805260218585,1,2361.27236619142,-0.401672396345285
"10846","FXYD5",0.571217785234146,0.968042318042639,0.320738844270995,1,2361.27236619142,-0.080116609950447
"2657","C3orf33",0.571463321655418,0.968042318042639,0.320329756069416,1,2361.27236619142,-0.788424845471175
"9436","GEMIN4",0.571473490624717,0.968042318042639,0.320312820984657,1,2361.27236619142,-0.767219024975826
"10415","PLEKHJ1",0.571611976881456,0.968042318042639,0.320082249117486,1,2361.27236619142,0.156798615892257
"2038","ACKR3",0.571613961602886,0.968042318042639,0.32007894546399,1,2361.27236619142,0.59241503601615
"5243","ZBTB10",0.571665397019608,0.968042318042639,0.319993336868011,1,2361.27236619142,0.262869239156683
"6456","MOB2",0.571727809942806,0.968042318042639,0.319889477716414,1,2361.27236619142,-0.210304439895492
"7348","SCAF11",0.571825134500413,0.968042318042639,0.319727567739848,1,2361.27236619142,-0.0570245502555964
"4982","ATP6V0E2",0.57199462131034,0.968042318042639,0.319445737120142,1,2361.27236619142,-0.288262504200342
"2963","CHIC2",0.572001255452524,0.968042318042639,0.319434708892137,1,2361.27236619142,0.104477058689247
"6369","INPP5F",0.572052546974148,0.968042318042639,0.319349453205187,1,2361.27236619142,-0.221834739494655
"1324","ADGRF3",0.572098411792408,0.968042318042639,0.31927323038468,1,2361.27236619142,-0.769870459099614
"3334","CCDC152",0.572128421126317,0.968042318042639,0.319223364316877,1,2361.27236619142,-0.569363497239273
"1767","CYTIP",0.572325957009493,0.968042318042639,0.318895250052056,1,2361.27236619142,-0.122428775954087
"6270","ABCC2",0.572440648610045,0.968042318042639,0.318704845246627,1,2361.27236619142,0.520334182101495
"4790","AGFG2",0.572493340809098,0.968042318042639,0.318617393639858,1,2361.27236619142,-0.76307734054819
"8542","TTBK2",0.572639030311595,0.968042318042639,0.318375679648038,1,2361.27236619142,-0.130316807922885
"9090","EIF3C",0.57264350002489,0.968042318042639,0.31836826584221,1,2361.27236619142,-0.562081745609697
"9323","MTSS2",0.572686510557337,0.968042318042639,0.31829693112412,1,2361.27236619142,0.449495225595698
"5345","DERL1",0.572695687565619,0.968042318042639,0.318281712046509,1,2361.27236619142,0.135558274454147
"10589","C19orf38",0.572776918119079,0.968042318042639,0.318147020855381,1,2361.27236619142,0.169591903258796
"3140","ANKRD50",0.572813347882145,0.968042318042639,0.318086627609612,1,2361.27236619142,0.166019364568295
"11863","ZNF70",0.572848265361038,0.968042318042639,0.318028748520404,1,2361.27236619142,0.446008300446533
"4551","PLEKHA8",0.572918102720903,0.968042318042639,0.31791300718514,1,2361.27236619142,-0.169053842187394
"4010","WDR46",0.573101444458128,0.968042318042639,0.317609287337569,1,2361.27236619142,-0.246093923696298
"7416","ITGB7",0.5731437187671,0.968042318042639,0.317539283791145,1,2361.27236619142,-0.137491355974671
"7579","EEA1",0.573193657578164,0.968042318042639,0.31745660141794,1,2361.27236619142,0.0936762293888492
"12385","AMMECR1",0.573211193401652,0.968042318042639,0.317427571182135,1,2361.27236619142,-0.252150681110495
"2429","CADM2",0.57342509517432,0.968042318042639,0.31707360144805,1,2361.27236619142,-10
"1630","MGAT4A",0.573433264965995,0.968042318042639,0.317060087039711,1,2361.27236619142,0.0873342416998737
"9943","COX11",0.57344435217063,0.968042318042639,0.317041747275395,1,2361.27236619142,0.217588766577059
"3061","PYURF",0.57347431178595,0.968042318042639,0.316992193437656,1,2361.27236619142,-0.127878729280726
"7717","RNFT2",0.573541577356075,0.968042318042639,0.316880953343451,1,2361.27236619142,-0.812728119675549
"11804","TMEM121B",0.573653221160542,0.968042318042639,0.316696379712315,1,2361.27236619142,-0.78188197994898
"2774","ACAP2",0.573778663195483,0.968042318042639,0.316489078802188,1,2361.27236619142,0.0572805190344882
"5534","IL11RA",0.57380696272939,0.968042318042639,0.316442324382398,1,2361.27236619142,-0.554208598013899
"4785","ZCWPW1",0.573857173927967,0.968042318042639,0.316359380303413,1,2361.27236619142,0.300434431114723
"10453","DAPK3",0.573945868159506,0.968042318042639,0.316212900915841,1,2361.27236619142,-0.240316983333273
"578","ALG14",0.574070542798497,0.968042318042639,0.316007075016326,1,2361.27236619142,0.27084233962825
"7932","PHF11",0.574124467059014,0.968042318042639,0.315918078542027,1,2361.27236619142,0.0905187090751877
"5117","FBXO16",0.57425677918085,0.968042318042639,0.315699780803426,1,2361.27236619142,-0.592251906044247
"5898","UBAC1",0.574382832968233,0.968042318042639,0.315491900831296,1,2361.27236619142,0.100713939843113
"3080","DAPP1",0.574458087119051,0.968042318042639,0.315367839357054,1,2361.27236619142,0.0990319968226586
"10906","SIPA1L3",0.574459189884783,0.968042318042639,0.315366021612975,1,2361.27236619142,-0.11447092744416
"6261","GOLGA7B",0.574480888577228,0.968042318042639,0.315330255971443,1,2361.27236619142,0.938437457660023
"8527","MAPKBP1",0.574510478579499,0.968042318042639,0.315281487497508,1,2361.27236619142,-0.272553244271874
"5146","LSM1",0.574602468892418,0.968042318042639,0.315129906241655,1,2361.27236619142,0.144030771311576
"2961","SCFD2",0.57462755360799,0.968042318042639,0.315088580069466,1,2361.27236619142,0.181857016430175
"402","TOE1",0.57463722802254,0.968042318042639,0.315072642769661,1,2361.27236619142,0.401549225934567
"6485","AC104389.5",0.574682657566226,0.968042318042639,0.314997810781358,1,2361.27236619142,0.156290112358265
"3499","FER",0.574881191686588,0.968042318042639,0.314670920562265,1,2361.27236619142,-0.0934924111382753
"11132","RRAS",0.574962765995404,0.968042318042639,0.314536671574616,1,2361.27236619142,0.124932481502746
"1464","PEX13",0.575048517441074,0.968042318042639,0.314395588757402,1,2361.27236619142,0.146762327048885
"6686","TMEM109",0.575082173798893,0.968042318042639,0.314340226903958,1,2361.27236619142,-0.176957678927076
"7196","CHD4",0.575146266985041,0.968042318042639,0.314234816768526,1,2361.27236619142,-0.0895697875572151
"7914","ZC3H13",0.575154298090267,0.968042318042639,0.314221610139934,1,2361.27236619142,0.0941744306188606
"10382","ARHGAP45",0.575275904101138,0.968042318042639,0.314021681560538,1,2361.27236619142,0.140670252693623
"3913","ZNRD1",0.575288967858938,0.968042318042639,0.314000208824753,1,2361.27236619142,-0.250389097917436
"9186","ITFG1",0.575468303030373,0.968042318042639,0.313705535350751,1,2361.27236619142,0.0679956617795487
"2054","COPS9",0.575502501191442,0.968042318042639,0.313649363487438,1,2361.27236619142,-0.0945828392860127
"2185","FBXL2",0.575650892229284,0.968042318042639,0.313405701731588,1,2361.27236619142,0.576969930862793
"2660","KCNAB1",0.575681250407416,0.968042318042639,0.313355868175822,1,2361.27236619142,0.539513037503659
"8760","MTHFS",0.575724494600578,0.968042318042639,0.313284890955199,1,2361.27236619142,-0.230441533408431
"4076","PRICKLE4",0.575779974747952,0.968042318042639,0.313193846175932,1,2361.27236619142,0.962481925834976
"7996","CCDC168",0.575813469966644,0.968042318042639,0.313138887812673,1,2361.27236619142,-0.88064634787715
"10699","C19orf44",0.575851843725367,0.968042318042639,0.313075932610496,1,2361.27236619142,0.534667166020528
"6373","WDR11",0.576057351933785,0.968042318042639,0.312738921467255,1,2361.27236619142,0.095033430273515
"2772","FAM43A",0.576237918808629,0.968042318042639,0.312443008014358,1,2361.27236619142,1.00988940367397
"10973","B9D2",0.576284659350011,0.968042318042639,0.312366439448524,1,2361.27236619142,0.35608402728532
"6660","UBE2L6",0.576291792213295,0.968042318042639,0.31235475574799,1,2361.27236619142,-0.0771743204168094
"6833","CTSF",0.576332317610603,0.968042318042639,0.312288380189904,1,2361.27236619142,0.301124697159249
"635","CHI3L2",0.576334736142846,0.968042318042639,0.312284419227729,1,2361.27236619142,-0.393849417039968
"12384","TMEM164",0.576479794938987,0.968042318042639,0.312046908801995,1,2361.27236619142,-0.134346361200645
"10352","MBP",0.576564169515974,0.968042318042639,0.311908813547864,1,2361.27236619142,0.0571180862890437
"10829","PEPD",0.576567911226821,0.968042318042639,0.311902690445609,1,2361.27236619142,-0.113185870906594
"6035","ANKRD26",0.576618217239877,0.968042318042639,0.311820375102073,1,2361.27236619142,-0.118111395077635
"6973","SLC36A4",0.57671092842515,0.968042318042639,0.311668709832991,1,2361.27236619142,0.102127196870468
"10622","ZNF625",0.57678528715183,0.968042318042639,0.311547102132122,1,2361.27236619142,0.2480990075541
"3980","AGPAT1",0.576802888405993,0.968042318042639,0.31151832125596,1,2361.27236619142,0.196602819313893
"6106","ADO",0.576820295423458,0.968042318042639,0.311489859702928,1,2361.27236619142,-0.312406011131509
"10965","RAB4B",0.57697993349649,0.968042318042639,0.311228921077066,1,2361.27236619142,0.141650764078125
"7884","UFM1",0.577270305123378,0.968042318042639,0.310754657606249,1,2361.27236619142,0.113970129463212
"8826","RCCD1",0.577345969353089,0.968042318042639,0.310631153204894,1,2361.27236619142,0.533689147979832
"2590","EPHB1",0.57741129060435,0.968042318042639,0.310524557206737,1,2361.27236619142,0.405196013359352
"8076","BCL2L2-PABPN1",0.57744093468001,0.968042318042639,0.310476189743491,1,2361.27236619142,0.249128301653435
"5747","ASTN2",0.577533210316677,0.968042318042639,0.310325663825513,1,2361.27236619142,0.330872386028897
"2742","MAP3K13",0.577548778203041,0.968042318042639,0.310300273209151,1,2361.27236619142,0.146119093959685
"11805","HDHD5",0.577606578689712,0.968042318042639,0.310206014774633,1,2361.27236619142,0.197778568832937
"12269","MTRNR2L10",0.577650912171432,0.968042318042639,0.310133730439505,1,2361.27236619142,0.651403843298009
"8499","BMF",0.577695104526251,0.968042318042639,0.310061687190091,1,2361.27236619142,-0.17348262491771
"11221","CNOT3",0.577706853767688,0.968042318042639,0.310042535189716,1,2361.27236619142,-0.246324360467734
"4490","CCZ1B",0.577729403407825,0.968042318042639,0.310005780033036,1,2361.27236619142,-0.289911656309521
"1278","KLF11",0.578085913408957,0.968042318042639,0.309425059868279,1,2361.27236619142,-0.242731520208323
"1165","PSEN2",0.578086570907782,0.968042318042639,0.309423989525223,1,2361.27236619142,0.254256448877541
"9041","REXO5",0.578323189968116,0.968042318042639,0.309038954481392,1,2361.27236619142,-0.774276851729557
"7912","SLC25A30",0.578339460120626,0.968042318042639,0.309012490635228,1,2361.27236619142,0.217141367928799
"1352","SUPT7L",0.578506035489738,0.968042318042639,0.308741636584319,1,2361.27236619142,-0.230513486463054
"10751","KXD1",0.578613925271313,0.968042318042639,0.308566289111448,1,2361.27236619142,-0.1664757827599
"9236","CSNK2A2",0.578618051314802,0.968042318042639,0.308559584568406,1,2361.27236619142,-0.154960331343898
"6471","PHLDA2",0.578696594841232,0.968042318042639,0.308431974799587,1,2361.27236619142,0.454405174506788
"3872","CDKAL1",0.578757009073237,0.968042318042639,0.308333843216285,1,2361.27236619142,0.0810490859250304
"6503","TPP1",0.578826437209357,0.968042318042639,0.30822109546411,1,2361.27236619142,0.0650062117504303
"5642","OMD",0.578913817796055,0.968042318042639,0.30807923218383,1,2361.27236619142,0.677431224650968
"4874","ST7",0.578918295240909,0.968042318042639,0.308071964156649,1,2361.27236619142,0.231093442576303
"8790","ALPK3",0.579050909671532,0.968042318042639,0.307856748190083,1,2361.27236619142,-0.795392053328713
"7369","PRKAG1",0.579143027691936,0.968042318042639,0.307707310514887,1,2361.27236619142,0.145616324021248
"9550","POLR2A",0.579156143762461,0.968042318042639,0.307686036939613,1,2361.27236619142,-0.10508173602174
"3947","LST1",0.579170617965587,0.968042318042639,0.307662561661095,1,2361.27236619142,-0.0821604869810142
"5100","ENTPD4",0.579236082066933,0.968042318042639,0.307556402013292,1,2361.27236619142,0.171595983486967
"9448","SCARF1",0.579252759416723,0.968042318042639,0.307529361071562,1,2361.27236619142,0.213536663375172
"6363","SFXN4",0.579542068939539,0.968042318042639,0.307060516952207,1,2361.27236619142,0.250600072988687
"3510","DCP2",0.579730592482798,0.968042318042639,0.306755254345976,1,2361.27236619142,-0.0793396654417233
"8960","DNAJA3",0.579736993508063,0.968042318042639,0.306744893108974,1,2361.27236619142,0.297324402111977
"10719","ANO8",0.579749214085717,0.968042318042639,0.306725112490838,1,2361.27236619142,-0.450015293550379
"11300","ZNF416",0.57980061381745,0.968042318042639,0.306641924364699,1,2361.27236619142,-0.752741562275454
"11626","PMEPA1",0.579806305548316,0.968042318042639,0.306632713464054,1,2361.27236619142,0.332382096821555
"6542","CYP2R1",0.579824808745877,0.968042318042639,0.306602771077607,1,2361.27236619142,-0.253342017278025
"3720","KCNMB1",0.579916866173985,0.968042318042639,0.306453829592807,1,2361.27236619142,0.445421955054389
"11900","RASL10A",0.579976074232603,0.968042318042639,0.306358060716121,1,2361.27236619142,0.340724327851902
"6072","RASSF4",0.580276165077571,0.968042318042639,0.305872965190671,1,2361.27236619142,0.0914121469220126
"4630","ZNF680",0.580314578028667,0.968042318042639,0.305810907064088,1,2361.27236619142,-0.180121386498917
"11185","ZNF616",0.580365908946466,0.968042318042639,0.305727992122281,1,2361.27236619142,-0.265732019325558
"7642","TMEM263",0.580371160833023,0.968042318042639,0.305719509566463,1,2361.27236619142,0.196588446473281
"4607","CCM2",0.580467729493429,0.968042318042639,0.305563564610401,1,2361.27236619142,-0.0836049559553617
"11548","TTPAL",0.580469448300216,0.968042318042639,0.305560789446983,1,2361.27236619142,0.312438374551512
"666","CSDE1",0.580545210227401,0.968042318042639,0.30543848155569,1,2361.27236619142,0.0585031073797668
"9976","PTRH2",0.580604921634739,0.968042318042639,0.305342107687544,1,2361.27236619142,0.200978101980557
"10400","MBD3",0.580620986156611,0.968042318042639,0.30531618303035,1,2361.27236619142,-0.153749856020637
"12114","ARSD",0.580621047489979,0.968042318042639,0.305316084054336,1,2361.27236619142,-0.247373660114264
"6947","KCTD21",0.580641422973007,0.968042318042639,0.305283204513701,1,2361.27236619142,0.311889072801246
"1933","FASTKD2",0.58066519805789,0.968042318042639,0.305244842020031,1,2361.27236619142,0.222740292054185
"8674","RPL4",0.580751478792668,0.968042318042639,0.305105649421853,1,2361.27236619142,0.0905260435456419
"9398","BANP",0.580799739427662,0.968042318042639,0.305027810906814,1,2361.27236619142,0.136131010628739
"7571","CEP290",0.580820052802315,0.968042318042639,0.304995051787878,1,2361.27236619142,-0.182152065527185
"8073","HOMEZ",0.581066467029626,0.968042318042639,0.304597845530386,1,2361.27236619142,0.236346603188394
"3919","HLA-E",0.581066574819441,0.968042318042639,0.30459767185299,1,2361.27236619142,-0.0409307494371448
"1592","RGPD2",0.581165867561691,0.968042318042639,0.304437712884031,1,2361.27236619142,-0.763784044003704
"475","NFIA",0.581200917535781,0.968042318042639,0.304381261041756,1,2361.27236619142,-0.150982014693508
"6851","RPS6KB2",0.581272968803565,0.968042318042639,0.304265235986137,1,2361.27236619142,-0.166763067310394
"2854","STK32B",0.581299938073751,0.968042318042639,0.304221814453899,1,2361.27236619142,-0.827312728951952
"2470","DZIP3",0.581359620901462,0.968042318042639,0.304125737239649,1,2361.27236619142,0.195092690310532
"239","DNAJC8",0.581376627433351,0.968042318042639,0.304098363805022,1,2361.27236619142,0.0859007750610302
"9540","NEURL4",0.581390886206485,0.968042318042639,0.304075414356058,1,2361.27236619142,-0.448178603790379
"12164","SMS",0.58139368584323,0.968042318042639,0.304070908482472,1,2361.27236619142,0.0896615489592154
"4911","COPG2",0.581423770483696,0.968042318042639,0.304022491524633,1,2361.27236619142,-0.327381233928216
"1243","SCCPDH",0.581465879981902,0.968042318042639,0.303954730708177,1,2361.27236619142,-0.101483351728439
"2556","RUVBL1",0.581553293765262,0.968042318042639,0.303814099598613,1,2361.27236619142,0.245767021707746
"1044","IPO9",0.581619897532152,0.968042318042639,0.303706976078633,1,2361.27236619142,0.125727007521843
"6152","FAM149B1",0.581833925819008,0.968042318042639,0.303362906032606,1,2361.27236619142,0.187198565763963
"10617","ZNF700",0.581836689629096,0.968042318042639,0.303358464617536,1,2361.27236619142,-0.15013456818718
"1234","CATSPERE",0.581930436578325,0.968042318042639,0.303207839306588,1,2361.27236619142,0.194965968825605
"10609","ZNF627",0.581965859107819,0.968042318042639,0.303150937829226,1,2361.27236619142,0.206439996631469
"7211","ENO2",0.581987068413992,0.968042318042639,0.303116871293294,1,2361.27236619142,-0.450332068764959
"8242","MAX",0.582047680209171,0.968042318042639,0.30301952995447,1,2361.27236619142,0.0701718018387194
"11854","SDF2L1",0.582088291611452,0.968042318042639,0.302954320245886,1,2361.27236619142,-0.164510316498879
"7733","PXN",0.582103585892757,0.968042318042639,0.302929764596148,1,2361.27236619142,0.175961695163739
"8619","TCF12",0.582103882768455,0.968042318042639,0.302929287961825,1,2361.27236619142,-0.0561011053765199
"5500","CDKN2B",0.582168500333114,0.968042318042639,0.302825556002868,1,2361.27236619142,0.559729604635407
"10320","ALPK2",0.582700830071471,0.968047660727189,0.301971875954209,1,2361.27236619142,0.665780327085546
"5798","STXBP1",0.582798425323659,0.968047660727189,0.301815535781816,1,2361.27236619142,-0.250983227949299
"2844","GRK4",0.582813374170966,0.968047660727189,0.301791593519779,1,2361.27236619142,-0.353999386287788
"1920","CARF",0.582907341627842,0.968047660727189,0.301641122367557,1,2361.27236619142,0.201662826942206
"6077","AGAP4",0.583238493287942,0.968047660727189,0.301111234709809,1,2361.27236619142,0.305424356896526
"8331","TMED8",0.583280411398302,0.968047660727189,0.301044203256754,1,2361.27236619142,0.136023305838008
"1411","EML4",0.583320122719981,0.968047660727189,0.300980709645544,1,2361.27236619142,0.0832126476992826
"9297","SLC7A6OS",0.58352372423144,0.968047660727189,0.300655312219252,1,2361.27236619142,0.160158322520086
"1597","MRPS5",0.583576043018885,0.968047660727189,0.300571732919983,1,2361.27236619142,-0.133896581828735
"10363","TPGS1",0.583591077083981,0.968047660727189,0.300547718785717,1,2361.27236619142,0.136236001459013
"10614","ZNF440",0.583616447258741,0.968047660727189,0.300507197460149,1,2361.27236619142,0.238344207832609
"10962","C19orf54",0.58372686756152,0.968047660727189,0.300330875174011,1,2361.27236619142,-0.359669385275044
"10364","CDC34",0.58393688273546,0.968047660727189,0.299995702622269,1,2361.27236619142,-0.220967578627407
"10920","LGALS4",0.584053942380165,0.968047660727189,0.299808987518402,1,2361.27236619142,-10
"6853","CABP4",0.584203431991726,0.968047660727189,0.299570655077347,1,2361.27236619142,-0.813872620610877
"948","SELL",0.584255308473684,0.968047660727189,0.299487976788292,1,2361.27236619142,-0.217715738533671
"8272","MED6",0.584298544643407,0.968047660727189,0.299419080350795,1,2361.27236619142,-0.153393343576778
"9469","SHPK",0.584329754166873,0.968047660727189,0.299369354663508,1,2361.27236619142,-0.301595217063327
"11321","ZNF329",0.584503434655702,0.968047660727189,0.299092730030339,1,2361.27236619142,-0.315988493512163
"7663","MVK",0.584670362207762,0.968047660727189,0.298827017478068,1,2361.27236619142,0.501803951550233
"8286","ACOT2",0.584676257764712,0.968047660727189,0.298817635830973,1,2361.27236619142,0.300901486429101
"7443","TESPA1",0.584767941901042,0.968047660727189,0.298671762745623,1,2361.27236619142,-10
"3717","C5orf58",0.584768245860598,0.968047660727189,0.29867127921088,1,2361.27236619142,-10
"7139","ARHGAP32",0.584794845292593,0.968047660727189,0.298628967163638,1,2361.27236619142,0.246743231817653
"5032","ARHGEF10",0.584886813319662,0.968047660727189,0.298482702473863,1,2361.27236619142,0.410150829766344
"8176","TMX1",0.58499003718542,0.968047660727189,0.298318592062878,1,2361.27236619142,-0.105168519544479
"2894","DCAF16",0.585205054963019,0.968047660727189,0.297976934268119,1,2361.27236619142,-0.249606932941875
"7390","FAM186A",0.585215390196119,0.968047660727189,0.297960518245636,1,2361.27236619142,1.00988940382973
"8955","ADCY9",0.58529454631767,0.968047660727189,0.297834809660929,1,2361.27236619142,0.151846074695478
"10015","LRRC37A3",0.585326828875345,0.968047660727189,0.297783551308762,1,2361.27236619142,0.162367374045072
"6116","HNRNPH3",0.58542247742086,0.968047660727189,0.297631713839066,1,2361.27236619142,0.100141537817781
"12522","MT-ND1",0.585422830952801,0.968047660727189,0.297631152717305,1,2361.27236619142,0.0355799321950401
"8199","FBXO34",0.585435253170581,0.968047660727189,0.29761143675436,1,2361.27236619142,0.0989046980921707
"11276","ZNF582",0.585472450461006,0.968047660727189,0.297552404023109,1,2361.27236619142,0.439763842035149
"6941","RSF1",0.585478812873329,0.968047660727189,0.297542307527715,1,2361.27236619142,0.0753010245282533
"1739","CXCR4",0.585510680624955,0.968047660727189,0.297491740021277,1,2361.27236619142,0.14116410845422
"7842","SGCG",0.585519192754219,0.968047660727189,0.297478233982794,1,2361.27236619142,-0.489143578934641
"11024","ZNF112",0.585541919756464,0.968047660727189,0.297442175416592,1,2361.27236619142,0.357536218896383
"10163","SIRT7",0.585754706027105,0.968047660727189,0.297104707156255,1,2361.27236619142,0.183092206861537
"10379","TMEM259",0.585799662009138,0.968047660727189,0.29703344103636,1,2361.27236619142,0.117208021907171
"11883","HPS4",0.585806241961033,0.968047660727189,0.297023011149162,1,2361.27236619142,-0.188536424365071
"5401","EEF1D",0.585825183213292,0.968047660727189,0.296992988680494,1,2361.27236619142,0.066455961311555
"5727","SNX30",0.585899754874358,0.968047660727189,0.296874809425432,1,2361.27236619142,-0.109083292489656
"10611","ZNF823",0.585919509683751,0.968047660727189,0.296843507620676,1,2361.27236619142,0.270528680955085
"1638","EIF5B",0.585957355354273,0.968047660727189,0.296783546540855,1,2361.27236619142,0.10271078039171
"11355","FKBP1A",0.586330921724618,0.968047660727189,0.296192105047322,1,2361.27236619142,0.0936263767880137
"1039","KIF21B",0.58633241769271,0.968047660727189,0.296189738123057,1,2361.27236619142,-0.742302284405691
"8457","HERC2",0.586386317416612,0.968047660727189,0.296104466029775,1,2361.27236619142,0.104802815835227
"3957","ABHD16A",0.586401266104551,0.968047660727189,0.296080819266913,1,2361.27236619142,0.153752141489944
"4862","ZNF277",0.586404874182198,0.968047660727189,0.296075111968992,1,2361.27236619142,-0.106620341324762
"10572","ICAM5",0.586433707018514,0.968047660727189,0.296029506424636,1,2361.27236619142,0.383426865536463
"5097","CHMP7",0.586522866355374,0.968047660727189,0.29588850990496,1,2361.27236619142,-0.248924444763636
"12267","APEX2",0.586683130984827,0.968047660727189,0.295635176942084,1,2361.27236619142,-0.268375243007843
"6915","KCNE3",0.586739683047014,0.968047660727189,0.295545817711828,1,2361.27236619142,0.118690103278065
"9793","MSL1",0.586753637070449,0.968047660727189,0.295523771326252,1,2361.27236619142,-0.134718534896651
"11887","CRYBB1",0.586834419722815,0.968047660727189,0.295396161295103,1,2361.27236619142,-0.304391599876926
"9248","DYNC1LI2",0.586882438511415,0.968047660727189,0.295320324313694,1,2361.27236619142,0.106741817568593
"6814","SART1",0.586883352774021,0.968047660727189,0.295318880523814,1,2361.27236619142,0.159900946514984
"10422","TMPRSS9",0.586909633626635,0.968047660727189,0.295277380147611,1,2361.27236619142,0.644891548228606
"8437","CDCA4",0.587088522415905,0.968047660727189,0.29499499529315,1,2361.27236619142,-0.442791396064997
"5275","PDP1",0.587212741265703,0.968047660727189,0.294799012572834,1,2361.27236619142,-0.257455157200039
"11600","PTPN1",0.58721435448848,0.968047660727189,0.294796467911656,1,2361.27236619142,0.091059972795494
"1620","FAHD2B",0.58738737036392,0.968047660727189,0.294523639114264,1,2361.27236619142,0.897736252092138
"9022","AC138969.1",0.587395883359459,0.968047660727189,0.29451021918935,1,2361.27236619142,0.897736302069063
"12323","MAGT1",0.587406581727336,0.968047660727189,0.294493354794806,1,2361.27236619142,-0.105807389552972
"5885","CACFD1",0.587564660721824,0.968047660727189,0.294244239488961,1,2361.27236619142,0.545266758056357
"7790","ATP6V0A2",0.587629085512429,0.968047660727189,0.294142752155479,1,2361.27236619142,-0.233091355635865
"8793","KLHL25",0.587727377079938,0.968047660727189,0.293987958680963,1,2361.27236619142,0.519847325882577
"3257","CYP4V2",0.588107048630695,0.968047660727189,0.293390531779804,1,2361.27236619142,-0.185377339339992
"10487","LONP1",0.588226445396336,0.968047660727189,0.293202819095596,1,2361.27236619142,0.146213749968219
"11009","ZNF404",0.588236056426927,0.968047660727189,0.293187712246078,1,2361.27236619142,0.892401941242728
"5934","TMEM203",0.588266434648517,0.968047660727189,0.293139966334843,1,2361.27236619142,0.176733589030171
"3858","DTNBP1",0.588290285452931,0.968047660727189,0.293102483187646,1,2361.27236619142,-0.125524309155541
"6043","MTPAP",0.588297863617757,0.968047660727189,0.293090574239493,1,2361.27236619142,0.214793446463789
"8096","MDP1",0.588458636654015,0.968047660727189,0.292837996055656,1,2361.27236619142,0.159904290657505
"2312","MON1A",0.588595813761102,0.968047660727189,0.292622598912924,1,2361.27236619142,-0.450487274255563
"2361","GNL3",0.588619495220792,0.968047660727189,0.292585424369329,1,2361.27236619142,0.207746131862175
"12386","ALG13",0.588755898446181,0.968047660727189,0.292371361531703,1,2361.27236619142,0.0975015495710497
"11301","ZIK1",0.588815422743632,0.968047660727189,0.292277979488095,1,2361.27236619142,-0.749138723664167
"3712","TENM2",0.588816965445833,0.968047660727189,0.292275559544705,1,2361.27236619142,-10
"12228","TIMM17B",0.588817226686384,0.968047660727189,0.292275149753776,1,2361.27236619142,0.156478416824731
"9465","PAFAH1B1",0.588850907927588,0.968047660727189,0.292222319307979,1,2361.27236619142,0.0672023833051228
"10506","C3",0.588944258796454,0.968047660727189,0.292075926788325,1,2361.27236619142,0.527470965141936
"2702","TBL1XR1",0.588973846147936,0.968047660727189,0.292029537893918,1,2361.27236619142,0.075931881645297
"8693","KIF23",0.588985471700743,0.968047660727189,0.292011311930071,1,2361.27236619142,-0.823478781459148
"9883","ARL17B",0.589034569467614,0.968047660727189,0.291934346996951,1,2361.27236619142,0.100097255900646
"10289","ST8SIA5",0.589063806579542,0.968047660727189,0.291888521558773,1,2361.27236619142,0.887178116281885
"10778","ATP13A1",0.589198800777259,0.968047660727189,0.291676995654932,1,2361.27236619142,-0.133453025809079
"4049","SRSF3",0.589310914052307,0.968047660727189,0.291501397739068,1,2361.27236619142,0.105045669931668
"10283","EPG5",0.589409772647068,0.968047660727189,0.291346616678281,1,2361.27236619142,0.124663318897662
"10159","ARHGDIA",0.589409786859689,0.968047660727189,0.291346594429661,1,2361.27236619142,0.0900531054046152
"2347","POC1A",0.589415014023254,0.968047660727189,0.29133841183501,1,2361.27236619142,0.617364260506172
"3196","PLRG1",0.58948935651144,0.968047660727189,0.29122205226871,1,2361.27236619142,-0.196742779575147
"10291","KATNAL2",0.58950939534571,0.968047660727189,0.291190692969747,1,2361.27236619142,-0.256434114259945
"3585","SMAD5",0.589526228999685,0.968047660727189,0.29116435122684,1,2361.27236619142,0.120070249617722
"11982","PICK1",0.589619150144411,0.968047660727189,0.291018973468239,1,2361.27236619142,0.250053042845257
"11793","SPATC1L",0.589728003904733,0.968047660727189,0.290848728290968,1,2361.27236619142,-0.732755196916201
"9140","ZNF768",0.589736394861313,0.968047660727189,0.290835607666501,1,2361.27236619142,0.250651558508288
"4336","ARFGEF3",0.589885325669842,0.968147196387792,0.290602793700244,1,2361.27236619142,0.882062543098915
"5138","RNF122",0.589951429295551,0.968147196387792,0.290499496700965,1,2361.27236619142,0.383715876506484
"12249","SHROOM4",0.590070866830221,0.968216504110664,0.290312917417939,1,2361.27236619142,-0.789686235126766
"9110","CDIPT",0.59042976853312,0.968496251037035,0.289752724550044,1,2361.27236619142,-0.199289687756872
"9018","MYH11",0.590434164368689,0.968496251037035,0.289745867621981,1,2361.27236619142,0.503619455753537
"2101","IL17RE",0.590473035278619,0.968496251037035,0.28968523864476,1,2361.27236619142,-0.74832146094792
"7378","PRPF40B",0.590640633586955,0.96864446002537,0.289423920539204,1,2361.27236619142,-0.268075353752309
"11370","UBOX5",0.590817743860122,0.968725749528676,0.28914793666756,1,2361.27236619142,0.248285641712594
"1712","IWS1",0.591132589153373,0.968725749528676,0.288657744731568,1,2361.27236619142,0.11398256250035
"8506","BAHD1",0.591169367849181,0.968725749528676,0.288600517853916,1,2361.27236619142,0.282292143992624
"148","MRTO4",0.59117242183532,0.968725749528676,0.288595766244421,1,2361.27236619142,0.25489711327234
"7695","HECTD4",0.591188461657206,0.968725749528676,0.288570811172919,1,2361.27236619142,-0.0985073443639859
"7949","THSD1",0.591326948172717,0.968725749528676,0.288355408938815,1,2361.27236619142,-0.749905291768844
"8665","INTS14",0.591389061210598,0.968725749528676,0.288258831840256,1,2361.27236619142,0.2251974830887
"7189","TAPBPL",0.591476656846436,0.968725749528676,0.288122668276917,1,2361.27236619142,0.228860926984541
"8717","EDC3",0.591665892416469,0.968725749528676,0.287828651339209,1,2361.27236619142,-0.276437035404302
"8210","ARID4A",0.591729617494234,0.968725749528676,0.287729684643251,1,2361.27236619142,-0.0866654448400679
"10075","MYO15B",0.591786251627663,0.968725749528676,0.287641748759554,1,2361.27236619142,-0.150686200745279
"8029","UPF3A",0.591872505480636,0.968725749528676,0.287507855551438,1,2361.27236619142,-0.134650171932696
"2888","CD38",0.591913435445691,0.968725749528676,0.287444333365812,1,2361.27236619142,-0.0897554568166503
"4457","LFNG",0.591984416202748,0.968725749528676,0.287334194594943,1,2361.27236619142,-0.196681069404791
"4221","MMS22L",0.592156920290098,0.968725749528676,0.287066638271983,1,2361.27236619142,0.208244369828559
"3142","HSPA4L",0.592176630694853,0.968725749528676,0.287036077362225,1,2361.27236619142,-0.560638917556354
"9529","ASGR1",0.592209463239886,0.968725749528676,0.286985175271327,1,2361.27236619142,-0.215339341287528
"5466","PLGRKT",0.592229773473564,0.968725749528676,0.286953690113283,1,2361.27236619142,-0.170784263186013
"10857","KMT2B",0.592277700723426,0.968725749528676,0.286879401550672,1,2361.27236619142,0.145674798409777
"8283","NUMB",0.592370658030536,0.968725749528676,0.28673535043531,1,2361.27236619142,0.063682136432593
"5845","NTMT1",0.592407485066619,0.968725749528676,0.286678294362441,1,2361.27236619142,0.155368919384495
"7436","ZNF385A",0.592419469280012,0.968725749528676,0.286659728813676,1,2361.27236619142,0.0808304972593636
"10860","PSENEN",0.592466828712618,0.968725749528676,0.286586368708685,1,2361.27236619142,-0.137577579534248
"3210","NAF1",0.592798317903809,0.969085592273798,0.286073227617092,1,2361.27236619142,0.223101304905191
"9292","DUS2",0.592841453147642,0.969085592273798,0.28600649828765,1,2361.27236619142,-0.250110951802103
"7887","LHFPL6",0.592962014946524,0.969156344251838,0.285820044763604,1,2361.27236619142,0.586650036472041
"280","ZBTB8A",0.593065713934224,0.969199520256594,0.285659732770841,1,2361.27236619142,-0.545805403623126
"7905","CCDC122",0.593168217851004,0.969240732256605,0.285501325102095,1,2361.27236619142,-0.809026764507914
"8862","NHLRC4",0.5932814015508,0.969299382080326,0.285326478700732,1,2361.27236619142,0.611885845163732
"5233","ELOC",0.593365622496399,0.969310703624767,0.285196418687627,1,2361.27236619142,0.0965011251637232
"4024","HMGA1",0.593580020758019,0.969534649690846,0.284865501494373,1,2361.27236619142,-0.186129651790547
"8860","CAPN15",0.593848425327522,0.96968723153005,0.284451575062488,1,2361.27236619142,-0.277102023059832
"10834","WTIP",0.593915008818019,0.96968723153005,0.284348951606835,1,2361.27236619142,0.944244727826305
"10682","ZNF333",0.594014144292981,0.96968723153005,0.28419620065841,1,2361.27236619142,0.208649060010319
"12496","G6PD",0.594043759292377,0.96968723153005,0.284150579192791,1,2361.27236619142,0.175244768075391
"8924","KCTD5",0.594060043046437,0.96968723153005,0.284125496315978,1,2361.27236619142,-0.20865634748588
"8090","RNF31",0.594210146683505,0.969799802251446,0.283894349318911,1,2361.27236619142,-0.162226619060349
"3594","FAM53C",0.594441926143287,0.969799802251446,0.283537665595129,1,2361.27236619142,0.151467845028619
"1789","CERS6",0.594552397283687,0.969799802251446,0.283367763629652,1,2361.27236619142,-0.0756429333597279
"2929","SMIM14",0.59458931521146,0.969799802251446,0.283310999310945,1,2361.27236619142,-0.107618610376325
"12014","ST13",0.594999321211699,0.969799802251446,0.282681072096618,1,2361.27236619142,0.080319674810416
"8243","FUT8",0.595148206969625,0.969799802251446,0.282452548762728,1,2361.27236619142,-0.115691560531183
"9083","CLN3",0.595198842040584,0.969799802251446,0.282374856480657,1,2361.27236619142,0.107472337667272
"9527","CLEC10A",0.595220921736299,0.969799802251446,0.282340982633172,1,2361.27236619142,0.225854012712406
"3914","PPP1R11",0.595230060368462,0.969799802251446,0.282326963246232,1,2361.27236619142,0.151008062451546
"12375","TBC1D8B",0.595235098361286,0.969799802251446,0.282319234756314,1,2361.27236619142,0.344603313995111
"3792","MAPK9",0.595327929748811,0.969799802251446,0.282176851835302,1,2361.27236619142,-0.161367211144568
"10244","CABLES1",0.595557319886318,0.969799802251446,0.281825215291179,1,2361.27236619142,-0.113001460195181
"4460","TTYH3",0.595562916391801,0.969799802251446,0.281816639812546,1,2361.27236619142,0.0577744532996999
"8553","CATSPER2",0.595582733990888,0.969799802251446,0.281786274815591,1,2361.27236619142,0.271127942804285
"10993","CEACAM1",0.595662901684651,0.969799802251446,0.281663461366192,1,2361.27236619142,0.36571650058762
"1861","PMS1",0.595689954798577,0.969799802251446,0.281622024905258,1,2361.27236619142,-0.202265257262136
"4097","RRP36",0.595706592418336,0.969799802251446,0.281596543491333,1,2361.27236619142,0.133078504409684
"3045","ARHGAP24",0.595864239472405,0.969799802251446,0.281355171827112,1,2361.27236619142,-0.135884368630713
"2622","TRPC1",0.595925681776692,0.969799802251446,0.281261134108008,1,2361.27236619142,0.487129806371652
"11439","GZF1",0.59598184023868,0.969799802251446,0.281175200948695,1,2361.27236619142,-0.184620572528534
"8768","CFAP161",0.595986547277603,0.969799802251446,0.281167999045346,1,2361.27236619142,-0.798734703582459
"1293","WDR35",0.596063100850748,0.969799802251446,0.281050886491355,1,2361.27236619142,-0.460388792566544
"3374","KIF2A",0.596295159838292,0.969799802251446,0.280696070854996,1,2361.27236619142,0.111636270802422
"6637","MYBPC3",0.596345957922179,0.969799802251446,0.280618439437375,1,2361.27236619142,0.39708738371954
"217","ARID1A",0.596411987241898,0.969799802251446,0.280517551661575,1,2361.27236619142,-0.0817408255424139
"9864","GRN",0.596653514890235,0.969799802251446,0.280148713638055,1,2361.27236619142,0.0428253099733536
"4059","CCDC167",0.596728899557957,0.969799802251446,0.2800336569588,1,2361.27236619142,0.222873176636977
"1724","PTPN18",0.596837119817815,0.969799802251446,0.279868537476932,1,2361.27236619142,0.109031245071771
"11724","SON",0.596877982174952,0.969799802251446,0.279806207031243,1,2361.27236619142,-0.0536065831044793
"3680","FAT2",0.59700876400428,0.969799802251446,0.279606775325493,1,2361.27236619142,0.603193003805392
"10598","TMEM205",0.59704162903694,0.969799802251446,0.279556673114929,1,2361.27236619142,-0.176899321872504
"10454","EEF2",0.597213312471679,0.969799802251446,0.279295037870045,1,2361.27236619142,0.0772067534506249
"10875","CAPNS1",0.597312318921375,0.969799802251446,0.279144229224797,1,2361.27236619142,-0.0906668316304784
"9886","ARL17A",0.597334851444707,0.969799802251446,0.279109914502931,1,2361.27236619142,-0.2007435534198
"11090","CARD8",0.597336429293997,0.969799802251446,0.279107511701388,1,2361.27236619142,-0.0842654698491876
"11775","GATD3A",0.597422797800921,0.969799802251446,0.278976007038582,1,2361.27236619142,-0.443215231046968
"3463","CCNH",0.597464373047744,0.969799802251446,0.278912718711326,1,2361.27236619142,-0.100761248591744
"4821","POLR2J3",0.597534012934003,0.969799802251446,0.278806729282973,1,2361.27236619142,0.104227717212475
"742","CTSK",0.597543951867622,0.969799802251446,0.278791604680296,1,2361.27236619142,-0.305671964864049
"12432","PHF6",0.597686955493427,0.969799802251446,0.278574046549227,1,2361.27236619142,0.114324763993701
"2319","NAA80",0.597757788321758,0.969799802251446,0.278466325451751,1,2361.27236619142,0.600769565195981
"8909","PKD1",0.597928839940466,0.969799802251446,0.278206303495683,1,2361.27236619142,-0.260684077596404
"4636","ZNF92",0.597988275777343,0.969799802251446,0.278115989204864,1,2361.27236619142,-0.221475177214904
"11387","PRNP",0.598030730753024,0.969799802251446,0.278051489245523,1,2361.27236619142,-0.088141071090419
"322","SNIP1",0.598037557767248,0.969799802251446,0.278041118158289,1,2361.27236619142,-0.22889381240199
"11460","POFUT1",0.59803821714567,0.969799802251446,0.278040116493209,1,2361.27236619142,-0.311679221967782
"3188","FBXW7",0.59811701262944,0.969799802251446,0.277920434479443,1,2361.27236619142,0.0819998907040076
"2934","RBM47",0.598185850612415,0.969799802251446,0.27781590380385,1,2361.27236619142,0.0467310267079224
"9603","TRIM16",0.598482128674009,0.969799802251446,0.277366291426773,1,2361.27236619142,0.374184695453703
"2717","DCUN1D1",0.598491725609274,0.969799802251446,0.277351735517667,1,2361.27236619142,0.0969040745276534
"9085","IL27",0.598635991519034,0.969799802251446,0.277132982632261,1,2361.27236619142,-0.287572958714373
"11762","PDE9A",0.598875527671419,0.969799802251446,0.276770013235169,1,2361.27236619142,0.352773888716046
"7156","NINJ2",0.598988334340885,0.969799802251446,0.276599182347221,1,2361.27236619142,-0.205761082965838
"10263","GAREM1",0.599149005595864,0.969799802251446,0.276355983056557,1,2361.27236619142,0.198048331149566
"1118","TATDN3",0.599279253394295,0.969799802251446,0.27615893427948,1,2361.27236619142,-0.122423388832745
"7901","AKAP11",0.599430502757945,0.969799802251446,0.275930225270777,1,2361.27236619142,0.0906862285155567
"7923","ITM2B",0.599516724251265,0.969799802251446,0.275799901088284,1,2361.27236619142,-0.0453734956395293
"3258","KLKB1",0.599596283079097,0.969799802251446,0.275679682394509,1,2361.27236619142,-0.46089048473958
"4518","STEAP1B",0.599641710617389,0.969799802251446,0.275611053350108,1,2361.27236619142,-0.155712081142838
"2082","ITPR1",0.599823428754503,0.969799802251446,0.275336634091296,1,2361.27236619142,-0.0740963417520973
"1922","CYP20A1",0.599951845099721,0.969799802251446,0.275142812951754,1,2361.27236619142,0.121000688670582
"2006","MFF",0.599983060353272,0.969799802251446,0.275095712346408,1,2361.27236619142,-0.116407577087285
"5215","VCPIP1",0.600001179025044,0.969799802251446,0.275068375493417,1,2361.27236619142,0.110088482246283
"4976","ZNF783",0.600134789825275,0.969799802251446,0.274866841409292,1,2361.27236619142,-0.292728650225279
"8789","ZNF592",0.600153393251994,0.969799802251446,0.27483878808779,1,2361.27236619142,0.132088735852167
"2862","MRFAP1L1",0.600329310608484,0.969799802251446,0.274573601045099,1,2361.27236619142,0.170845110399849
"2691","SKIL",0.600392452352156,0.969799802251446,0.274478457660321,1,2361.27236619142,-0.10327520505998
"4295","HSF2",0.600442271854526,0.969799802251446,0.274403403355743,1,2361.27236619142,0.266341248187074
"4535","C7orf31",0.600476963946926,0.969799802251446,0.274351146591328,1,2361.27236619142,-0.245918526657686
"5379","CHRAC1",0.600692149975456,0.969799802251446,0.274027153112239,1,2361.27236619142,-0.252078856473504
"11981","POLR2F",0.600695337727436,0.969799802251446,0.274022355327008,1,2361.27236619142,-0.114787194101169
"9749","CCL4L2",0.60076254171949,0.969799802251446,0.273921221168026,1,2361.27236619142,0.943324098573777
"6213","PANK1",0.601024963647777,0.969799802251446,0.273526534500521,1,2361.27236619142,0.518015971063795
"8540","STARD9",0.601259112329449,0.969799802251446,0.273174677127346,1,2361.27236619142,0.330658733181191
"8850","SNRNP25",0.601265775287383,0.969799802251446,0.273164668858626,1,2361.27236619142,-0.168445039784288
"9799","IGFBP4",0.601348152819682,0.969799802251446,0.273040950833136,1,2361.27236619142,-0.220197828171352
"1379","TTC27",0.601373971586241,0.969799802251446,0.273002182472054,1,2361.27236619142,-0.293596396506876
"8519","CHP1",0.601444390537454,0.969799802251446,0.272896462182999,1,2361.27236619142,-0.129714826277172
"8470","GOLGA8O",0.601483861856515,0.969799802251446,0.27283721511216,1,2361.27236619142,-0.716486106361431
"2271","ZNF589",0.601526751482103,0.969799802251446,0.272772846391003,1,2361.27236619142,0.189159468551723
"8845","SELENOS",0.601545759983447,0.969799802251446,0.27274432153625,1,2361.27236619142,0.116488410722829
"1791","DHRS9",0.60156726002718,0.969799802251446,0.272712060069572,1,2361.27236619142,-0.185762380047882
"3929","NRM",0.601613796193453,0.969799802251446,0.272642239459994,1,2361.27236619142,-0.428673069724565
"7545","KCNMB4",0.601759047804061,0.969799802251446,0.272424384144254,1,2361.27236619142,-0.235057109894277
"1306","FAM228B",0.602053367963569,0.969799802251446,0.271983288327147,1,2361.27236619142,0.142719941916869
"829","MSTO1",0.602287399154358,0.969799802251446,0.271632871636235,1,2361.27236619142,-0.712019476793277
"6709","ASRGL1",0.602322857827426,0.969799802251446,0.271579804152547,1,2361.27236619142,-0.215840663992192
"7204","LAG3",0.602336105237388,0.969799802251446,0.271559979757847,1,2361.27236619142,-0.324532527885384
"10042","CDC42EP4",0.602337633089028,0.969799802251446,0.271557693427912,1,2361.27236619142,0.417243301770356
"397","EIF2B3",0.602416916960665,0.969799802251446,0.271439067100688,1,2361.27236619142,-0.153728264451796
"7551","ATXN7L3B",0.60242369576082,0.969799802251446,0.271428926035309,1,2361.27236619142,-0.138429171411758
"9693","MYO18A",0.602459100335144,0.969799802251446,0.271375964808979,1,2361.27236619142,0.153908962174233
"10142","TEPSIN",0.602515284366124,0.969799802251446,0.271291933358357,1,2361.27236619142,-0.268827206205966
"4026","NUDT3",0.602567859732135,0.969799802251446,0.271213314177992,1,2361.27236619142,0.139076210460122
"915","OLFML2B",0.602659397820616,0.969799802251446,0.271076466201367,1,2361.27236619142,-0.0990004780931188
"1799","METTL5",0.602735155495574,0.969799802251446,0.270963242887372,1,2361.27236619142,0.137150226388117
"6334","MXI1",0.602744637235103,0.969799802251446,0.270949074110145,1,2361.27236619142,0.124738711082662
"11238","LILRB1",0.603138915349736,0.969799802251446,0.270360312166477,1,2361.27236619142,-0.109810340285377
"10878","ZNF146",0.603168610066569,0.969799802251446,0.270316003012069,1,2361.27236619142,0.177922619821878
"11783","PTTG1IP",0.603175320633202,0.969799802251446,0.270305990437818,1,2361.27236619142,-0.072390675455189
"9979","RPS6KB1",0.603280994648376,0.969799802251446,0.270148349430485,1,2361.27236619142,-0.130592874224091
"6732","NXF1",0.603411276131269,0.969799802251446,0.269954080198303,1,2361.27236619142,-0.182362014413928
"1157","TMEM63A",0.603558659684788,0.969799802251446,0.269734416186733,1,2361.27236619142,-0.132687807915993
"2710","MRPL47",0.603645573873604,0.969799802251446,0.269604930391909,1,2361.27236619142,0.132807041490544
"9484","PELP1",0.603657490977147,0.969799802251446,0.269587179226002,1,2361.27236619142,-0.255100302245922
"12010","ADSL",0.603778305709552,0.969799802251446,0.269407261078964,1,2361.27236619142,0.184707622451653
"5372","NDRG1",0.603819491905823,0.969799802251446,0.269345943732086,1,2361.27236619142,0.129775896912228
"4349","AIG1",0.603850982568439,0.969799802251446,0.269299066915977,1,2361.27236619142,-0.140906400458431
"8811","IDH2",0.603898313542254,0.969799802251446,0.269228620045933,1,2361.27236619142,0.0909596162174125
"12060","ARHGAP8",0.604135914075254,0.969799802251446,0.268875154890962,1,2361.27236619142,0.286260065178027
"7108","CLMP",0.604163687703813,0.969799802251446,0.268833856834732,1,2361.27236619142,-1.04664429430039
"8119","HEATR5A",0.604237289987184,0.969799802251446,0.268724433227246,1,2361.27236619142,0.100642122350165
"10655","NACC1",0.604470153680696,0.969799802251446,0.268378423758173,1,2361.27236619142,0.139981451805183
"10256","TAF4B",0.604481710962983,0.969799802251446,0.268361258290979,1,2361.27236619142,0.648567515753729
"4433","FAM120B",0.60459835161549,0.969799802251446,0.268188056596855,1,2361.27236619142,0.0938242696015602
"4875","CTTNBP2",0.604725474366638,0.969799802251446,0.267999370602813,1,2361.27236619142,-0.251765734209174
"8225","PRKCH",0.604764902849124,0.969799802251446,0.26794086472874,1,2361.27236619142,-0.142610132278455
"7610","GAS2L3",0.60480382065905,0.969799802251446,0.267883124556829,1,2361.27236619142,-0.236497003821144
"4738","SGCE",0.605102686231185,0.969799802251446,0.267439977324351,1,2361.27236619142,0.605478579167278
"4559","KBTBD2",0.605128324511079,0.969799802251446,0.267401983451169,1,2361.27236619142,0.1303196412598
"339","PABPC4",0.605212707837315,0.969799802251446,0.267276958290804,1,2361.27236619142,0.116096846494784
"3141","INTU",0.605291205545158,0.969799802251446,0.267160686722606,1,2361.27236619142,-0.300373697674359
"5376","FAM135B",0.605306876272679,0.969799802251446,0.267137478927096,1,2361.27236619142,-1.08426469056579
"7360","ZNF641",0.605347918076803,0.969799802251446,0.267076703514417,1,2361.27236619142,0.176741099809876
"2222","SS18L2",0.605455191745831,0.969799802251446,0.266917892186037,1,2361.27236619142,-0.167362164938559
"6424","RIC8A",0.605472697098839,0.969799802251446,0.26689198238781,1,2361.27236619142,-0.195195045870064
"496","SLC35D1",0.605572355904226,0.969799802251446,0.266744507030617,1,2361.27236619142,0.195308996307015
"4717","GTPBP10",0.60564914525347,0.969799802251446,0.266630909169945,1,2361.27236619142,0.16055482548113
"7686","ATXN2",0.60592219455888,0.969799802251446,0.266227223504537,1,2361.27236619142,0.080287600677343
"511","FPGT",0.605964353956078,0.969799802251446,0.266164928087822,1,2361.27236619142,-0.174236910603221
"3509","REEP5",0.606135332818717,0.969799802251446,0.265912381522922,1,2361.27236619142,-0.0792479711438827
"2651","MBNL1",0.606311316945964,0.969799802251446,0.265652600328534,1,2361.27236619142,0.0421761786515749
"556","GBP5",0.606336127799664,0.969799802251446,0.265615988397875,1,2361.27236619142,0.113083197486493
"1067","PPP1R15B",0.606366659377727,0.969799802251446,0.265570939110455,1,2361.27236619142,-0.195076537740007
"1539","WDR54",0.606384344298176,0.969799802251446,0.265544847254387,1,2361.27236619142,0.360090323539002
"6113","SIRT1",0.606411300827398,0.969799802251446,0.265505079436982,1,2361.27236619142,-0.168286559780771
"11141","PTOV1",0.606449484087604,0.969799802251446,0.265448755752507,1,2361.27236619142,-0.186266473926125
"9056","NPIPB5",0.606505400775967,0.969799802251446,0.265366287337496,1,2361.27236619142,0.154068685890486
"7116","MSANTD2",0.606581384808935,0.969799802251446,0.265254248695662,1,2361.27236619142,0.199196509885707
"345","PPT1",0.60662894712381,0.969799802251446,0.265184133178635,1,2361.27236619142,-0.0956109940691761
"107","MFN2",0.606768962099356,0.969799802251446,0.26497779366172,1,2361.27236619142,0.154323370939402
"5926","FUT7",0.606799694988762,0.969799802251446,0.264932516320918,1,2361.27236619142,0.477159235055795
"12155","PHKA2",0.606841609689107,0.969799802251446,0.264870773225039,1,2361.27236619142,0.154411176649983
"866","PYHIN1",0.606944332796145,0.969799802251446,0.264719493852335,1,2361.27236619142,0.479290296635889
"7765","VPS33A",0.607125464747941,0.969799802251446,0.264452875635612,1,2361.27236619142,-0.153664321360864
"11034","APOC4",0.607135641682135,0.969799802251446,0.264437900679136,1,2361.27236619142,0.589461075572292
"2415","FRMD4B",0.607138254337113,0.969799802251446,0.264434056347076,1,2361.27236619142,0.0642228713301261
"476","TM2D1",0.607347524601957,0.969799802251446,0.264126245098457,1,2361.27236619142,0.108369376772185
"3106","HADH",0.607428192275437,0.969799802251446,0.264007653218501,1,2361.27236619142,0.192946291520282
"10509","VAV1",0.607451157938774,0.969799802251446,0.263973896888458,1,2361.27236619142,-0.105438958169136
"10471","TNFAIP8L1",0.607538967898761,0.969799802251446,0.263844853618802,1,2361.27236619142,-0.258531765277788
"5738","RGS3",0.607551765136815,0.969799802251446,0.263826050454481,1,2361.27236619142,-0.703188131690916
"6466","TSSC4",0.607584554690454,0.969799802251446,0.263777876160536,1,2361.27236619142,0.172478063182372
"823","SCAMP3",0.607681043293159,0.969799802251446,0.263636147700279,1,2361.27236619142,-0.171292182111495
"6767","MEN1",0.607756745226241,0.969799802251446,0.263524985684877,1,2361.27236619142,0.325304372541254
"10041","C17orf80",0.607997024012522,0.969799802251446,0.26317235236622,1,2361.27236619142,0.220206697238443
"6007","ST8SIA6",0.608044791023955,0.969799802251446,0.263102285004796,1,2361.27236619142,0.776548562771034
"2627","DIPK2A",0.608050592113751,0.969799802251446,0.263093776439729,1,2361.27236619142,0.196089769314806
"1775","BAZ2B",0.608054353218913,0.969799802251446,0.263088260050497,1,2361.27236619142,0.0573215562492569
"3117","AP1AR",0.608179979637977,0.969799802251446,0.262904046539879,1,2361.27236619142,-0.168478965370291
"1661","LIMS1",0.608189405139856,0.969799802251446,0.26289022865043,1,2361.27236619142,-0.0512584161518249
"11066","PRKD2",0.608342190458405,0.969799802251446,0.262666307655201,1,2361.27236619142,-0.163806002421272
"3266","CEP72",0.608446629055762,0.969799802251446,0.262513312561453,1,2361.27236619142,-0.511594441291207
"11435","XRN2",0.608595082512015,0.969799802251446,0.262295935675296,1,2361.27236619142,0.0703093443376376
"5312","AZIN1",0.608600941476925,0.969799802251446,0.262287358862987,1,2361.27236619142,-0.121400415327956
"2509","RABL3",0.608669455184601,0.969799802251446,0.262187076262303,1,2361.27236619142,-0.214901845549424
"532","SPATA1",0.608754025235651,0.969799802251446,0.262063325580105,1,2361.27236619142,0.221397954146283
"9115","TAOK2",0.6087547270623,0.969799802251446,0.262062298757015,1,2361.27236619142,-0.223444316585042
"5704","TMEM38B",0.608789717189949,0.969799802251446,0.262011108891138,1,2361.27236619142,0.207325620764294
"716","PDE4DIP",0.608796758184801,0.969799802251446,0.262000808817389,1,2361.27236619142,0.0786843755706494
"8203","TMEM260",0.608856840324823,0.969799802251446,0.261912926733672,1,2361.27236619142,0.131168996753787
"5688","ERP44",0.608966872783019,0.969799802251446,0.261752030599828,1,2361.27236619142,-0.0790260347757435
"6603","LDLRAD3",0.608971825921865,0.969799802251446,0.261744789287025,1,2361.27236619142,0.229316103707304
"9505","ZNF232",0.609036385877844,0.969799802251446,0.261650416487272,1,2361.27236619142,0.324255266043304
"6201","PTEN",0.609052164945515,0.969799802251446,0.261627354141827,1,2361.27236619142,-0.0666615840751494
"3390","CD180",0.609092962154336,0.969799802251446,0.261567731764316,1,2361.27236619142,-0.241886229248432
"10188","B3GNTL1",0.609222718759819,0.969799802251446,0.261378158193382,1,2361.27236619142,-0.270126803467417
"1926","CTLA4",0.609254332111052,0.969799802251446,0.261331984422631,1,2361.27236619142,0.841125714221668
"429","ELAVL4",0.609281853239354,0.969799802251446,0.261291791852411,1,2361.27236619142,-0.77144193093449
"1474","WDPCP",0.609420633314165,0.969799802251446,0.261089173224161,1,2361.27236619142,0.108190475495795
"6492","CNGA4",0.609516900552252,0.969799802251446,0.260948681470762,1,2361.27236619142,1.0168004947596
"12456","IDS",0.609561215244786,0.969799802251446,0.260884024934715,1,2361.27236619142,0.0868384689556221
"9926","MRPL27",0.609671383452229,0.969799802251446,0.260723329809736,1,2361.27236619142,-0.107304924551991
"10472","MYDGF",0.609678695215937,0.969799802251446,0.26071266682928,1,2361.27236619142,0.0980824113715179
"11508","AAR2",0.60983456638845,0.969799802251446,0.26048542026881,1,2361.27236619142,0.226433178228871
"4266","MFSD4B",0.609837742182537,0.969799802251446,0.260480791536631,1,2361.27236619142,0.121712115847411
"5919","EDF1",0.609854887952507,0.969799802251446,0.260455802405977,1,2361.27236619142,-0.0574643359712808
"8167","DMAC2L",0.609899325149159,0.969799802251446,0.260391044373278,1,2361.27236619142,-0.237108814741466
"12506","BRCC3",0.609944085038464,0.969799802251446,0.260325826341895,1,2361.27236619142,0.128192051201844
"4970","PDIA4",0.609944685141006,0.969799802251446,0.260324952023919,1,2361.27236619142,0.131663839046822
"3761","PRR7",0.609995421234436,0.969799802251446,0.260251038884677,1,2361.27236619142,0.836451292682031
"412","IPP",0.610066178444678,0.969799802251446,0.260147980751527,1,2361.27236619142,-0.529975723567102
"8882","TSR3",0.610155860968856,0.969799802251446,0.26001739478703,1,2361.27236619142,0.147511333822027
"8591","SPPL2A",0.610337866231376,0.969799802251446,0.259752505434598,1,2361.27236619142,0.0658536053638861
"12412","THOC2",0.610425901916076,0.969799802251446,0.259624439858228,1,2361.27236619142,0.0775351188796497
"7518","XPOT",0.61063769458542,0.969799802251446,0.259316507838175,1,2361.27236619142,0.186936491035269
"3174","SMAD1",0.610662527213997,0.969799802251446,0.259280417971508,1,2361.27236619142,-0.163944960497908
"4340","ECT2L",0.610724904350105,0.969799802251446,0.259189777703805,1,2361.27236619142,0.831867730231387
"9765","SRCIN1",0.61072634228765,0.969799802251446,0.259187688470879,1,2361.27236619142,0.83186773013772
"1554","SEMA4F",0.610728162852013,0.969799802251446,0.259185043320431,1,2361.27236619142,0.831867730221035
"2422","GXYLT2",0.61072843286525,0.969799802251446,0.259184651011863,1,2361.27236619142,0.83186773023517
"12019","CHADL",0.610730849501525,0.969799802251446,0.259181139840953,1,2361.27236619142,0.831867733658884
"2363","SPCS1",0.610746365942218,0.969799802251446,0.259158596460486,1,2361.27236619142,-0.0935953777177637
"7957","MZT1",0.610746628193556,0.969799802251446,0.259158215453838,1,2361.27236619142,-0.192719114594701
"2203","ACVR2B",0.610790303242517,0.969799802251446,0.259094767946263,1,2361.27236619142,-0.310171538074847
"8995","AC099489.1",0.610936264069751,0.969799802251446,0.258882799054187,1,2361.27236619142,-0.298898702349608
"11625","ZBP1",0.61106909942198,0.969799802251446,0.258689986296791,1,2361.27236619142,-0.205629127589837
"10381","ABCA7",0.611199103518556,0.969799802251446,0.258501370692741,1,2361.27236619142,-0.206281379327761
"4378","MTHFD1L",0.611227272902718,0.969799802251446,0.25846051273532,1,2361.27236619142,-0.185563364559676
"1705","CLASP1",0.611291679461099,0.969799802251446,0.258367110255751,1,2361.27236619142,-0.0730327856015073
"5533","GALT",0.611456069442838,0.969799802251446,0.258128807968511,1,2361.27236619142,-0.281544234517293
"11516","SOGA1",0.611558527718323,0.969799802251446,0.25798035282609,1,2361.27236619142,0.13086446733595
"11800","S100B",0.611606668139565,0.969799802251446,0.257910619147206,1,2361.27236619142,-0.211380313786788
"4929","DGKI",0.611673112492527,0.969799802251446,0.257814390833641,1,2361.27236619142,-10
"11136","PRMT1",0.611689593047388,0.969799802251446,0.257790526296518,1,2361.27236619142,-0.170987126739273
"8847","PCSK6",0.611731011090552,0.969799802251446,0.257730557359993,1,2361.27236619142,-0.725646662856046
"9572","PER1",0.611736672472942,0.969799802251446,0.257722360960011,1,2361.27236619142,0.248331408090898
"10470","SEMA6B",0.611744617109491,0.969799802251446,0.257710859201366,1,2361.27236619142,0.0767084486343615
"1894","SPATS2L",0.611819254112431,0.969799802251446,0.257602820077201,1,2361.27236619142,-0.0700852545350125
"243","PHACTR4",0.611836676180519,0.969799802251446,0.257577605253209,1,2361.27236619142,-0.0706487320077517
"12369","TCEAL1",0.612006425294423,0.969799802251446,0.257332009898733,1,2361.27236619142,0.219659973217064
"4673","CASTOR2",0.612006682573352,0.969799802251446,0.257331637775831,1,2361.27236619142,-0.513945786005797
"8429","ATP5MPL",0.612025209310888,0.969799802251446,0.257304841976687,1,2361.27236619142,-0.0709370019631611
"2117","TAMM41",0.612093899521549,0.969799802251446,0.257205508488525,1,2361.27236619142,0.211472549012893
"4933","ZC3HAV1L",0.612165271834634,0.969799802251446,0.257102321930794,1,2361.27236619142,0.822960299527804
"12064","SMC1B",0.612167998828385,0.969799802251446,0.257098379894419,1,2361.27236619142,0.822960240192922
"419","NSUN4",0.612365661888599,0.969799802251446,0.256812747008821,1,2361.27236619142,0.20080459895144
"2878","ZNF518B",0.612539274445315,0.969799802251446,0.256562032866266,1,2361.27236619142,-0.197325540388724
"11432","CFAP61",0.612627714496294,0.969799802251446,0.256434375612005,1,2361.27236619142,0.595822256232464
"4808","CLDN15",0.612635534067501,0.969799802251446,0.256423090508512,1,2361.27236619142,0.406728163482345
"2282","IP6K2",0.612689273233517,0.969799802251446,0.256345543282871,1,2361.27236619142,0.12750662973455
"12493","UBL4A",0.612755767395353,0.969799802251446,0.256249610611312,1,2361.27236619142,0.206416320342686
"9043","LYRM1",0.612788995206659,0.969799802251446,0.256201680528057,1,2361.27236619142,0.260847584499131
"9483","MYBBP1A",0.612938715950681,0.969799802251446,0.255985782867682,1,2361.27236619142,-0.513936731135645
"720","FCGR1A",0.612981677031156,0.969799802251446,0.255923853995379,1,2361.27236619142,-0.231045131093823
"4261","CDK19",0.613005593357571,0.969799802251446,0.255889382423822,1,2361.27236619142,0.0752782966785524
"863","CD1D",0.613029027704727,0.969799802251446,0.255855608376936,1,2361.27236619142,-0.187162539856179
"8473","SCG5",0.613032571424939,0.969799802251446,0.255850501340612,1,2361.27236619142,-0.550450716880233
"9882","KANSL1",0.613118966587786,0.969799802251446,0.255726012658956,1,2361.27236619142,-0.0507842046905178
"2439","ARL6",0.613219873451996,0.969799802251446,0.255580661909899,1,2361.27236619142,0.323255571302258
"5551","GBA2",0.613264610773024,0.969799802251446,0.255516236876734,1,2361.27236619142,0.215426020412199
"2371","TKT",0.613264682627958,0.969799802251446,0.255516133408545,1,2361.27236619142,-0.0799135947155121
"4710","ABCB4",0.613340032811881,0.969799802251446,0.255407646677021,1,2361.27236619142,0.240571588149463
"2650","SUCNR1",0.613344074600089,0.969799802251446,0.255401828259757,1,2361.27236619142,0.24152428158222
"3490","RIOK2",0.613421104429211,0.969799802251446,0.255290954708926,1,2361.27236619142,-0.19510324183209
"8590","TRPM7",0.613452417480362,0.969799802251446,0.255245892636426,1,2361.27236619142,0.0752318571804691
"12390","IL13RA1",0.613470074841497,0.969799802251446,0.255220484433725,1,2361.27236619142,-0.0918573827596839
"7831","ZMYM2",0.613563259097057,0.969799802251446,0.255086422489197,1,2361.27236619142,0.0588284902242347
"3986","HLA-DRA",0.61376451378714,0.969799802251446,0.254797033025565,1,2361.27236619142,-0.0652417730111153
"843","PMF1",0.613802330012075,0.969799802251446,0.254742679074043,1,2361.27236619142,0.12033469433485
"6338","PDCD4",0.613815267247935,0.969799802251446,0.254724085818665,1,2361.27236619142,-0.100566987319973
"2191","MLH1",0.613879370512831,0.969799802251446,0.254631969861331,1,2361.27236619142,0.17298997359442
"8025","GAS6",0.613880973991316,0.969799802251446,0.254629665941577,1,2361.27236619142,0.399548284638107
"1036","KIF14",0.61393479145026,0.969799802251446,0.254552347196451,1,2361.27236619142,-10
"873","IGSF9",0.613944096085518,0.969799802251446,0.25453898085851,1,2361.27236619142,-10
"5621","GOLM1",0.613983733978723,0.969799802251446,0.254482044980522,1,2361.27236619142,0.514211073093818
"5748","TRIM32",0.61400290486217,0.969799802251446,0.254454510786111,1,2361.27236619142,0.352115992047212
"2517","CD86",0.614128221615969,0.969830799491085,0.254274570543396,1,2361.27236619142,-0.0597145574233637
"6505","MRPL17",0.614290775607412,0.969830799491085,0.254041280898491,1,2361.27236619142,-0.123273120115452
"9595","ZNF18",0.614297132579172,0.969830799491085,0.254032160407631,1,2361.27236619142,0.312877542417225
"5823","ODF2",0.614366835244657,0.969830799491085,0.253932169887987,1,2361.27236619142,0.266266335722611
"10343","TIMM21",0.614409194000213,0.969830799491085,0.253871417066939,1,2361.27236619142,0.247004884326254
"8891","JPT2",0.614658370055469,0.969970354870085,0.253514222090424,1,2361.27236619142,-0.260278696476497
"9916","PHB",0.614666681576574,0.969970354870085,0.25350231292114,1,2361.27236619142,0.1247795486898
"11442","CST7",0.614729637230479,0.969970354870085,0.253412118251815,1,2361.27236619142,-0.140374600725632
"7321","DENND5B",0.614996544090473,0.970011053708849,0.253029952212949,1,2361.27236619142,-0.139641063550558
"3678","GM2A",0.615100849863937,0.970011053708849,0.252880701971368,1,2361.27236619142,0.0731692730479554
"6565","PRMT3",0.615130210914487,0.970011053708849,0.252838699444906,1,2361.27236619142,0.216211436110567
"9869","DBF4B",0.615187411899483,0.970011053708849,0.252756882980236,1,2361.27236619142,0.222164753717571
"4039","FKBP5",0.615220589367583,0.970011053708849,0.252709435748375,1,2361.27236619142,0.118682410019107
"3144","MFSD8",0.615238882581052,0.970011053708849,0.252683276935867,1,2361.27236619142,0.161823277960602
"10666","RFX1",0.615516458894479,0.970011053708849,0.252286558220591,1,2361.27236619142,0.211273203010102
"8996","LITAF",0.615518330980534,0.970011053708849,0.252283883915561,1,2361.27236619142,0.0645583596669133
"2546","AC024558.2",0.615531857388086,0.970011053708849,0.252264561752363,1,2361.27236619142,-0.452873404195846
"6825","RIN1",0.615622687049763,0.970011053708849,0.252134837664384,1,2361.27236619142,-0.215608065558645
"389","RNF220",0.615656521515125,0.970011053708849,0.252086525526497,1,2361.27236619142,-0.200560277600518
"10306","ME2",0.615818420342243,0.970011053708849,0.25185543086169,1,2361.27236619142,0.0644262607463204
"2921","FAM114A1",0.615912865756745,0.970011053708849,0.251720680583615,1,2361.27236619142,-0.22871779077236
"5944","NSMF",0.615936827715439,0.970011053708849,0.251686499965795,1,2361.27236619142,0.296168591614202
"6038","ACBD5",0.615960314640286,0.970011053708849,0.25165299978088,1,2361.27236619142,0.107212150659413
"5776","PSMB7",0.616012225645614,0.970011053708849,0.251578967281817,1,2361.27236619142,-0.085594761813286
"4843","SYPL1",0.616070332731918,0.970011053708849,0.251496114456565,1,2361.27236619142,0.119177755821109
"6404","MGMT",0.616277026491887,0.970214686070142,0.251201535580561,1,2361.27236619142,-0.0980385007388976
"5373","ST3GAL1",0.61645683142188,0.970375941114824,0.250945454181435,1,2361.27236619142,0.0803591958990753
"6988","ENDOD1",0.61666003702172,0.970469497559006,0.250656241755175,1,2361.27236619142,0.252413979721696
"6142","PSAP",0.616725757609043,0.970469497559006,0.250562749544658,1,2361.27236619142,0.0336233600202456
"3819","ECI2",0.616857486206495,0.970469497559006,0.250375421906253,1,2361.27236619142,0.117709501785874
"5569","DCAF10",0.616925017533052,0.970469497559006,0.250279421415317,1,2361.27236619142,0.104855135151193
"11248","TNNT1",0.616994853700889,0.970469497559006,0.25018016863898,1,2361.27236619142,-0.452625431107461
"6557","TSG101",0.617023435020007,0.970469497559006,0.250139555304438,1,2361.27236619142,0.112662683164074
"1751","MMADHC",0.617086848029731,0.970469497559006,0.25004946173122,1,2361.27236619142,-0.114478874851016
"533","CTBS",0.61716725028371,0.970469497559006,0.249935259978023,1,2361.27236619142,-0.0962330994893192
"6927","GDPD5",0.617258069403675,0.970469497559006,0.249806301531021,1,2361.27236619142,0.351341652272648
"1289","SMC6",0.617290103024335,0.970469497559006,0.24976082537122,1,2361.27236619142,0.123308636992959
"7606","UHRF1BP1L",0.617667947583245,0.970840186685147,0.249224813020662,1,2361.27236619142,0.0935869183277242
"10392","PWWP3A",0.617701999656195,0.970840186685147,0.249176541900274,1,2361.27236619142,-0.197693445626352
"1209","TOMM20",0.617758128518258,0.970840186685147,0.249096988182768,1,2361.27236619142,-0.0763395505650116
"9196","NKD1",0.617889106841543,0.970847084331769,0.24891140898654,1,2361.27236619142,0.401612419424527
"7727","SUDS3",0.617917345278381,0.970847084331769,0.248871410123871,1,2361.27236619142,0.127514831035362
"10663","CC2D1A",0.618090544701838,0.970892483845793,0.248626166361158,1,2361.27236619142,0.177149869984436
"943","NME7",0.618207409151712,0.970892483845793,0.248460776055074,1,2361.27236619142,0.13806956200763
"6430","IFITM3",0.618241667575966,0.970892483845793,0.248412305459986,1,2361.27236619142,-0.0500946929969798
"6613","ACCS",0.61827378724905,0.970892483845793,0.248366866242849,1,2361.27236619142,0.235764177295336
"9958","SRSF1",0.618333328161737,0.970892483845793,0.248282648335353,1,2361.27236619142,0.12558532479095
"7694","TRAFD1",0.618498616782002,0.970896256733973,0.248048948542874,1,2361.27236619142,-0.120782052737626
"2548","CHCHD6",0.618886365022019,0.970896256733973,0.247501254339234,1,2361.27236619142,0.288637032904546
"1141","FAM177B",0.61895644127104,0.970896256733973,0.247402352245101,1,2361.27236619142,-0.688344493567203
"9819","STAT5B",0.618957406348588,0.970896256733973,0.247400990355298,1,2361.27236619142,-0.105191652167124
"6866","KMT5B",0.619167311048751,0.970896256733973,0.247104889946213,1,2361.27236619142,-0.112270082051121
"4978","ZNF746",0.619361974927972,0.970896256733973,0.246830486478474,1,2361.27236619142,0.16006222514308
"1420","PPM1B",0.619451727431714,0.970896256733973,0.246704032943481,1,2361.27236619142,0.0726580161673092
"11466","EFCAB8",0.619506782087237,0.970896256733973,0.246626485671866,1,2361.27236619142,-0.682359259938953
"1253","ZNF672",0.619518231874097,0.970896256733973,0.246610359975899,1,2361.27236619142,0.220226695737049
"7480","ATP5F1B",0.619601242085292,0.970896256733973,0.246493469381933,1,2361.27236619142,0.0800456776213055
"10262","RNF138",0.619805404454795,0.970896256733973,0.246206125643516,1,2361.27236619142,-0.120448526701412
"134","NECAP2",0.619903231061457,0.970896256733973,0.246068515793171,1,2361.27236619142,-0.0843714637474822
"10104","METTL23",0.620025499647633,0.970896256733973,0.24589659151038,1,2361.27236619142,0.132194631085315
"12170","KLHL15",0.620095281357604,0.970896256733973,0.245798503617447,1,2361.27236619142,-0.287087728510735
"221","GPATCH3",0.620123292777515,0.970896256733973,0.245759136530213,1,2361.27236619142,-0.210506965562096
"2990","ANKRD17",0.620198565500677,0.970896256733973,0.245653368139264,1,2361.27236619142,0.0567806066255843
"1","NOC2L",0.620200452875514,0.970896256733973,0.245650716485943,1,2361.27236619142,-0.254363138744088
"10405","KLF16",0.620313395312813,0.970896256733973,0.245492071295018,1,2361.27236619142,0.196369748139941
"12403","NDUFA1",0.620331342589357,0.970896256733973,0.245466867435509,1,2361.27236619142,0.067742632325447
"37","MORN1",0.620372867551864,0.970896256733973,0.245408558953733,1,2361.27236619142,0.466803393406087
"6164","ZSWIM8",0.620491300811159,0.970896256733973,0.24524230483697,1,2361.27236619142,-0.150437396272223
"4716","CFAP69",0.620588053484983,0.970896256733973,0.245106537532258,1,2361.27236619142,-10
"8652","ZNF609",0.620761264029731,0.970896256733973,0.244863598311347,1,2361.27236619142,-0.0672305162359454
"8828","VPS33B",0.620984423065347,0.970896256733973,0.244550824059616,1,2361.27236619142,0.203744163135189
"10266","ZNF397",0.621103685808942,0.970896256733973,0.244383770312771,1,2361.27236619142,-0.207065218956502
"3183","LRBA",0.621198687120791,0.970896256733973,0.244250750868463,1,2361.27236619142,-0.0798685893143762
"8798","AEN",0.621253933585117,0.970896256733973,0.244173416298951,1,2361.27236619142,-0.226747144028617
"10946","ZNF780A",0.621253991984559,0.970896256733973,0.244173334558871,1,2361.27236619142,-0.196876768003559
"10307","ELAC1",0.621269419546664,0.970896256733973,0.244151741624398,1,2361.27236619142,-0.252543598488792
"6782","FAU",0.621307945767048,0.970896256733973,0.244097824218874,1,2361.27236619142,-0.0386964641552087
"11750","GET1",0.621317046298238,0.970896256733973,0.244085089116512,1,2361.27236619142,0.223144417997324
"10975","BCKDHA",0.62151111429182,0.970896256733973,0.243813612598849,1,2361.27236619142,0.155029487489069
"3470","ADGRV1",0.621573233956288,0.970896256733973,0.243726754761108,1,2361.27236619142,0.611025349933588
"5986","CCDC3",0.621713175681795,0.970896256733973,0.243531153968782,1,2361.27236619142,0.944244723120061
"7514","PPM1H",0.621806734910277,0.970896256733973,0.243400437860461,1,2361.27236619142,0.167791639408807
"6318","TAF5",0.621913470428893,0.970896256733973,0.243251365802789,1,2361.27236619142,0.25985470898248
"10397","C19orf25",0.622013325218015,0.970896256733973,0.243111955109029,1,2361.27236619142,-0.141534329600639
"4004","SLC39A7",0.622023496619722,0.970896256733973,0.243097757254386,1,2361.27236619142,-0.167947400589674
"5650","CARD19",0.622096398654049,0.970896256733973,0.242996011292218,1,2361.27236619142,-0.0980297948161757
"12464","CETN2",0.622257336398639,0.970896256733973,0.242771491721894,1,2361.27236619142,-0.315893887530165
"4143","GSTA4",0.622309307559793,0.970896256733973,0.242699015813968,1,2361.27236619142,0.887178120631752
"6958","DLG2",0.622344945775557,0.970896256733973,0.242649324637563,1,2361.27236619142,-0.204250091234948
"4579","RALA",0.622371426073687,0.970896256733973,0.242612406648489,1,2361.27236619142,-0.0731442867396874
"3684","FAM114A2",0.6224526109894,0.970896256733973,0.242499242974769,1,2361.27236619142,0.17162508400853
"8092","REC8",0.622494203263241,0.970896256733973,0.242441280200937,1,2361.27236619142,0.344867774785101
"6976","TAF1D",0.622561921043968,0.970896256733973,0.242346927474391,1,2361.27236619142,-0.100857773422723
"5802","CDK9",0.622606151415688,0.970896256733973,0.242285312607219,1,2361.27236619142,-0.171778120478315
"1655","TGFBRAP1",0.622611304110168,0.970896256733973,0.24227813530847,1,2361.27236619142,0.181841289357226
"9973","YPEL2",0.622613024610805,0.970896256733973,0.242275738815612,1,2361.27236619142,-0.12741706028797
"1040","TMEM9",0.622709421581829,0.970896256733973,0.242141490576219,1,2361.27236619142,0.206822003812723
"910","FCGR3B",0.622806094738954,0.970896256733973,0.24200690411545,1,2361.27236619142,0.460239603236655
"5357","MTSS1",0.623098032120587,0.970896256733973,0.241600756648917,1,2361.27236619142,0.0783717171527174
"3815","SLC22A23",0.623163420294231,0.970896256733973,0.241509845739157,1,2361.27236619142,0.220256868495247
"10908","YIF1B",0.623168843827765,0.970896256733973,0.241502306210777,1,2361.27236619142,0.169792301928759
"8022","TMCO3",0.623189173027919,0.970896256733973,0.241474046861357,1,2361.27236619142,0.105679046815076
"6678","MS4A6A",0.623502942249991,0.970896256733973,0.241038140753808,1,2361.27236619142,-0.0686853993043245
"10077","SAP30BP",0.62353284756016,0.970896256733973,0.240996620102402,1,2361.27236619142,0.113280621593346
"1394","CDC42EP3",0.623535603585976,0.970896256733973,0.24099279384859,1,2361.27236619142,-0.337494376004988
"903","FCER1G",0.62357308461863,0.970896256733973,0.240940761814119,1,2361.27236619142,0.0451264206119767
"2829","NSD2",0.623726778798616,0.970896256733973,0.240727472904599,1,2361.27236619142,-0.123563571048096
"11124","FLT3LG",0.623761849558251,0.970896256733973,0.240678819922396,1,2361.27236619142,-0.415748606549643
"1403","MORN2",0.623937952443102,0.970896256733973,0.240434608036455,1,2361.27236619142,-0.218933354513127
"1763","ARL6IP6",0.623979659068794,0.970896256733973,0.240376793608352,1,2361.27236619142,-0.140966380156057
"8338","SNW1",0.62418222292485,0.970896256733973,0.24009611880498,1,2361.27236619142,0.088380898980613
"571","CCDC18",0.624203418221611,0.970896256733973,0.240066762110023,1,2361.27236619142,0.122117423447193
"6901","P2RY6",0.624225024052682,0.970896256733973,0.240036839092546,1,2361.27236619142,0.0704279418533643
"9274","CTCF",0.624248145403104,0.970896256733973,0.240004819716805,1,2361.27236619142,-0.102625657944999
"1945","RPE",0.624365417720589,0.970896256733973,0.239842457075788,1,2361.27236619142,-0.123734951005189
"1369","GALNT14",0.624386712337816,0.970896256733973,0.239812982146022,1,2361.27236619142,-0.437209595462266
"3121","LARP7",0.624449328204054,0.970896256733973,0.239726325447653,1,2361.27236619142,0.074940584631795
"5668","ZNF782",0.624579149370322,0.970896256733973,0.239546722390774,1,2361.27236619142,-0.162803061033365
"1428","RHOQ",0.624628623781182,0.970896256733973,0.239478298224462,1,2361.27236619142,-0.0905586018526043
"595","DPH5",0.624636963459194,0.970896256733973,0.239466765464965,1,2361.27236619142,-0.287512720695566
"738","ENSA",0.624719236353741,0.970896256733973,0.239353010514119,1,2361.27236619142,-0.0807482756125053
"2489","CCDC191",0.624738360211106,0.970896256733973,0.23932657363311,1,2361.27236619142,-0.233860743361703
"3356","DHX29",0.624819431432308,0.970896256733973,0.239214520615275,1,2361.27236619142,-0.101120065842594
"9668","SARM1",0.624825059252788,0.970896256733973,0.239206743300355,1,2361.27236619142,0.234890896400871
"9787","ORMDL3",0.624835207528753,0.970896256733973,0.239192719379417,1,2361.27236619142,-0.313505980666994
"3349","ITGA1",0.624883813919073,0.970896256733973,0.239125557184073,1,2361.27236619142,0.887178176651639
"3908","ZNF311",0.624911805031207,0.970896256733973,0.239086885585748,1,2361.27236619142,-0.671686071800009
"7881","ALG5",0.625264472025212,0.970896256733973,0.238599984377247,1,2361.27236619142,-0.175880577870765
"9392","C16orf95",0.625270589683819,0.970896256733973,0.238591543603634,1,2361.27236619142,-0.354840198997992
"359","HIVEP3",0.625351751930807,0.970896256733973,0.238479578368084,1,2361.27236619142,0.21185665823781
"3125","SEC24D",0.625368784547153,0.970896256733973,0.238456085603491,1,2361.27236619142,0.0802067679531701
"3053","HSD17B11",0.625443176016995,0.970896256733973,0.23835349565937,1,2361.27236619142,0.100156625426541
"3056","PKD2",0.625474852560903,0.970896256733973,0.238309820254471,1,2361.27236619142,0.10773732348291
"8449","NIPA2",0.625566191081669,0.970896256733973,0.238183911064243,1,2361.27236619142,0.115634956243391
"6747","STIP1",0.62557993604967,0.970896256733973,0.238164967336657,1,2361.27236619142,-0.146894783686807
"8036","APEX1",0.625637474975699,0.970896256733973,0.238085675586966,1,2361.27236619142,0.12784017051122
"7431","SMUG1",0.625720561700134,0.970896256733973,0.237971206431636,1,2361.27236619142,0.163701591639175
"10201","MYOM1",0.625795103670356,0.970896256733973,0.237868538441903,1,2361.27236619142,-0.185865686690681
"2032","DGKD",0.625801016003469,0.970896256733973,0.237860396453477,1,2361.27236619142,-0.162850875497106
"2046","SCLY",0.62591691130063,0.970896256733973,0.237700829625167,1,2361.27236619142,-0.275874060580939
"5459","GLIS3",0.62598326876903,0.970896256733973,0.237609497246351,1,2361.27236619142,0.141218196645334
"10022","PITPNC1",0.626049274913112,0.970896256733973,0.237518669967498,1,2361.27236619142,-0.0723912317354148
"6968","TMEM135",0.626555504093395,0.970896256733973,0.236822791029988,1,2361.27236619142,-0.130884293132798
"7658","UNG",0.626557747365821,0.970896256733973,0.236819710165841,1,2361.27236619142,0.457393168325498
"9245","CMTM1",0.626770942429457,0.970896256733973,0.23652702555498,1,2361.27236619142,-0.314594333740753
"7487","NEMP1",0.626773388189629,0.970896256733973,0.236523669194237,1,2361.27236619142,-0.219525416836577
"8889","IFT140",0.626952689294491,0.970896256733973,0.236277691260355,1,2361.27236619142,-0.355064862086969
"1316","POMC",0.627002092343087,0.970896256733973,0.2362099444674,1,2361.27236619142,-0.292275208962514
"12489","GDI1",0.627121892377431,0.970896256733973,0.236045711593484,1,2361.27236619142,-0.157758614066345
"11042","PPP1R37",0.627171625675684,0.970896256733973,0.235977553364516,1,2361.27236619142,0.230792699914819
"3185","SH3D19",0.62717689989087,0.970896256733973,0.235970325899289,1,2361.27236619142,0.645470315129893
"9917","SPOP",0.627265889369194,0.970896256733973,0.235848400731157,1,2361.27236619142,0.0861486746916419
"4323","SLC2A12",0.627273769560859,0.970896256733973,0.235837605896823,1,2361.27236619142,0.563464179850495
"7422","SP1",0.62729063696798,0.970896256733973,0.235814500776225,1,2361.27236619142,-0.108279742618253
"12354","ZMAT1",0.627536303797421,0.970896256733973,0.235478142745583,1,2361.27236619142,0.134883581588947
"3586","SPOCK1",0.627556421837738,0.970896256733973,0.23545061100057,1,2361.27236619142,0.252932415057768
"4008","RPS18",0.627749409344866,0.970896256733973,0.235186606635643,1,2361.27236619142,-0.0447163574807647
"5788","MVB12B",0.62776538291246,0.970896256733973,0.235164763203288,1,2361.27236619142,-0.110379872265002
"3063","NAP1L5",0.628178590047556,0.970896256733973,0.234600148654629,1,2361.27236619142,0.827371745889195
"1287","NBAS",0.62819688845987,0.970896256733973,0.2345751647101,1,2361.27236619142,-0.0967135024530448
"7653","SELPLG",0.628234929782347,0.970896256733973,0.234523229816468,1,2361.27236619142,0.243205686849452
"12190","DDX3X",0.628352172756738,0.970896256733973,0.234363211644352,1,2361.27236619142,0.0642201538874807
"8791","PDE8A",0.628466307427709,0.970896256733973,0.234207500566642,1,2361.27236619142,-0.0771372928231723
"7465","MYL6",0.628534224038474,0.970896256733973,0.23411487394142,1,2361.27236619142,0.0389610870101265
"48","SMIM1",0.628582971504981,0.970896256733973,0.234048404684009,1,2361.27236619142,-0.409895295891662
"7657","ALKBH2",0.628585554089647,0.970896256733973,0.23404488354412,1,2361.27236619142,-0.497621247548868
"1236","COX20",0.628737241981664,0.970896256733973,0.233838127027089,1,2361.27236619142,-0.141647791657685
"11581","TP53RK",0.628945434614215,0.970896256733973,0.233554535867386,1,2361.27236619142,-0.203890635491976
"826","FDPS",0.629173418482175,0.970896256733973,0.233244229386442,1,2361.27236619142,-0.144143455315719
"19","DVL1",0.629258615466945,0.970896256733973,0.233128333949946,1,2361.27236619142,-0.31068143841949
"11211","ZNF765",0.629270210871972,0.970896256733973,0.233112563197162,1,2361.27236619142,0.17386081184215
"9509","NUP88",0.629312887170508,0.970896256733973,0.233054525409422,1,2361.27236619142,-0.181921023221732
"9599","HS3ST3B1",0.629319984251841,0.970896256733973,0.233044874571893,1,2361.27236619142,-0.272529074545158
"2404","PSMD6",0.629368926213467,0.970896256733973,0.232978328440126,1,2361.27236619142,0.130533862214175
"801","ATP8B2",0.629431943076328,0.970896256733973,0.232892661993361,1,2361.27236619142,-0.41492718923851
"6060","ZNF37A",0.629510810797012,0.970896256733973,0.232785474921271,1,2361.27236619142,0.115719600355662
"6589","HIPK3",0.629601021022042,0.970896256733973,0.232662909836581,1,2361.27236619142,-0.0741098311450542
"5187","TCEA1",0.629651931900202,0.970896256733973,0.2325937567911,1,2361.27236619142,0.0730460350138182
"2642","TSC22D2",0.629661628872182,0.970896256733973,0.232580586678195,1,2361.27236619142,0.0992798773880734
"11361","STK35",0.629839472519361,0.970896256733973,0.232339126706473,1,2361.27236619142,0.212338461579212
"4273","HDAC2",0.629893495312724,0.970896256733973,0.232265810061477,1,2361.27236619142,-0.127718164299684
"11522","MANBAL",0.629936002908237,0.970896256733973,0.232208131207077,1,2361.27236619142,0.148783379788111
"6407","PPP2R2D",0.630063018010449,0.970896256733973,0.232035836109085,1,2361.27236619142,0.0978179319108133
"4758","ATP5MF",0.6300654365048,0.970896256733973,0.232032556202787,1,2361.27236619142,0.0656034597233867
"10458","SIRT6",0.630337447646971,0.970896256733973,0.231663843178705,1,2361.27236619142,0.187422148582163
"11188","ZNF766",0.630368216358681,0.970896256733973,0.231622158708001,1,2361.27236619142,0.124219409014155
"6","AGRN",0.630382319319784,0.970896256733973,0.231603054009404,1,2361.27236619142,-0.23441395802109
"6561","TMEM86A",0.630490819825513,0.970896256733973,0.231456105309374,1,2361.27236619142,-0.208087966841973
"10724","MVB12A",0.630513490675802,0.970896256733973,0.23142540807954,1,2361.27236619142,-0.146375965187578
"1934","KLF7",0.630677981086152,0.970896256733973,0.231202756619774,1,2361.27236619142,-0.102870971366573
"5628","SPIN1",0.630847465639032,0.970896256733973,0.230973483165743,1,2361.27236619142,-0.0813692312723038
"401","MUTYH",0.630887954487492,0.970896256733973,0.230918731825093,1,2361.27236619142,0.283001927175583
"11134","IRF3",0.630934484735025,0.970896256733973,0.230855820824451,1,2361.27236619142,0.109038427622458
"3073","STPG2",0.631077320385229,0.970896256733973,0.230662766454711,1,2361.27236619142,-0.18195643473966
"9057","HS3ST2",0.631146815172544,0.970896256733973,0.230568874357059,1,2361.27236619142,0.230987859603655
"5962","ASB13",0.631298940124023,0.970896256733973,0.230363425481736,1,2361.27236619142,-0.187555787332516
"9291","DPEP2",0.631502258855851,0.970896256733973,0.230089013924469,1,2361.27236619142,0.131205524594476
"5964","GDI2",0.631597264732453,0.970896256733973,0.229960857070308,1,2361.27236619142,0.0733550723179042
"12435","FAM122C",0.631603468007125,0.970896256733973,0.229952490776578,1,2361.27236619142,0.180103447129135
"1408","TMEM178A",0.631608278996411,0.970896256733973,0.229946002372939,1,2361.27236619142,0.782246744674355
"5923","PAXX",0.631629831264425,0.970896256733973,0.229916937006743,1,2361.27236619142,-0.167740308617664
"4619","LANCL2",0.631688266064773,0.970896256733973,0.229838143263788,1,2361.27236619142,-0.242595256293873
"1407","MAP4K3",0.63179767952225,0.970896256733973,0.229690654333508,1,2361.27236619142,-0.0856955941081479
"1941","PIKFYVE",0.631811031351103,0.970896256733973,0.229672660103726,1,2361.27236619142,-0.0811127758875561
"7576","GALNT4",0.632250840927417,0.970896256733973,0.229080414095062,1,2361.27236619142,-0.204787723695628
"10810","PLEKHF1",0.632251958913296,0.970896256733973,0.229078909816836,1,2361.27236619142,0.778235091785205
"2324","ZMYND10",0.632253257437349,0.970896256733973,0.229077162627558,1,2361.27236619142,0.778235091776884
"780","S100A2",0.632254189153823,0.970896256733973,0.229075908990033,1,2361.27236619142,0.778235220847072
"1125","CENPF",0.632614645757446,0.970896256733973,0.228591225854377,1,2361.27236619142,0.616601021012635
"778","S100A6",0.63261488732813,0.970896256733973,0.228590901241079,1,2361.27236619142,-0.0615154350611204
"12353","NXF5",0.632639798763335,0.970896256733973,0.228557427742955,1,2361.27236619142,0.831867730138303
"4053","MTCH1",0.632727289522189,0.970896256733973,0.228439890259728,1,2361.27236619142,0.0703207152374035
"2853","CYTL1",0.632889335952735,0.970896256733973,0.228222290725567,1,2361.27236619142,0.774294650053076
"9816","KCNH4",0.632891489834596,0.970896256733973,0.228219399302994,1,2361.27236619142,0.774294650052281
"9512","DHX33",0.632903930692506,0.970896256733973,0.228202698837766,1,2361.27236619142,-0.250751805513103
"7561","ZDHHC17",0.632916775015278,0.970896256733973,0.228185457553389,1,2361.27236619142,-0.112077043645218
"12469","HAUS7",0.632953637606906,0.970896256733973,0.22813598033495,1,2361.27236619142,-0.67462651528175
"1664","SH3RF3",0.633090030821324,0.970896256733973,0.227952969730718,1,2361.27236619142,-0.164603615042008
"6531","ZBED5",0.633211802810798,0.970896256733973,0.22778965388341,1,2361.27236619142,-0.159168252003777
"1827","NFE2L2",0.633267779856351,0.970896256733973,0.227714603759469,1,2361.27236619142,-0.0615018833138913
"6938","PAK1",0.633292465146575,0.970896256733973,0.227681512265424,1,2361.27236619142,0.0979265003947618
"2994","PF4",0.633513333590984,0.970896256733973,0.227385561755509,1,2361.27236619142,0.770423320709459
"2836","CFAP99",0.633513469002447,0.970896256733973,0.227385380384711,1,2361.27236619142,0.770423377845092
"57","GPR153",0.633516887160052,0.970896256733973,0.22738080211657,1,2361.27236619142,0.770423099023734
"9427","TUBB3",0.633522268209542,0.970896256733973,0.227373594872652,1,2361.27236619142,0.770423095827401
"8020","ADPRHL1",0.633593402151497,0.970896256733973,0.227278333015607,1,2361.27236619142,-0.662762085446556
"8420","MARK3",0.633663077134947,0.970896256733973,0.227185048729316,1,2361.27236619142,-0.064789638998505
"6096","CISD1",0.633702515196974,0.970896256733973,0.22713225753179,1,2361.27236619142,0.139236569186833
"5641","OGN",0.633743750511389,0.970896256733973,0.227077068609429,1,2361.27236619142,0.57901908600648
"11598","TMEM189",0.633791457311139,0.970896256733973,0.227013228584568,1,2361.27236619142,-0.155069590702222
"4072","TREM1",0.633846762143038,0.970896256733973,0.22693923485009,1,2361.27236619142,0.347558441144811
"2207","GORASP1",0.633915229085658,0.970896256733973,0.226847651694551,1,2361.27236619142,-0.200402013496454
"585","SLC35A3",0.634003623377294,0.970896256733973,0.226729446737375,1,2361.27236619142,-0.172850945053643
"4232","PRDM1",0.634097918319087,0.970896256733973,0.226603392813666,1,2361.27236619142,-0.106585435831137
"7008","MSANTD4",0.634234534431604,0.970896256733973,0.226420840013686,1,2361.27236619142,-0.223847272720891
"1437","MSH6",0.634248882132158,0.970896256733973,0.226401673184623,1,2361.27236619142,-0.193449134096201
"11557","SYS1",0.634335300985069,0.970896256733973,0.226286248873985,1,2361.27236619142,0.159307257865856
"11571","PCIF1",0.634389683298574,0.970896256733973,0.226213632287201,1,2361.27236619142,-0.222534030887843
"6432","PTDSS2",0.634392379574131,0.970896256733973,0.226210032328048,1,2361.27236619142,-0.263162385550111
"7843","SACS",0.634410692852058,0.970896256733973,0.226185582102233,1,2361.27236619142,0.270526483587725
"3535","CSNK1G3",0.634424031633461,0.970896256733973,0.226167774392442,1,2361.27236619142,0.103170261116291
"10808","UQCRFS1",0.634441562131069,0.970896256733973,0.226144371911587,1,2361.27236619142,-0.085897532657318
"2687","SEC62",0.634474661564388,0.970896256733973,0.22610018960105,1,2361.27236619142,0.0585219410592886
"10490","NDUFA11",0.63470750148771,0.970896256733973,0.225789536064401,1,2361.27236619142,-0.0703501154660706
"6653","SSRP1",0.634727938738477,0.970896256733973,0.225762281313197,1,2361.27236619142,-0.219443119878418
"1012","RNF2",0.634732975919349,0.970896256733973,0.225755564128859,1,2361.27236619142,-0.157619525666173
"1850","ITGAV",0.634752000423968,0.970896256733973,0.225730195665486,1,2361.27236619142,0.0893056216534155
"10288","LOXHD1",0.634818224124467,0.970896256733973,0.225641902471199,1,2361.27236619142,-0.6912623947739
"434","OSBPL9",0.634911975407828,0.970896256733973,0.225516944137219,1,2361.27236619142,0.0799197081230931
"5390","LYNX1",0.634984537555537,0.970896256733973,0.225420257299472,1,2361.27236619142,-0.477060601465633
"8944","ZNF75A",0.635117429330138,0.970896256733973,0.225243248947327,1,2361.27236619142,-0.141379287994901
"3279","MTRR",0.635135033973945,0.970896256733973,0.225219806414501,1,2361.27236619142,-0.262768498361114
"11967","CDC42EP1",0.635202433773844,0.970896256733973,0.225130069932883,1,2361.27236619142,0.463141944486516
"12189","USP9X",0.635279455479052,0.970896256733973,0.225027549611917,1,2361.27236619142,-0.0716169037980033
"9757","ACACA",0.635431160810095,0.970896256733973,0.224825704733353,1,2361.27236619142,-0.169664068636318
"1481","SLC1A4",0.63551467953145,0.970896256733973,0.224714629905037,1,2361.27236619142,-0.175321799555223
"593","EXTL2",0.635517140404395,0.970896256733973,0.224711357603257,1,2361.27236619142,-0.299953169453026
"12448","HTATSF1",0.635523029417354,0.970896256733973,0.224703526912087,1,2361.27236619142,-0.155275255003178
"7738","SRSF9",0.635618299856708,0.970896256733973,0.224576867884209,1,2361.27236619142,0.0770173522719428
"4197","SYNCRIP",0.635704834224009,0.970896256733973,0.224461861082814,1,2361.27236619142,-0.0848973033285936
"1424","SRBD1",0.635708696955948,0.970896256733973,0.224456728235762,1,2361.27236619142,0.0921891144882988
"7910","GTF2F2",0.635736281531397,0.970896256733973,0.224420075592047,1,2361.27236619142,0.0919016463965325
"8645","DAPK2",0.635841987658942,0.970896256733973,0.224279653884866,1,2361.27236619142,0.411293604455697
"1302","MFSD2B",0.635892085252789,0.970896256733973,0.2242131222335,1,2361.27236619142,0.827371745811954
"787","GATAD2B",0.635911587574831,0.970896256733973,0.224187225620531,1,2361.27236619142,-0.0817860595454842
"10496","CLPP",0.635951291015608,0.970896256733973,0.224134510139218,1,2361.27236619142,0.120558716710673
"9831","TUBG2",0.635978244459788,0.970896256733973,0.224098727545348,1,2361.27236619142,-0.218168272882397
"10421","SPPL2B",0.636091423421884,0.970896256733973,0.223948512675908,1,2361.27236619142,-0.218521568638334
"3587","KLHL3",0.636108937297475,0.970896256733973,0.223925273187413,1,2361.27236619142,0.341470294654871
"70","PARK7",0.636447778657752,0.970896256733973,0.223475948693771,1,2361.27236619142,0.0682926064903174
"1271","ITGB1BP1",0.636547533903565,0.970896256733973,0.223343772297873,1,2361.27236619142,0.133857982656823
"5737","POLE3",0.636565478114482,0.970896256733973,0.223320001169654,1,2361.27236619142,0.120376890990465
"417","LRRC41",0.636597472906749,0.970896256733973,0.223277620737904,1,2361.27236619142,0.125619253577284
"8262","ERH",0.636601109690252,0.970896256733973,0.223272803751117,1,2361.27236619142,-0.0786607098832563
"6047","ARHGAP12",0.636631780847696,0.970896256733973,0.223232181766314,1,2361.27236619142,-0.074088161688013
"12051","MCAT",0.636691465666033,0.970896256733973,0.223153146002928,1,2361.27236619142,0.370547323345076
"10864","NFKBID",0.63672208484482,0.970896256733973,0.223112606151479,1,2361.27236619142,0.113093038814669
"3417","ENC1",0.636839157464117,0.970896256733973,0.222957643314418,1,2361.27236619142,0.223090994800575
"10300","RPL17",0.636894972784295,0.970896256733973,0.222883786702656,1,2361.27236619142,-0.0435779522133235
"11085","NOP53",0.636983849386539,0.970896256733973,0.222766213228023,1,2361.27236619142,0.0907606797372522
"268","TMEM39B",0.637072250780995,0.970896256733973,0.222649306023507,1,2361.27236619142,-0.248329061306061
"4576","AMPH",0.637110710375822,0.970896256733973,0.222598456504551,1,2361.27236619142,-0.929313698905574
"8536","ZNF106",0.637166952956275,0.970896256733973,0.22252410791807,1,2361.27236619142,0.0569070708850588
"929","TADA1",0.637233361251734,0.970896256733973,0.22243634054449,1,2361.27236619142,-0.402246743533325
"474","FGGY",0.637247774049257,0.970896256733973,0.222417294915338,1,2361.27236619142,0.0904341091835126
"3946","LTB",0.637545390286237,0.970896256733973,0.222024236049133,1,2361.27236619142,0.391001477303636
"8887","CLCN7",0.637562732001773,0.970896256733973,0.222001346112737,1,2361.27236619142,-0.083403154277388
"5837","DOLK",0.637641898403666,0.970896256733973,0.221896869928684,1,2361.27236619142,-0.468393646057637
"747","MINDY1",0.637771067400669,0.970896256733973,0.221726469644014,1,2361.27236619142,-0.302211221263668
"2254","CCR3",0.637786783501143,0.970896256733973,0.221705742355059,1,2361.27236619142,0.47419328870366
"11708","SCAF4",0.637871297025911,0.970896256733973,0.221594301398889,1,2361.27236619142,-0.117827026575546
"11968","LGALS2",0.637900504723173,0.970896256733973,0.221555795595558,1,2361.27236619142,-0.246221762774761
"2365","ITIH4",0.637929081986592,0.970896256733973,0.221518124877018,1,2361.27236619142,-0.247690702638015
"4827","LRRC17",0.637950895095459,0.970896256733973,0.221489373340192,1,2361.27236619142,0.487547593393298
"9543","PLSCR3",0.638038606559494,0.970896256733973,0.221373785163248,1,2361.27236619142,0.27505204737628
"7781","KMT5A",0.638062481211896,0.970896256733973,0.221342328979485,1,2361.27236619142,-0.159453740078044
"6583","CCDC73",0.638064783046835,0.970896256733973,0.221339296328087,1,2361.27236619142,0.468010332980316
"11697","APP",0.638385552108855,0.970896256733973,0.220916933431375,1,2361.27236619142,0.0767420924718137
"11264","ZNF524",0.638515101405184,0.970896256733973,0.220746492951936,1,2361.27236619142,0.136054868094555
"10788","ZNF626",0.638560910006962,0.970896256733973,0.22068624445339,1,2361.27236619142,-0.277318803571493
"1305","SF3B6",0.638674979405992,0.970896256733973,0.220536261443102,1,2361.27236619142,-0.0787005633497699
"2828","LETM1",0.638759726658703,0.970896256733973,0.220424872653504,1,2361.27236619142,0.219213030620379
"10556","ZNF562",0.638769276337465,0.970896256733973,0.220412323046633,1,2361.27236619142,-0.161670980839425
"3605","UBE2D2",0.638784867472215,0.970896256733973,0.22039183506288,1,2361.27236619142,-0.0697521009253337
"3295","CDH6",0.638834903662588,0.970896256733973,0.220326091402242,1,2361.27236619142,0.70376487563727
"8796","MRPS11",0.638852469900755,0.970896256733973,0.220303013570686,1,2361.27236619142,-0.128863296980753
"6349","CCDC186",0.638892685007865,0.970896256733973,0.220250186101281,1,2361.27236619142,0.104331002973096
"10662","ZSWIM4",0.638900062703672,0.970896256733973,0.220240495433266,1,2361.27236619142,0.281347383967786
"5356","NDUFB9",0.63897215812364,0.970896256733973,0.220145811160342,1,2361.27236619142,0.0852140469586105
"6828","MRPL11",0.63905948816833,0.970896256733973,0.220031152234531,1,2361.27236619142,-0.174134447904283
"7830","ZMYM5",0.639121486764309,0.970896256733973,0.219949774045425,1,2361.27236619142,0.116658833768901
"1218","ERO1B",0.639144367294483,0.970896256733973,0.219919746131503,1,2361.27236619142,0.105029322030554
"6239","CC2D2B",0.639266381012855,0.970896256733973,0.219759660183348,1,2361.27236619142,-0.205342541905822
"11932","EIF4ENIF1",0.639317310714641,0.970896256733973,0.219692859798346,1,2361.27236619142,0.142377822823062
"3220","CBR4",0.639332317598079,0.970896256733973,0.219673178841326,1,2361.27236619142,0.104388845501706
"1623","COX5B",0.639417712378188,0.970896256733973,0.219561207301844,1,2361.27236619142,-0.0511624882244844
"4639","ASL",0.639447189990284,0.970896256733973,0.219522563682428,1,2361.27236619142,-0.207424111225628
"4708","TMEM243",0.639568635290402,0.970896256733973,0.219363398940261,1,2361.27236619142,-0.200890302366135
"10331","BCL2",0.639617468556773,0.970896256733973,0.21929941849327,1,2361.27236619142,-0.191291590790921
"7401","DAZAP2",0.639705378689494,0.970896256733973,0.219184268933552,1,2361.27236619142,0.0727365431079414
"2719","LAMP3",0.639708163280206,0.970896256733973,0.219180622124876,1,2361.27236619142,-1.14343474248986
"2953","TEC",0.639709991815947,0.970896256733973,0.219178227423223,1,2361.27236619142,0.0753826973087405
"3091","SLC9B1",0.639767759611615,0.970896256733973,0.219102581310368,1,2361.27236619142,-0.405401504043759
"8252","ARG2",0.639790919871571,0.970896256733973,0.219072257747097,1,2361.27236619142,-0.49123211131057
"8192","CGRRF1",0.639857871135179,0.970896256733973,0.218984613321847,1,2361.27236619142,-0.161111350738965
"5846","ASB6",0.639966428176084,0.970943500575402,0.218842549116786,1,2361.27236619142,-0.334476503421049
"7330","ALG10B",0.640137618897242,0.971085747984796,0.218618632903073,1,2361.27236619142,0.259808833145167
"5648","FGD3",0.64038558591264,0.971239393928878,0.218294541502759,1,2361.27236619142,0.0889349955570652
"12056","PARVB",0.640400981920847,0.971239393928878,0.218274428670152,1,2361.27236619142,0.118750215910256
"2234","ZNF852",0.640555481829005,0.971239393928878,0.218072657632833,1,2361.27236619142,0.333579469719081
"5114","ELP3",0.640569184201934,0.971239393928878,0.218054768338914,1,2361.27236619142,0.133887508741506
"6674","OSBP",0.640626127627755,0.971239393928878,0.217980434755863,1,2361.27236619142,0.125665329310786
"664","DENND2C",0.640899915590473,0.971306560443912,0.217623249179145,1,2361.27236619142,0.557082895088407
"6276","PKD2L1",0.640900329939444,0.971306560443912,0.217622708887043,1,2361.27236619142,-0.181519532361585
"5416","EXOSC4",0.640902781889273,0.971306560443912,0.217619511673354,1,2361.27236619142,0.186369064859574
"2091","MTMR14",0.641282214015144,0.971583736671094,0.217125096660143,1,2361.27236619142,-0.104383183402079
"9348","CFDP1",0.641285905363656,0.971583736671094,0.217120290049247,1,2361.27236619142,-0.100529792585307
"4308","LAMA2",0.641337905776252,0.971583736671094,0.217052585700268,1,2361.27236619142,0.525225712005495
"7570","C12orf29",0.641395563025276,0.971583736671094,0.216977531193095,1,2361.27236619142,0.281324437767653
"8625","MINDY2",0.641674697558481,0.97178602499134,0.216614395067604,1,2361.27236619142,-0.123620680605605
"310","TRAPPC3",0.641684082047149,0.97178602499134,0.216602192879231,1,2361.27236619142,0.106805732485294
"6761","CCDC88B",0.641966930628206,0.971832636070044,0.216234614992809,1,2361.27236619142,0.213450118366544
"3023","PAQR3",0.642035285635621,0.971832636070044,0.21614584072075,1,2361.27236619142,0.240710846268243
"11010","ZNF45",0.642052902930619,0.971832636070044,0.216122964314094,1,2361.27236619142,-0.240013903018883
"548","GTF2B",0.642091532194955,0.971832636070044,0.216072808602552,1,2361.27236619142,0.0804343795493493
"6667","SELENOH",0.642102322181356,0.971832636070044,0.216058800295659,1,2361.27236619142,-0.0649277380350596
"2140","METTL6",0.64233652074981,0.972069784810349,0.21575488356506,1,2361.27236619142,0.151487075383979
"6226","HHEX",0.642694070710118,0.972347313734339,0.215291396660397,1,2361.27236619142,0.171327591444109
"7743","MLEC",0.642705806598699,0.972347313734339,0.21527619386287,1,2361.27236619142,0.0807555940387638
"5227","MSC",0.64295244270448,0.972347313734339,0.214956849663622,1,2361.27236619142,0.571238010383558
"12179","DMD",0.642996526774651,0.972347313734339,0.21489979999067,1,2361.27236619142,0.264654911007616
"9604","ZNF286A",0.643029194448406,0.972347313734339,0.214857530334119,1,2361.27236619142,-0.339919614383984
"486","JAK1",0.643079721685865,0.972347313734339,0.214792161614588,1,2361.27236619142,0.0627463845925869
"10321","MALT1",0.643124325309167,0.972347313734339,0.214734466506477,1,2361.27236619142,0.0784932255381082
"6319","ATP5MD",0.643187424672835,0.972347313734339,0.214652863103916,1,2361.27236619142,0.0579062158905132
"6205","STAMBPL1",0.643267624342737,0.972347313734339,0.214549171876286,1,2361.27236619142,-0.516042432970227
"1910","STRADB",0.643309610170811,0.972347313734339,0.214494899970602,1,2361.27236619142,0.163196191283644
"8926","SRRM2",0.643372778037441,0.972347313734339,0.214413263353645,1,2361.27236619142,-0.0513146820175533
"8378","MOAP1",0.64381658127181,0.972754297593853,0.213840234695212,1,2361.27236619142,-0.252923866632176
"12313","RPS4X",0.643912749730303,0.972754297593853,0.213716186860061,1,2361.27236619142,0.0448054548778003
"3406","GTF2H2",0.644051397728044,0.972754297593853,0.213537421488627,1,2361.27236619142,-0.22634332707734
"3345","MRPS30",0.644064245206454,0.972754297593853,0.213520861227079,1,2361.27236619142,-0.203534419362566
"6056","CCNY",0.64419195547483,0.972754297593853,0.213356286437413,1,2361.27236619142,-0.0681463038653179
"10099","PRCD",0.644198406581379,0.972754297593853,0.213347975213641,1,2361.27236619142,0.54423503547592
"1491","PPP3R1",0.64430165978926,0.972754297593853,0.213214976623741,1,2361.27236619142,-0.0709665048457865
"4392","TIAM2",0.64430597593575,0.972754297593853,0.213209418169033,1,2361.27236619142,-0.106015900360764
"9178","SHCBP1",0.644434258755819,0.972754297593853,0.213044252079479,1,2361.27236619142,-0.653573455125887
"11296","ZNF419",0.644601420548787,0.972754297593853,0.212829145204418,1,2361.27236619142,0.291078770208751
"11665","ZGPAT",0.644653506268463,0.972754297593853,0.212762147268112,1,2361.27236619142,0.14068474441035
"9391","MTHFSD",0.644714288400269,0.972754297593853,0.212683979297417,1,2361.27236619142,-0.275802249483894
"10451","MRPL54",0.644722927231367,0.972754297593853,0.212672870868844,1,2361.27236619142,-0.0916145161216822
"1788","STK39",0.644755457343741,0.972754297593853,0.212631044474048,1,2361.27236619142,0.180248477658284
"11684","KCNE1B",0.644805555848632,0.972754297593853,0.212566638841516,1,2361.27236619142,-0.635655914220527
"4312","AKAP7",0.64507495025743,0.972960844906046,0.212220513596454,1,2361.27236619142,-0.115238199455582
"2445","DCBLD2",0.64521582620229,0.972960844906046,0.21203964849578,1,2361.27236619142,-0.313838370590682
"1178","RNF187",0.645314434355415,0.972960844906046,0.211913104955954,1,2361.27236619142,0.10492123201764
"6886","IL18BP",0.645412744627646,0.972960844906046,0.211786989253931,1,2361.27236619142,0.158505213732398
"4217","MAP3K7",0.645442386786898,0.972960844906046,0.21174897222764,1,2361.27236619142,-0.101492068247243
"2998","CXCL2",0.64551556269748,0.972960844906046,0.211655139463602,1,2361.27236619142,-0.142373078753734
"12455","FMR1",0.645535395944513,0.972960844906046,0.211629711822504,1,2361.27236619142,-0.101160283005115
"5937","RNF208",0.645563128176637,0.972960844906046,0.211594160220926,1,2361.27236619142,0.519450201394122
"7821","ZNF26",0.645688365255277,0.972965026112952,0.211433656407756,1,2361.27236619142,-0.184410824303606
"5908","INPP5E",0.645742193510786,0.972965026112952,0.211364692796527,1,2361.27236619142,0.363493442810506
"7519","TBK1",0.64579865061512,0.972965026112952,0.21129237580154,1,2361.27236619142,0.0772163128023787
"10899","ZNF570",0.646280151053601,0.973240630689996,0.210676221407625,1,2361.27236619142,0.311969417821103
"3129","PDE5A",0.646475798217227,0.973240630689996,0.21042617176332,1,2361.27236619142,0.368659838523932
"293","ZSCAN20",0.64655323837972,0.973240630689996,0.21032724790891,1,2361.27236619142,-0.377329184299679
"917","UHMK1",0.646682896347448,0.973240630689996,0.210161682842214,1,2361.27236619142,-0.0848645000387375
"5346","TBC1D31",0.646714479353784,0.973240630689996,0.210121365279811,1,2361.27236619142,0.157381205639877
"3945","TNF",0.646824892965172,0.973240630689996,0.209980452601952,1,2361.27236619142,0.375445317181884
"545","HS2ST1",0.646850455788309,0.973240630689996,0.209947836826066,1,2361.27236619142,-0.0892951747614558
"1480","SERTAD2",0.646896397701144,0.973240630689996,0.209889226938907,1,2361.27236619142,0.11817908895923
"8071","SLC7A8",0.646906469314736,0.973240630689996,0.209876379512312,1,2361.27236619142,-0.0634318479608719
"10984","POU2F2",0.646924406304424,0.973240630689996,0.209853500130528,1,2361.27236619142,0.175787665061178
"4121","NFKBIE",0.646992961866303,0.973240630689996,0.209766068543573,1,2361.27236619142,-0.202531126457712
"7558","NAP1L1",0.647072622029575,0.973240630689996,0.209664502507016,1,2361.27236619142,-0.0686782674919728
"382","IPO13",0.647157145108116,0.973240630689996,0.209556768825315,1,2361.27236619142,0.249373242398139
"2109","IRAK2",0.647262105332717,0.973240630689996,0.209423032432251,1,2361.27236619142,0.263761331085842
"3018","CCNG2",0.647265224544376,0.973240630689996,0.209419058839395,1,2361.27236619142,-0.162070769433231
"12388","WDR44",0.647369538407937,0.973240630689996,0.209286198691562,1,2361.27236619142,-0.0982810814394009
"9721","C17orf75",0.647457701448123,0.973240630689996,0.20917394891546,1,2361.27236619142,0.241540819345655
"7671","ATP2A2",0.647681283501227,0.973240630689996,0.208889445968602,1,2361.27236619142,-0.0717030727785026
"279","BSDC1",0.647739124906042,0.973240630689996,0.208815882239725,1,2361.27236619142,0.126748248658873
"209","ZNF593",0.647774257227932,0.973240630689996,0.20877120797228,1,2361.27236619142,-0.189605579882247
"12338","SYTL4",0.647778195975555,0.973240630689996,0.208766199820196,1,2361.27236619142,0.616782930955448
"793","RAB13",0.647808164665605,0.973240630689996,0.208728096746556,1,2361.27236619142,0.0624086107968625
"5200","SDCBP",0.647955342952715,0.973240630689996,0.208541030953233,1,2361.27236619142,0.0462778858116445
"11112","FTL",0.647982609963145,0.973240630689996,0.208506385305707,1,2361.27236619142,-0.0342371788645442
"766","TUFT1",0.647996332582807,0.973240630689996,0.208488950568324,1,2361.27236619142,-0.475477866007953
"4487","C7orf26",0.648061182483977,0.973240630689996,0.208406569982783,1,2361.27236619142,-0.252431188970304
"1257","ACP1",0.648076908292174,0.973240630689996,0.208386596026442,1,2361.27236619142,-0.108192059381715
"1593","KRCC1",0.648454366821862,0.973448080640628,0.207907518364239,1,2361.27236619142,-0.0968785121878678
"5913","TMEM141",0.648465238115973,0.973448080640628,0.207893730175016,1,2361.27236619142,-0.125646199504141
"605","STXBP3",0.648635084274515,0.973448080640628,0.207678384021125,1,2361.27236619142,0.0876447248276354
"2137","RBSN",0.648746329444759,0.973448080640628,0.207537410483113,1,2361.27236619142,-0.132549208822334
"8461","GOLGA8R",0.648781694292512,0.973448080640628,0.207492607092866,1,2361.27236619142,0.415873321654947
"1469","FAM161A",0.649145164064659,0.973448080640628,0.207032469077008,1,2361.27236619142,-0.465405983408605
"10312","C18orf54",0.649145611402899,0.973448080640628,0.207031903144802,1,2361.27236619142,0.37847026224397
"2168","SLC4A7",0.64929124583189,0.973448080640628,0.206847709158128,1,2361.27236619142,0.0670544781989971
"10272","C18orf21",0.649378532719733,0.973448080640628,0.206737358779989,1,2361.27236619142,0.193566081638173
"7789","TCTN2",0.649604334777851,0.973448080640628,0.206452058705429,1,2361.27236619142,0.512282637896396
"1050","PTPN7",0.649723849180578,0.973448080640628,0.206301148881405,1,2361.27236619142,0.156249269983515
"4573","NME8",0.649796156323124,0.973448080640628,0.206209879580872,1,2361.27236619142,-0.346431761509606
"4429","PHF10",0.649944092086987,0.973448080640628,0.206023224353732,1,2361.27236619142,0.127839095267407
"2749","CRYGS",0.649958802706682,0.973448080640628,0.206004669072225,1,2361.27236619142,0.359321537048142
"10974","EXOSC5",0.649963659337425,0.973448080640628,0.205998543368671,1,2361.27236619142,-0.466813072594003
"11469","CBFA2T2",0.649984707103225,0.973448080640628,0.20597199693869,1,2361.27236619142,0.0816784632207382
"759","PIP5K1A",0.650056505810531,0.973448080640628,0.205881456560796,1,2361.27236619142,-0.0877345917914451
"1319","ASXL2",0.650271657969845,0.973448080640628,0.205610286783753,1,2361.27236619142,0.0722457562250206
"5939","NELFB",0.650328390276729,0.973448080640628,0.205538819390397,1,2361.27236619142,-0.139004321174978
"9279","GFOD2",0.650474765261839,0.973448080640628,0.205354495582817,1,2361.27236619142,-0.241672741371813
"2503","COX17",0.650542402776969,0.973448080640628,0.205269356198521,1,2361.27236619142,-0.0844065338683093
"6122","DDX50",0.650764608389744,0.973448080640628,0.204989802458793,1,2361.27236619142,0.130472938139471
"11480","DYNLRB1",0.650851420437195,0.973448080640628,0.204880647806749,1,2361.27236619142,-0.0671435194203218
"7577","ATP2B1",0.650890548705875,0.973448080640628,0.204831460642692,1,2361.27236619142,-0.0973334405258322
"8224","SLC38A6",0.650927663371979,0.973448080640628,0.204784811302933,1,2361.27236619142,0.0645816513642695
"12257","IQSEC2",0.650943430853975,0.973448080640628,0.204764995127821,1,2361.27236619142,-0.136852381417291
"625","STRIP1",0.651040095602629,0.973448080640628,0.2046435345494,1,2361.27236619142,-0.208470992242984
"2809","PIGG",0.65112238231477,0.973448080640628,0.204540174374252,1,2361.27236619142,-0.163409189483975
"3135","KIAA1109",0.651162293856837,0.973448080640628,0.204490052892405,1,2361.27236619142,0.0592137645935541
"3575","JADE2",0.651223143403618,0.973448080640628,0.204413651403857,1,2361.27236619142,0.131805810783222
"244","RCC1",0.651604547144898,0.973448080640628,0.203935159938428,1,2361.27236619142,-0.27108385127398
"7215","PHB2",0.651743954679028,0.973448080640628,0.203760434160859,1,2361.27236619142,-0.121360550777456
"9473","P2RX5",0.651775891505918,0.973448080640628,0.203720418980118,1,2361.27236619142,0.77042310789712
"3652","FBXO38",0.651889669044239,0.973448080640628,0.203577900092102,1,2361.27236619142,-0.111731713737905
"7529","CAND1",0.652075343360548,0.973448080640628,0.203345451465296,1,2361.27236619142,0.102736306730337
"4920","AGBL3",0.652130167276464,0.973448080640628,0.203276847089936,1,2361.27236619142,-0.312425751202661
"2230","ANO10",0.652132587579611,0.973448080640628,0.203273818743947,1,2361.27236619142,0.115042522470809
"9953","AKAP1",0.65224324049307,0.973448080640628,0.203135395939408,1,2361.27236619142,0.245455552475005
"5804","ENG",0.652268911688528,0.973448080640628,0.203103290306456,1,2361.27236619142,0.0482776527316242
"4657","MLXIPL",0.65231213120709,0.973448080640628,0.20304924479206,1,2361.27236619142,-0.216077493597933
"11660","GMEB2",0.652345265377788,0.973448080640628,0.203007816749299,1,2361.27236619142,0.268301650327212
"744","SETDB1",0.652372326907042,0.973448080640628,0.202973985173905,1,2361.27236619142,-0.132907226739952
"12270","MAGEH1",0.652434576714718,0.973448080640628,0.20289617505997,1,2361.27236619142,-0.453096674728146
"1151","CNIH3",0.652581708649927,0.973448080640628,0.202712336535867,1,2361.27236619142,-0.160637323404939
"2351","WDR82",0.652609371694033,0.973448080640628,0.202677783286899,1,2361.27236619142,0.0869250781524625
"235","RPA2",0.652695006310332,0.973448080640628,0.202570841582945,1,2361.27236619142,0.117869866716152
"3369","ELOVL7",0.653284469784309,0.973448080640628,0.201835631847478,1,2361.27236619142,0.822960247732329
"1047","RNPEP",0.653382227389232,0.973448080640628,0.201713858742953,1,2361.27236619142,0.086422439813564
"7875","KL",0.653406383606346,0.973448080640628,0.201683775023261,1,2361.27236619142,-0.266112811815447
"12211","CFP",0.653457021670119,0.973448080640628,0.20162072003611,1,2361.27236619142,-0.660439331443434
"972","MRPS14",0.653556280381221,0.973448080640628,0.201497156534753,1,2361.27236619142,-0.160206925859075
"2721","B3GNT5",0.653568676692192,0.973448080640628,0.201481728022024,1,2361.27236619142,0.172579315247595
"3110","SEC24B",0.653589293888092,0.973448080640628,0.201456069325245,1,2361.27236619142,0.082750960079446
"8247","EIF2S1",0.653632711899611,0.973448080640628,0.201402040773993,1,2361.27236619142,0.0927138231998057
"8877","LMF1",0.65363304997704,0.973448080640628,0.201401620111001,1,2361.27236619142,0.114413370102742
"1511","FAM136A",0.653794828701972,0.973448080640628,0.20120038262621,1,2361.27236619142,0.143008890452615
"11537","ZHX3",0.653901898230214,0.973448080640628,0.201067264669416,1,2361.27236619142,0.166158850339348
"3355","GZMA",0.653926061252039,0.973448080640628,0.201037230460465,1,2361.27236619142,-10
"10007","ERN1",0.653935881084081,0.973448080640628,0.201025025352864,1,2361.27236619142,-0.144251426747061
"5241","MRPS28",0.65400171930852,0.973448080640628,0.200943206259743,1,2361.27236619142,0.112956447374174
"2426","ROBO2",0.654173067337044,0.973448080640628,0.200730360792575,1,2361.27236619142,0.722762237469112
"1523","RAB11FIP5",0.654173560792384,0.973448080640628,0.200729748026727,1,2361.27236619142,0.722762237472917
"12358","GPRASP2",0.654173990317073,0.973448080640628,0.200729214649967,1,2361.27236619142,0.722762238881044
"1846","DUSP19",0.654174456363224,0.973448080640628,0.200728635922415,1,2361.27236619142,0.722762237481468
"9082","NPIPB7",0.654174468345623,0.973448080640628,0.200728621042905,1,2361.27236619142,0.722762237477999
"7094","RNF26",0.65419979796261,0.973448080640628,0.200697168697874,1,2361.27236619142,-0.288148953079195
"1185","URB2",0.654341950470355,0.973448080640628,0.200520709685452,1,2361.27236619142,0.424588812557661
"12063","FAM118A",0.654356205640793,0.973448080640628,0.200503019370897,1,2361.27236619142,-0.207068174509493
"9733","LIG3",0.654542185136028,0.973448080640628,0.200272309242858,1,2361.27236619142,-0.321143049565056
"7544","CNOT2",0.654649883264171,0.973448080640628,0.200138781113847,1,2361.27236619142,-0.0682250346928405
"12463","VMA21",0.654673459711918,0.973448080640628,0.20010955729081,1,2361.27236619142,-0.0982060451804455
"7131","TIRAP",0.65474001140453,0.973448080640628,0.200027077980892,1,2361.27236619142,-0.178370069367093
"9049","OTOA",0.654767517233825,0.973448080640628,0.199992995222684,1,2361.27236619142,0.192630482590253
"5859","PLPP7",0.654821093815587,0.973448080640628,0.199926617929383,1,2361.27236619142,-0.470800661406752
"3912","HLA-A",0.65484846019779,0.973448080640628,0.199892718172742,1,2361.27236619142,0.0272483611826214
"10635","WDR83OS",0.654946356355804,0.973448080640628,0.199771478791585,1,2361.27236619142,-0.0657004405800801
"1723","IMP4",0.654949196637271,0.973448080640628,0.199767961907089,1,2361.27236619142,0.160977276412978
"9609","PIGL",0.654960150401686,0.973448080640628,0.199754399118776,1,2361.27236619142,-0.140320634676359
"4412","TCP1",0.655071445683772,0.973448080640628,0.199616626273146,1,2361.27236619142,0.122639924719036
"3471","ARRDC3",0.655082928473522,0.973448080640628,0.199602414929729,1,2361.27236619142,-0.121104025214863
"9360","CDYL2",0.655083676343267,0.973448080640628,0.19960148937137,1,2361.27236619142,0.120003527629757
"5171","RNF170",0.655090962874979,0.973448080640628,0.199592471745469,1,2361.27236619142,0.114991320702871
"2970","PPAT",0.655144771392883,0.973448080640628,0.199525887260691,1,2361.27236619142,-0.32114308129533
"12229","SLC35A2",0.65525347902599,0.973448080640628,0.199391409399986,1,2361.27236619142,0.263851063444328
"6415","TUBGCP2",0.655253514724613,0.973448080640628,0.199391365247581,1,2361.27236619142,-0.0776547883622253
"1781","DPP4",0.655312602472937,0.973448080640628,0.199318292979116,1,2361.27236619142,-0.164096410822631
"3505","STARD4",0.655467735822484,0.973448080640628,0.199126520071719,1,2361.27236619142,-0.176605134915864
"1473","EHBP1",0.655500465320986,0.973448080640628,0.199086074625303,1,2361.27236619142,0.104938085928053
"11156","JOSD2",0.655529817554573,0.973448080640628,0.199049806820517,1,2361.27236619142,0.105451099635707
"11613","FAM210B",0.655610884656946,0.973448080640628,0.198949660377031,1,2361.27236619142,0.110230110012364
"2908","SMIM20",0.655617510677884,0.973448080640628,0.198941476241556,1,2361.27236619142,0.11548181015594
"9390","IRF8",0.65565209754701,0.973448080640628,0.198898759516768,1,2361.27236619142,0.0830342555830252
"8940","ZNF200",0.655715552288287,0.973448080640628,0.198820403648198,1,2361.27236619142,0.141399460894566
"1010","EDEM3",0.655906617378644,0.973448080640628,0.198584582336686,1,2361.27236619142,0.0816026715465196
"2043","RBM44",0.656108375516099,0.973448080640628,0.198335745231977,1,2361.27236619142,-0.454201539214763
"6704","FADS3",0.656122851068411,0.973448080640628,0.198317899090308,1,2361.27236619142,0.216953892417663
"9959","DYNLL2",0.656212608021213,0.973448080640628,0.198207263976768,1,2361.27236619142,-0.163779259549453
"2291","QRICH1",0.656220934331852,0.973448080640628,0.198197002776742,1,2361.27236619142,0.103944974310638
"3269","SLC12A7",0.656303953808001,0.973448080640628,0.198094708428882,1,2361.27236619142,-0.0935257349345974
"9305","VPS4A",0.656371185682232,0.973448080640628,0.198011890320213,1,2361.27236619142,0.122325577858173
"4421","SFT2D1",0.656387210922227,0.973448080640628,0.197992153041786,1,2361.27236619142,-0.0817183593449913
"301","NCDN",0.656502376406482,0.973448080640628,0.197850345636802,1,2361.27236619142,-0.366508056269418
"5731","SLC31A1",0.65662714132669,0.973448080640628,0.197696786771599,1,2361.27236619142,-0.0711145896992342
"2425","ZNF717",0.656753208007994,0.973448080640628,0.19754169823741,1,2361.27236619142,-0.194342482752431
"3241","TRAPPC11",0.656775025320599,0.973448080640628,0.197514865751851,1,2361.27236619142,-0.0940135698222895
"6911","C2CD3",0.656862011889715,0.973448080640628,0.197407905168477,1,2361.27236619142,0.11438230735721
"4737","CASD1",0.656864518508143,0.973448080640628,0.197404823489986,1,2361.27236619142,-0.132159974087698
"7599","CFAP54",0.656876169070233,0.973448080640628,0.197390500472754,1,2361.27236619142,0.522918098780014
"10340","RTTN",0.656997357354471,0.973448080640628,0.197241550404074,1,2361.27236619142,-0.190984564763169
"5833","SPOUT1",0.657153912471053,0.973448080640628,0.197049231311979,1,2361.27236619142,0.259173112092736
"2941","SLC30A9",0.657227936725448,0.973448080640628,0.196958335809087,1,2361.27236619142,0.0901703994010224
"350","ZFP69B",0.657315561766073,0.973448080640628,0.196850772135017,1,2361.27236619142,0.51810832459893
"3168","GAB1",0.657349691019478,0.973448080640628,0.196808886458581,1,2361.27236619142,-0.12033053077259
"9678","SDF2",0.657495600689702,0.973448080640628,0.196629876605979,1,2361.27236619142,-0.116636438062191
"10337","TMX3",0.657729103029232,0.973448080640628,0.196343606109796,1,2361.27236619142,-0.117613984691886
"1277","GRHL1",0.657873157490579,0.973448080640628,0.196167121852986,1,2361.27236619142,1.07946073728107
"10120","TIMP2",0.657916875824626,0.973448080640628,0.196113580345316,1,2361.27236619142,0.0390524503640455
"5178","PRKDC",0.658032821675569,0.973448080640628,0.195971624683168,1,2361.27236619142,-0.102540186619064
"6754","PPP1R14B",0.658033014265767,0.973448080640628,0.195971388940883,1,2361.27236619142,0.0899515559471048
"7677","RAD9B",0.658083468097918,0.973448080640628,0.195909636178967,1,2361.27236619142,0.368626643268878
"12146","CTPS2",0.658103561082626,0.973448080640628,0.19588504669262,1,2361.27236619142,-0.168512011987771
"1913","ALS2",0.658268034113026,0.973448080640628,0.195683836501145,1,2361.27236619142,0.149765842114665
"7893","WBP4",0.658397904736566,0.973448080640628,0.195525044954585,1,2361.27236619142,-0.120971576246284
"8111","SDR39U1",0.658407842136188,0.973448080640628,0.1955128977667,1,2361.27236619142,-0.22934872409836
"10062","NT5C",0.65841663923259,0.973448080640628,0.195502144828718,1,2361.27236619142,0.166154698325052
"4814","PRKRIP1",0.658426625200529,0.973448080640628,0.1954899391281,1,2361.27236619142,-0.0885758970349124
"11674","PRPF6",0.658428174022794,0.973448080640628,0.195488046066407,1,2361.27236619142,-0.102543228082798
"10245","TMEM241",0.658528679508325,0.973448080640628,0.195365225775152,1,2361.27236619142,0.187965529081057
"10473","DPP9",0.658610040507509,0.973448080640628,0.195265834329331,1,2361.27236619142,-0.108566569838107
"10879","ZFP14",0.658640980038943,0.973448080640628,0.195228046207983,1,2361.27236619142,0.149468202897076
"8769","IL16",0.658769527013223,0.973448080640628,0.195071091644629,1,2361.27236619142,0.202343833464395
"7190","VAMP1",0.658847119080898,0.973448080640628,0.194976389016872,1,2361.27236619142,-0.449530647297885
"5359","SQLE",0.659114775075956,0.973448080640628,0.194649920508236,1,2361.27236619142,0.33035204983823
"5881","SURF4",0.659216920099079,0.973448080640628,0.194525417138519,1,2361.27236619142,-0.101474922794765
"4601","TMED4",0.659517287325896,0.973448080640628,0.194159578672479,1,2361.27236619142,-0.107435354239796
"1466","C2orf74",0.659637957669362,0.973448080640628,0.19401272151574,1,2361.27236619142,0.10489946868486
"3791","RASGEF1C",0.659882262621578,0.973448080640628,0.193715602749656,1,2361.27236619142,0.273409093403948
"4600","DDX56",0.659884525200835,0.973448080640628,0.193712852316629,1,2361.27236619142,-0.197841637605916
"12102","PPP2R3B",0.660012913206672,0.973448080640628,0.193556819676427,1,2361.27236619142,-0.323986419515405
"7854","GTF3A",0.660081901112931,0.973448080640628,0.193473008217511,1,2361.27236619142,0.0843919309270415
"5855","EXOSC2",0.660113417140623,0.973448080640628,0.193434727493842,1,2361.27236619142,0.345979044669678
"9164","PRSS53",0.66011780903506,0.973448080640628,0.193429393268693,1,2361.27236619142,-0.618173565773043
"12178","TAB3",0.660127647169429,0.973448080640628,0.193417444569688,1,2361.27236619142,-0.137726919687419
"3828","SSR1",0.660241047829663,0.973448080640628,0.193279747982162,1,2361.27236619142,-0.0763884294956032
"6394","EDRF1",0.66027118794744,0.973448080640628,0.193243160230108,1,2361.27236619142,0.135343078965881
"4532","GSDME",0.660319689249944,0.973448080640628,0.193184292107981,1,2361.27236619142,0.180218632298753
"2093","BRPF1",0.660357668674034,0.973448080640628,0.193138202313794,1,2361.27236619142,0.194113380892429
"10693","RAB8A",0.660371801763347,0.973448080640628,0.193121052828874,1,2361.27236619142,-0.0559919510664259
"4078","USP49",0.660400773807701,0.973448080640628,0.193085900181922,1,2361.27236619142,0.174867881897078
"10695","FAM32A",0.660427252904716,0.973448080640628,0.193053775641404,1,2361.27236619142,-0.0865576363577334
"9439","NXN",0.660434851467287,0.973448080640628,0.193044557625404,1,2361.27236619142,-0.662266177345478
"12052","TSPO",0.660502976781615,0.973448080640628,0.192961924745408,1,2361.27236619142,-0.0560663819085246
"9655","TMEM11",0.660509059615521,0.973448080640628,0.192954547573323,1,2361.27236619142,-0.169910414916527
"1496","ARHGAP25",0.660534251834033,0.973448080640628,0.192923996610013,1,2361.27236619142,-0.0568943517129497
"7288","PYROXD1",0.660693463306895,0.973448080640628,0.192730985319311,1,2361.27236619142,-0.128476121033636
"11489","TRPC4AP",0.660797538565955,0.973448080640628,0.192604877665208,1,2361.27236619142,-0.0655922566712053
"7869","B3GLCT",0.66079831662751,0.973448080640628,0.192603935075914,1,2361.27236619142,-0.2552094570874
"6712","TUT1",0.66086342365628,0.973448080640628,0.192525070357227,1,2361.27236619142,0.277324017135782
"12080","TRABD",0.66086758126184,0.973448080640628,0.192520034867128,1,2361.27236619142,-0.100634888351367
"7026","FDX1",0.66087676002092,0.973448080640628,0.192508918277624,1,2361.27236619142,0.0909673902545898
"3776","ZNF354B",0.660893471940681,0.973448080640628,0.192488679100569,1,2361.27236619142,0.243516313969175
"7298","ETFRF1",0.661132145605619,0.973448080640628,0.192199768843378,1,2361.27236619142,-0.130384498673675
"5852","GPR107",0.661157042946351,0.973448080640628,0.192169645952761,1,2361.27236619142,0.082227721354397
"12213","UXT",0.661167663989604,0.973448080640628,0.192156796580416,1,2361.27236619142,-0.0907477225699802
"8576","DUT",0.6611942706661,0.973448080640628,0.192124609986039,1,2361.27236619142,0.142987720962063
"12044","POLDIP3",0.661384508841236,0.973448080640628,0.191894568937687,1,2361.27236619142,-0.127548022915534
"11638","PPP1R3D",0.661421665333398,0.973448080640628,0.191849657495428,1,2361.27236619142,0.214388077539401
"6198","PAPSS2",0.661447726087826,0.973448080640628,0.191818161325843,1,2361.27236619142,-0.111329923683146
"11266","ZNF784",0.661592700311059,0.973448080640628,0.191643006503605,1,2361.27236619142,-0.436822474486183
"6779","VPS51",0.661792118677903,0.973448080640628,0.191402229162542,1,2361.27236619142,-0.155809915663067
"8961","NMRAL1",0.661849039060426,0.973448080640628,0.19133353668646,1,2361.27236619142,-0.14128838684261
"931","CD247",0.661941516057051,0.973448080640628,0.1912219652054,1,2361.27236619142,-0.260199172297142
"11207","ZNF665",0.661975086695514,0.973448080640628,0.191181472551738,1,2361.27236619142,-0.3668420526854
"5196","PLAG1",0.662007830975619,0.973448080640628,0.191141981566001,1,2361.27236619142,-0.469795542584546
"507","CTH",0.662022076519084,0.973448080640628,0.191124802355309,1,2361.27236619142,0.729703679793656
"7104","UBASH3B",0.662027077122009,0.973448080640628,0.191118772167349,1,2361.27236619142,-0.0675133614386987
"2849","TMEM128",0.6621369927194,0.973448080640628,0.190986254425516,1,2361.27236619142,-0.212721285406435
"10667","IL27RA",0.662202415437415,0.973448080640628,0.190907404700789,1,2361.27236619142,-0.332691272093412
"4614","IKZF1",0.662204140484516,0.973448080640628,0.190905325876667,1,2361.27236619142,0.0645208097972629
"3057","ABCG2",0.662240076034385,0.973448080640628,0.190862023638547,1,2361.27236619142,-0.668316043144362
"6131","SAR1A",0.662291871798961,0.973448080640628,0.190799620176734,1,2361.27236619142,0.100243046923588
"224","WDTC1",0.662342115629255,0.973448080640628,0.190739098092795,1,2361.27236619142,-0.124748497150929
"2138","CAPN7",0.662428826464745,0.973461438094019,0.19063467592844,1,2361.27236619142,-0.0824561922393492
"9153","ZNF629",0.662537168630402,0.973466886012027,0.190504251913742,1,2361.27236619142,-0.230357134000733
"17","INTS11",0.662587779204103,0.973466886012027,0.190443344311614,1,2361.27236619142,-0.170859415539791
"8249","TMEM229B",0.66273390796758,0.973472723180518,0.190267549819232,1,2361.27236619142,-0.194970612134159
"1516","MPHOSPH10",0.662858138606807,0.973472723180518,0.190118174992425,1,2361.27236619142,0.134368721898155
"7780","SBNO1",0.663015132721031,0.973472723180518,0.189929505238709,1,2361.27236619142,0.0859433902604889
"3343","PAIP1",0.663016196046689,0.973472723180518,0.18992822775305,1,2361.27236619142,-0.101698904577308
"4020","BAK1",0.66303967534291,0.973472723180518,0.189900020892174,1,2361.27236619142,0.113347884941717
"12174","POLA1",0.663057491540386,0.973472723180518,0.189878619060288,1,2361.27236619142,0.146492143554909
"11470","NECAB3",0.663379076868099,0.973644930268734,0.189492559121904,1,2361.27236619142,-0.445349064266545
"5706","RAD23B",0.663618739089765,0.973644930268734,0.189205150926839,1,2361.27236619142,0.0717017808249397
"5719","GNG10",0.663696338665534,0.973644930268734,0.189112147406268,1,2361.27236619142,-0.0671879114714592
"8479","EMC7",0.663750549787503,0.973644930268734,0.189047191208084,1,2361.27236619142,0.096929064938113
"99","FBXO44",0.663822436375786,0.973644930268734,0.18896107658593,1,2361.27236619142,0.342188130305317
"9182","C16orf87",0.663868405892886,0.973644930268734,0.188906020855604,1,2361.27236619142,0.135315633240029
"3213","TMEM192",0.663926777904233,0.973644930268734,0.188836124930809,1,2361.27236619142,0.140789024450373
"6391","ABRAXAS2",0.664025222179025,0.973644930268734,0.18871828043133,1,2361.27236619142,-0.116891424647712
"3445","MTX3",0.664062334284794,0.973644930268734,0.188673866063028,1,2361.27236619142,-0.314518565585367
"8842","ASB7",0.664074164302746,0.973644930268734,0.188659709649784,1,2361.27236619142,0.139626438155711
"5843","PTPA",0.664198499811749,0.973644930268734,0.188510961513261,1,2361.27236619142,0.0937487105610315
"6690","VWCE",0.664213813721823,0.973644930268734,0.188492645619763,1,2361.27236619142,0.360604403548167
"4641","TPST1",0.664295283965014,0.973644930268734,0.188395222556378,1,2361.27236619142,0.189217272602649
"9892","NPEPPS",0.664404446389798,0.973644930268734,0.188264731775145,1,2361.27236619142,0.0651005930580596
"11180","ZNF350",0.66443438817508,0.973644930268734,0.188228949296749,1,2361.27236619142,0.144502124024962
"4876","LSM8",0.664579849053142,0.973644930268734,0.188055171111554,1,2361.27236619142,0.0847385585178514
"11958","NCF4",0.664714639661015,0.973644930268734,0.187894225521179,1,2361.27236619142,0.055967273340023
"2030","INPP5D",0.664733903744154,0.973644930268734,0.187871230089984,1,2361.27236619142,0.0570401225044402
"2293","LAMB2",0.664870838968037,0.973644930268734,0.187707819429387,1,2361.27236619142,-0.215507807643122
"11206","ZNF347",0.665000204495764,0.973644930268734,0.187553519580394,1,2361.27236619142,0.202844181140806
"7088","DPAGT1",0.66510997741785,0.973644930268734,0.187422647769257,1,2361.27236619142,-0.256149243346544
"4651","NSUN5",0.665132696486202,0.973644930268734,0.187395568760054,1,2361.27236619142,0.146884746422851
"9144","ZNF785",0.665169572608193,0.973644930268734,0.187351620809503,1,2361.27236619142,0.201383293206067
"5153","TACC1",0.66523051222289,0.973644930268734,0.187279008061076,1,2361.27236619142,0.0600850544229017
"10235","RNMT",0.665352424956062,0.973644930268734,0.187133792794209,1,2361.27236619142,0.0827049251890926
"9325","CMTR2",0.665410116044343,0.973644930268734,0.187065097874734,1,2361.27236619142,0.16200776238118
"601","SLC25A24",0.665465581306828,0.973644930268734,0.1869990674437,1,2361.27236619142,0.0612957668666813
"10523","STXBP2",0.665472725360577,0.973644930268734,0.18699056357771,1,2361.27236619142,-0.0861996791293825
"6546","PLEKHA7",0.665484937946221,0.973644930268734,0.186976026957775,1,2361.27236619142,-0.313194389363004
"36","SKI",0.665535427639506,0.973644930268734,0.186915936280113,1,2361.27236619142,0.166990949755282
"8327","CIPC",0.665588367726866,0.973644930268734,0.186852941559004,1,2361.27236619142,-0.187321036063938
"11249","TMEM86B",0.665664235372619,0.973644930268734,0.186762686736996,1,2361.27236619142,0.395089622223475
"2213","EIF1B",0.665751045619838,0.973644930268734,0.186659445953251,1,2361.27236619142,-0.0771257780351528
"4561","NT5C3A",0.665823650274581,0.973644930268734,0.186573125459012,1,2361.27236619142,-0.057093576459178
"6160","AGAP5",0.665962595064625,0.973644930268734,0.186407998470705,1,2361.27236619142,-0.226271667803731
"2120","MKRN2",0.666046879108857,0.973644930268734,0.186307874543534,1,2361.27236619142,0.143880043902307
"8844","CHSY1",0.666084421918842,0.973644930268734,0.186263286415027,1,2361.27236619142,-0.100671871119594
"331","FHL3",0.666124990168706,0.973644930268734,0.186215112205832,1,2361.27236619142,0.1689253305866
"11015","ZNF223",0.666444962277852,0.973727693792349,0.185835408948061,1,2361.27236619142,-0.238790357326831
"10562","SHFL",0.666464893968558,0.973727693792349,0.185811771692106,1,2361.27236619142,0.0772627622755101
"2295","KLHDC8B",0.666489015542155,0.973727693792349,0.185783167982849,1,2361.27236619142,0.1578767816547
"5353","TRMT12",0.666561755225604,0.973727693792349,0.185696928026428,1,2361.27236619142,-0.355316097307048
"445","ZYG11B",0.666608441224546,0.973727693792349,0.185641589750092,1,2361.27236619142,0.0837936383200958
"3840","TMEM14C",0.666647823292902,0.973727693792349,0.185594916638741,1,2361.27236619142,0.0734803502839099
"261","SERINC2",0.666735417684738,0.973727693792349,0.185491130307176,1,2361.27236619142,-0.133664772337028
"8972","UBN1",0.666884365382008,0.973727693792349,0.185314728433419,1,2361.27236619142,0.0881567401344756
"1569","CAPG",0.666903309379164,0.973727693792349,0.18529229979184,1,2361.27236619142,-0.0503461948387442
"6348","NHLRC2",0.66704748445741,0.973727693792349,0.185121657211434,1,2361.27236619142,0.123649661645226
"4909","TMEM209",0.667100831180175,0.973727693792349,0.18505854077048,1,2361.27236619142,0.181473126296446
"4385","SYNE1",0.667190483879333,0.973727693792349,0.184952498138279,1,2361.27236619142,-0.127360120015065
"8644","HERC1",0.667190979408153,0.973727693792349,0.184951912119023,1,2361.27236619142,-0.0573366734376979
"410","GPBP1L1",0.667383678981568,0.97379962348447,0.184724106319389,1,2361.27236619142,-0.0648031756263641
"2029","SNORC",0.66739556365912,0.97379962348447,0.184710061923175,1,2361.27236619142,0.390377029619512
"441","ORC1",0.667627536603844,0.974024771585483,0.184436060819412,1,2361.27236619142,0.493144815501271
"5431","CPSF1",0.668027776459726,0.974049295690022,0.183963872962063,1,2361.27236619142,0.191266382358595
"3325","TTC33",0.668130317399023,0.974049295690022,0.183843014347217,1,2361.27236619142,-0.156848518168767
"6868","LRP5",0.668131030839555,0.974049295690022,0.183842173624025,1,2361.27236619142,0.205067506245569
"2255","CCR1",0.668194084451364,0.974049295690022,0.183767879806124,1,2361.27236619142,0.0552021560886036
"8393","GLRX5",0.668359324855392,0.974049295690022,0.183573267260081,1,2361.27236619142,-0.111160045542627
"7488","NAB2",0.668610838303279,0.974049295690022,0.183277280498745,1,2361.27236619142,0.207887994624911
"1831","RBM45",0.668742389927831,0.974049295690022,0.183122580099361,1,2361.27236619142,-0.19986481854503
"5443","ZNF34",0.668778500117368,0.974049295690022,0.183080129218023,1,2361.27236619142,0.335241550019296
"3264","EXOC3",0.668779708268941,0.974049295690022,0.183078709024305,1,2361.27236619142,0.0737654365381148
"5856","ABL1",0.668784419998765,0.974049295690022,0.18307317040315,1,2361.27236619142,0.0589242324817152
"2791","PAK2",0.668795346247155,0.974049295690022,0.183060327019622,1,2361.27236619142,-0.0466632198235621
"12120","FAM9B",0.668825686771323,0.974049295690022,0.183024665698846,1,2361.27236619142,0.589698935817452
"1217","GPR137B",0.668835606596903,0.974049295690022,0.183013007131883,1,2361.27236619142,0.0667095629385559
"7071","UBE4A",0.668838041514367,0.974049295690022,0.183010145490624,1,2361.27236619142,-0.100338758923793
"4426","AFDN",0.669029560786727,0.974049295690022,0.182785145017179,1,2361.27236619142,-0.477899069192344
"4786","MEPCE",0.669080167810783,0.974049295690022,0.182725718268832,1,2361.27236619142,0.155098057571827
"5412","PARP10",0.669107887562862,0.974049295690022,0.182693172399632,1,2361.27236619142,0.0967066405346027
"5034","CSMD1",0.6691155670089,0.974049295690022,0.182684156538512,1,2361.27236619142,-0.533147787104143
"5031","CLN8",0.669194630182223,0.974049295690022,0.182591349700544,1,2361.27236619142,-0.0984410751407759
"2288","DALRD3",0.669197729978887,0.974049295690022,0.182587711629896,1,2361.27236619142,-0.211683853750055
"11648","CABLES2",0.669529057231501,0.974385523079432,0.182199097097683,1,2361.27236619142,-0.427026044263246
"3031","SCD5",0.669611081662798,0.974385523079432,0.182102966027948,1,2361.27236619142,-0.453736258077085
"7630","CHST11",0.669683712227794,0.974385523079432,0.182017869422305,1,2361.27236619142,-0.0623538667207681
"6283","TWNK",0.669829942989175,0.974385523079432,0.181846611461283,1,2361.27236619142,0.726204322663691
"6739","RTN3",0.669962960724746,0.974385523079432,0.181690910655994,1,2361.27236619142,0.0580371551805277
"8780","C15orf40",0.669981883291173,0.974385523079432,0.181668767690312,1,2361.27236619142,-0.12419761799826
"11446","PYGB",0.670006614745932,0.974385523079432,0.181639829635497,1,2361.27236619142,0.135442288508348
"5662","AL160269.1",0.67009573770126,0.974385523079432,0.181535570251713,1,2361.27236619142,0.498396683246527
"11977","ANKRD54",0.670133135013748,0.974385523079432,0.181491832002989,1,2361.27236619142,-0.255409656035422
"9725","MYO1D",0.670519284309862,0.974385523079432,0.181040572771428,1,2361.27236619142,-0.176665643215665
"2145","ANKRD28",0.670519916807755,0.974385523079432,0.181039834170183,1,2361.27236619142,-0.152963141558642
"9333","PKD1L3",0.670525413446475,0.974385523079432,0.18103341552935,1,2361.27236619142,-0.589110645927644
"5961","NET1",0.670539962065559,0.974385523079432,0.181016427184266,1,2361.27236619142,-0.627636283910468
"4254","AK9",0.670642614963434,0.974385523079432,0.180896586697147,1,2361.27236619142,0.15191698521199
"11920","SLC35E4",0.670814371380541,0.974385523079432,0.18069617720188,1,2361.27236619142,-0.318375638132772
"8147","C14orf28",0.670827182018455,0.974385523079432,0.180681234699152,1,2361.27236619142,-0.350683725722553
"2171","ZCWPW2",0.671105284535719,0.974385523079432,0.180357031915736,1,2361.27236619142,0.13243080529554
"5131","UBXN8",0.671136340002521,0.974385523079432,0.180320849802763,1,2361.27236619142,-0.42600969203272
"4823","UPK3BL1",0.671251085475314,0.974385523079432,0.180187199269005,1,2361.27236619142,-0.16483736815035
"2662","TIPARP",0.671378704974843,0.974385523079432,0.180038622312705,1,2361.27236619142,0.0954438438672669
"11933","SFI1",0.671402979817404,0.974385523079432,0.180010369283037,1,2361.27236619142,-0.152961625902985
"2011","SP110",0.671430679832764,0.974385523079432,0.179978132955549,1,2361.27236619142,0.044618691107068
"11889","PITPNB",0.671647404501298,0.974385523079432,0.179726033792277,1,2361.27236619142,0.0793759209151498
"4546","CPVL",0.67165635443436,0.974385523079432,0.179715627504419,1,2361.27236619142,0.0580054459581071
"4613","UPP1",0.671812420202588,0.974385523079432,0.179534223468128,1,2361.27236619142,0.113857899900367
"4256","WASF1",0.672050740244656,0.974385523079432,0.179257419104799,1,2361.27236619142,0.224828317385876
"5743","TMEM268",0.672101442257674,0.974385523079432,0.17919856213459,1,2361.27236619142,-0.089456747068347
"1856","SLC40A1",0.672415426501895,0.974385523079432,0.17883433014269,1,2361.27236619142,0.121643833613908
"10172","FASN",0.672597804598222,0.974385523079432,0.178622966124388,1,2361.27236619142,0.488897127031045
"6129","AIFM2",0.672679452581555,0.974385523079432,0.178528389306502,1,2361.27236619142,0.148397540957999
"2940","DCAF4L1",0.672682783094786,0.974385523079432,0.178524532038132,1,2361.27236619142,-0.617899265033507
"8201","KTN1",0.67286629103524,0.974385523079432,0.178312076310403,1,2361.27236619142,-0.0584874761980086
"4471","FBXL18",0.672892207583258,0.974385523079432,0.178282083522389,1,2361.27236619142,-0.220459379926289
"12180","PRRG1",0.67293061233273,0.974385523079432,0.178237643813571,1,2361.27236619142,0.16159936387273
"10929","LRFN1",0.67324628324174,0.974385523079432,0.177872615331397,1,2361.27236619142,-0.58552689073215
"11826","GNB1L",0.673322618185006,0.974385523079432,0.177784411009184,1,2361.27236619142,-0.271784211168553
"10309","MEX3C",0.673352691439242,0.974385523079432,0.177749668716299,1,2361.27236619142,0.181431047649465
"11589","STAU1",0.673362701158475,0.974385523079432,0.177738105819882,1,2361.27236619142,0.0620233628423458
"10835","SCGB2B2",0.673379086974542,0.974385523079432,0.177719178423491,1,2361.27236619142,-0.220103010311178
"8279","ZFYVE1",0.673380404898478,0.974385523079432,0.177717656129848,1,2361.27236619142,-0.140967293466374
"6207","FAS",0.673387287775358,0.974385523079432,0.177709706053978,1,2361.27236619142,-0.16761254059687
"2544","ZXDC",0.673489711305675,0.974385523079432,0.177591426367949,1,2361.27236619142,0.0997823254271695
"3662","TIGD6",0.67357913506242,0.974385523079432,0.177488196860414,1,2361.27236619142,0.33319966772585
"12141","VEGFD",0.673589165025661,0.974385523079432,0.177476620618293,1,2361.27236619142,-0.609328386363571
"2481","NEPRO",0.673623280245438,0.974385523079432,0.177437249320514,1,2361.27236619142,0.137366637500583
"2493","IGSF11",0.673857631094911,0.974385523079432,0.177166931387246,1,2361.27236619142,0.352624389513459
"8083","DHRS4L2",0.67387019315086,0.974385523079432,0.17715244821552,1,2361.27236619142,-0.118485380049888
"315","STK40",0.673911208611468,0.974385523079432,0.17710516511107,1,2361.27236619142,-0.0977052437689326
"898","UFC1",0.673977880997986,0.974385523079432,0.177028320253842,1,2361.27236619142,0.0731242439227216
"5614","KIF27",0.674008489573776,0.974385523079432,0.176993048179913,1,2361.27236619142,0.205089541376052
"8128","SNX6",0.674081138832962,0.974385523079432,0.176909346697144,1,2361.27236619142,-0.0344960868750896
"4435","TBP",0.674170727068506,0.974385523079432,0.17680616137019,1,2361.27236619142,-0.194176870547867
"1984","ATG9A",0.674236469935277,0.974385523079432,0.176730463035081,1,2361.27236619142,-0.17741383552667
"4213","LYRM2",0.674320721788647,0.974385523079432,0.176633480773494,1,2361.27236619142,0.0953142738959438
"11493","MMP24",0.674449669465756,0.974385523079432,0.176485109820066,1,2361.27236619142,-0.238925161668719
"11828","TXNRD2",0.674645321111872,0.974385523079432,0.176260127394782,1,2361.27236619142,0.147987753027127
"10344","CYB5A",0.6746481682329,0.974385523079432,0.176256854698575,1,2361.27236619142,-0.0835097097325699
"11401","PLCB4",0.67482547275906,0.974385523079432,0.176053117875943,1,2361.27236619142,0.675701230237376
"11499","CPNE1",0.674980428347576,0.974385523079432,0.175875175197377,1,2361.27236619142,0.0860058648981502
"2244","ZDHHC3",0.675023329794921,0.974385523079432,0.175825928179544,1,2361.27236619142,-0.101599594303674
"11539","CHD6",0.675125630049371,0.974385523079432,0.175708529371744,1,2361.27236619142,0.077017729306619
"7326","FGD4",0.675146168050101,0.974385523079432,0.175684965712035,1,2361.27236619142,0.0497825355550774
"7782","RILPL2",0.67516682039465,0.974385523079432,0.175661272736722,1,2361.27236619142,0.0742983776268634
"676","TTF2",0.675248494651184,0.974385523079432,0.175567592037513,1,2361.27236619142,-0.160703254151983
"4998","ASIC3",0.675300548550678,0.974385523079432,0.175507901332971,1,2361.27236619142,0.672707425424996
"8584","FGF7",0.675300975227413,0.974385523079432,0.175507412107975,1,2361.27236619142,0.672707421000763
"9345","LDHD",0.675301824904304,0.974385523079432,0.175506437875913,1,2361.27236619142,0.672707435387226
"3197","GUCY1A1",0.67530814165938,0.974385523079432,0.175499195239669,1,2361.27236619142,0.67270742099475
"3788","MRNIP",0.675343203543336,0.974385523079432,0.175458997338366,1,2361.27236619142,0.158919022339454
"3324","DAB2",0.675400577451322,0.974385523079432,0.175393230724663,1,2361.27236619142,-0.0549055174195414
"1902","ORC2",0.675496373448411,0.974385523079432,0.175283453899361,1,2361.27236619142,0.113088724317991
"4510","TWISTNB",0.675691540572388,0.974385523079432,0.175059928303646,1,2361.27236619142,-0.193452129926085
"14","SCNN1D",0.675769360019074,0.974385523079432,0.174970848149045,1,2361.27236619142,0.669759051340328
"11601","RIPOR3",0.675769712188385,0.974385523079432,0.174970445080326,1,2361.27236619142,0.669759048353931
"11027","PVR",0.675770944238508,0.974385523079432,0.174969034964964,1,2361.27236619142,0.289828498104256
"11869","DDTL",0.675772833764651,0.974385523079432,0.174966872363129,1,2361.27236619142,0.669759046214623
"7332","KIF21A",0.675772905563464,0.974385523079432,0.174966790188209,1,2361.27236619142,0.669759030242539
"7168","FOXM1",0.675774090105647,0.974385523079432,0.174965434463512,1,2361.27236619142,0.66975914902744
"7649","FICD",0.675775270225608,0.974385523079432,0.174964083806244,1,2361.27236619142,-0.345842408030625
"3891","BTN2A1",0.675843460723828,0.974385523079432,0.174886049607691,1,2361.27236619142,-0.127370951773725
"8172","NIN",0.675853444956084,0.974385523079432,0.17487462580903,1,2361.27236619142,0.0661821020233919
"11917","MTFP1",0.675929140223597,0.974385523079432,0.174788030756392,1,2361.27236619142,-0.257686130653579
"2127","TMEM43",0.67593124827191,0.974385523079432,0.174785619519014,1,2361.27236619142,-0.191664603284876
"1078","NUCKS1",0.675955191036685,0.974385523079432,0.174758234568522,1,2361.27236619142,-0.0537352381510887
"3068","CCSER1",0.676139917092899,0.97453978856017,0.174547035684699,1,2361.27236619142,0.155411733633823
"8777","WHAMM",0.676518873328342,0.974550984909093,0.174114241128299,1,2361.27236619142,-0.100855738240523
"10389","MIDN",0.676559680356124,0.974550984909093,0.174067674266449,1,2361.27236619142,-0.087974567058402
"1056","ADIPOR1",0.67660165599367,0.974550984909093,0.174019781477185,1,2361.27236619142,-0.0785535129383505
"5595","ANXA1",0.676749854689009,0.974550984909093,0.173850753624931,1,2361.27236619142,-0.0593385023687701
"2680","PDCD10",0.676751784842899,0.974550984909093,0.173848552826155,1,2361.27236619142,-0.0712954084913538
"6333","ADD3",0.676790326577513,0.974550984909093,0.173804610218669,1,2361.27236619142,-0.0847302969579949
"2920","TLR6",0.676799228847017,0.974550984909093,0.173794461396513,1,2361.27236619142,0.126958625431323
"1642","PDCL3",0.67681469027276,0.974550984909093,0.173776835789808,1,2361.27236619142,-0.195338058642036
"6280","HIF1AN",0.677082445631337,0.974550984909093,0.173471768310287,1,2361.27236619142,-0.144180688617716
"7244","KLRF1",0.677212139257957,0.974550984909093,0.173324114739231,1,2361.27236619142,0.467439341974021
"4492","MIOS",0.677240080193354,0.974550984909093,0.173292314207151,1,2361.27236619142,0.0886208380179318
"9871","EFTUD2",0.677289536822712,0.974550984909093,0.173236034321716,1,2361.27236619142,0.102706171285021
"9992","MRC2",0.67733246747513,0.974550984909093,0.173187189460888,1,2361.27236619142,0.139293485926083
"10089","SRP68",0.677473218462493,0.974550984909093,0.17302710501681,1,2361.27236619142,0.13384517757679
"1275","YWHAQ",0.67755359172168,0.974550984909093,0.172935730690979,1,2361.27236619142,0.0826800920343205
"4658","DNAJC30",0.677581897985945,0.974550984909093,0.172903556755414,1,2361.27236619142,0.242300041335141
"7309","ARNTL2",0.677652537423486,0.974550984909093,0.172823280698884,1,2361.27236619142,0.268162096678704
"6723","UBXN1",0.677740169171519,0.974550984909093,0.17272372462558,1,2361.27236619142,0.0612456640254768
"5787","PBX3",0.677757076411893,0.974550984909093,0.172704520635467,1,2361.27236619142,-0.0710336937237825
"5873","GTF3C5",0.677854441672533,0.974550984909093,0.172593953239149,1,2361.27236619142,0.191402067457602
"3562","UQCRQ",0.678140706295411,0.974550984909093,0.172269113309637,1,2361.27236619142,-0.0638771000729733
"4065","MOCS1",0.678153245311548,0.974550984909093,0.172254892811229,1,2361.27236619142,-0.587798412250248
"182","LYPLA2",0.678310413901045,0.974550984909093,0.172076706271597,1,2361.27236619142,-0.12850714684761
"3284","CMBL",0.678343629260552,0.974550984909093,0.172039062899787,1,2361.27236619142,-0.179209756312657
"75","GPR157",0.678362753084374,0.974550984909093,0.172017391826548,1,2361.27236619142,-0.279760465038617
"7534","SLC35E3",0.678388983247335,0.974550984909093,0.171987670468176,1,2361.27236619142,-0.1081915243067
"11664","ARFRP1",0.678444326688951,0.974550984909093,0.171924970771206,1,2361.27236619142,-0.152582435508282
"8079","ZFHX2",0.678506894959751,0.974550984909093,0.171854102053935,1,2361.27236619142,0.241421300392057
"5806","ST6GALNAC6",0.678588902411063,0.974550984909093,0.17176124123583,1,2361.27236619142,-0.184392028407273
"7030","ALG9",0.678667924966352,0.974550984909093,0.171671788173033,1,2361.27236619142,0.178535529703452
"10084","MRPL38",0.6786784203749,0.974550984909093,0.171659909486739,1,2361.27236619142,0.141424176609711
"3734","CPEB4",0.678934386446515,0.974550984909093,0.171370356562825,1,2361.27236619142,-0.062264598114412
"5683","TGFBR1",0.678958499453387,0.974550984909093,0.171343094299417,1,2361.27236619142,0.105074407356109
"2395","PXK",0.678972844565351,0.974550984909093,0.171326876862814,1,2361.27236619142,0.13927531124113
"1618","ANKRD39",0.679241014079906,0.974550984909093,0.171023871322073,1,2361.27236619142,-0.203177681671822
"916","NOS1AP",0.679454151586889,0.974550984909093,0.170783270588473,1,2361.27236619142,0.457355790039385
"892","USF1",0.679477275516604,0.974550984909093,0.170757179014625,1,2361.27236619142,0.137745076437437
"12484","EMD",0.679610669341316,0.974550984909093,0.17060671145067,1,2361.27236619142,0.159975870072741
"2326","CYB561D2",0.679614215656301,0.974550984909093,0.170602712284722,1,2361.27236619142,-0.156436529262816
"4826","FBXL13",0.67963913777169,0.974550984909093,0.170574609257555,1,2361.27236619142,-0.367461444084435
"9489","VMO1",0.679699651540272,0.974550984909093,0.170506383146384,1,2361.27236619142,0.0755345143004876
"757","LYSMD1",0.679771371724659,0.974550984909093,0.170425543072694,1,2361.27236619142,-0.572590828956497
"8821","FURIN",0.679968541916039,0.974550984909093,0.170203416466642,1,2361.27236619142,0.108383095681504
"9569","CNTROB",0.68001161836074,0.974550984909093,0.170154910271295,1,2361.27236619142,-0.2505490995747
"8337","SLIRP",0.680035558485246,0.974550984909093,0.170127956010839,1,2361.27236619142,-0.0715705827166
"6798","SIPA1",0.680077675422167,0.974550984909093,0.170080542484794,1,2361.27236619142,-0.104653494947228
"4102","CUL9",0.680122395018104,0.974550984909093,0.170030207454978,1,2361.27236619142,0.172599919381397
"11780","LRRC3",0.680194089161475,0.974550984909093,0.169949528875197,1,2361.27236619142,0.320858397841064
"2343","ABHD14A",0.680222149754168,0.974550984909093,0.169917957935449,1,2361.27236619142,0.194903494088809
"2345","RPL29",0.680238508485941,0.974550984909093,0.169899554328828,1,2361.27236619142,-0.0387658926300894
"12245","PPP1R3F",0.680238609497329,0.974550984909093,0.169899440694433,1,2361.27236619142,-0.282081310004878
"9699","GIT1",0.680243363423603,0.974550984909093,0.169894092738441,1,2361.27236619142,0.168144259970785
"827","RUSC1",0.680266272378136,0.974550984909093,0.169868322562385,1,2361.27236619142,-0.214500203359816
"5918","MAMDC4",0.680409494729506,0.974644828486891,0.169707264239683,1,2361.27236619142,0.470887811908715
"12199","CHST7",0.680555500124324,0.97467873506944,0.169543168262529,1,2361.27236619142,-0.188601894383693
"2597","IL20RB",0.680648461524446,0.97467873506944,0.169438736986671,1,2361.27236619142,-0.341314918027428
"12122","WWC3",0.680824222064817,0.97467873506944,0.169241393354791,1,2361.27236619142,0.125407708435896
"2741","EHHADH",0.680919580666265,0.97467873506944,0.169134381142924,1,2361.27236619142,0.236932746075512
"1830","TTC30A",0.680979255832449,0.97467873506944,0.169067433305989,1,2361.27236619142,0.491139951794456
"7624","TDG",0.681202234801629,0.97467873506944,0.168817416759438,1,2361.27236619142,-0.107450981636525
"1430","CRIPT",0.68125263526236,0.97467873506944,0.168760934894001,1,2361.27236619142,-0.12587623692758
"9732","ZNF830",0.681313705647014,0.97467873506944,0.168692510453839,1,2361.27236619142,-0.167209940093019
"4620","VOPP1",0.681443990506157,0.97467873506944,0.168546590970132,1,2361.27236619142,0.0688130935244755
"5699","NIPSNAP3B",0.681475206045401,0.97467873506944,0.168511640417146,1,2361.27236619142,-0.353702384445818
"4648","CALN1",0.681698871563361,0.97467873506944,0.168261336653962,1,2361.27236619142,0.343530634534517
"2287","WDR6",0.681702694060862,0.97467873506944,0.168257060791517,1,2361.27236619142,0.154176946701908
"4919","CALD1",0.682076564082181,0.97467873506944,0.167839154783209,1,2361.27236619142,0.563510229684544
"12224","WAS",0.68215996446357,0.97467873506944,0.167746013940935,1,2361.27236619142,0.0662587612602518
"12017","EP300",0.682173378477989,0.97467873506944,0.16773103610107,1,2361.27236619142,0.0589326079118031
"10497","ALKBH7",0.682206976152161,0.97467873506944,0.16769352498819,1,2361.27236619142,-0.0777706024654049
"6594","NAT10",0.68220710392364,0.97467873506944,0.167693382343309,1,2361.27236619142,0.198794788664116
"6139","SLC29A3",0.682296292826428,0.97467873506944,0.167593828576343,1,2361.27236619142,0.124558866298719
"10884","ZNF382",0.682317081269962,0.97467873506944,0.167570629216125,1,2361.27236619142,0.268703129225469
"4925","NUP205",0.682332524756403,0.97467873506944,0.167553395902303,1,2361.27236619142,0.0942950494304087
"515","ACADM",0.682356122843547,0.97467873506944,0.167527064906462,1,2361.27236619142,0.0949803964901182
"10608","ELOF1",0.682540603643222,0.97467873506944,0.167321302530259,1,2361.27236619142,0.133879666456984
"3152","NOCT",0.682899584062338,0.97467873506944,0.166921333346771,1,2361.27236619142,0.291918846803285
"10615","ZNF439",0.682979712472566,0.97467873506944,0.166832132039616,1,2361.27236619142,0.245935575959506
"6046","ZEB1",0.683108875455814,0.97467873506944,0.166688402560789,1,2361.27236619142,0.304911945547547
"2104","PRRT3",0.683119481344158,0.97467873506944,0.166676603792593,1,2361.27236619142,-0.578936393611432
"4969","EZH2",0.683363513183376,0.97467873506944,0.166405259428105,1,2361.27236619142,0.14296266385608
"9710","RNF135",0.683533929253604,0.97467873506944,0.166215922946078,1,2361.27236619142,0.0660389908255657
"5478","ZDHHC21",0.683569789000087,0.97467873506944,0.166176097885542,1,2361.27236619142,0.0769534141247772
"10147","FAAP100",0.683645329516919,0.97467873506944,0.166092222425298,1,2361.27236619142,0.210592641426846
"2554","MGLL",0.683679930031024,0.97467873506944,0.166053812425435,1,2361.27236619142,0.0703587891060499
"1719","HS6ST1",0.683742108394392,0.97467873506944,0.165984801296606,1,2361.27236619142,0.185534624639169
"7365","DDX23",0.683757950870402,0.97467873506944,0.16596722056825,1,2361.27236619142,0.126420276411147
"6577","DCDC1",0.683806993815574,0.97467873506944,0.165912803464392,1,2361.27236619142,0.490051470714818
"10012","DDX5",0.683807309138317,0.97467873506944,0.165912453622032,1,2361.27236619142,0.0357534253480996
"9617","MPRIP",0.683808127874545,0.97467873506944,0.165911545257547,1,2361.27236619142,0.116171181193935
"5965","ANKRD16",0.683822848846642,0.97467873506944,0.165895213253743,1,2361.27236619142,-0.348568024890671
"4057","RNF8",0.683864728685362,0.97467873506944,0.165848755301138,1,2361.27236619142,-0.12095586461825
"4156","PHF3",0.683866425596253,0.97467873506944,0.165846873051554,1,2361.27236619142,0.055554578819803
"10794","ZNF708",0.683907704726197,0.97467873506944,0.165801089200257,1,2361.27236619142,0.117915337999318
"10350","ZNF516",0.683953132852785,0.97467873506944,0.165750712096064,1,2361.27236619142,-0.0572167526961378
"5520","NFX1",0.683954193299329,0.97467873506944,0.165749536230184,1,2361.27236619142,0.0781577272867767
"11315","ZNF418",0.683959744059862,0.97467873506944,0.165743381402465,1,2361.27236619142,0.467922382324839
"9619","FLCN",0.683978886626017,0.97467873506944,0.165722156648923,1,2361.27236619142,0.131188925761336
"7776","PITPNM2",0.683981805180658,0.97467873506944,0.165718920774595,1,2361.27236619142,0.412350290703099
"10818","ANKRD27",0.684143271118583,0.97467873506944,0.165539956836574,1,2361.27236619142,0.141842936143146
"7619","PARPBP",0.684211459616816,0.97467873506944,0.165464412622728,1,2361.27236619142,0.22955267393527
"11350","SRXN1",0.684288393479361,0.97467873506944,0.165379203778767,1,2361.27236619142,0.203377384896534
"6575","ARL14EP",0.684315371565035,0.97467873506944,0.165349329995711,1,2361.27236619142,-0.116204899001521
"1714","SFT2D3",0.684383761862705,0.97467873506944,0.16527361310401,1,2361.27236619142,0.282805539259244
"9142","ZNF764",0.684535909757482,0.97467873506944,0.165105238211107,1,2361.27236619142,-0.336647618270787
"7705","RITA1",0.684551293457795,0.97467873506944,0.165088219361989,1,2361.27236619142,-0.193632302288776
"12467","ZNF275",0.684552292360388,0.97467873506944,0.165087114320383,1,2361.27236619142,-0.407742877919478
"7650","SART3",0.68468061971513,0.97472389563024,0.164945187296244,1,2361.27236619142,-0.117318451504996
"8987","EMP2",0.684751445356032,0.97472389563024,0.164866886260442,1,2361.27236619142,-0.638697739642784
"2750","TBCCD1",0.684817179204054,0.97472389563024,0.164794233813588,1,2361.27236619142,-0.229971682945214
"342","MYCL",0.685151228869729,0.975088692834235,0.164425313016362,1,2361.27236619142,-0.429295911145316
"7157","WNK1",0.685620132454335,0.975481239586833,0.163908272950693,1,2361.27236619142,-0.0447349624285017
"1172","C1orf35",0.685636030871165,0.975481239586833,0.163890759053568,1,2361.27236619142,-0.169935054069406
"1291","RDH14",0.685700368084088,0.975481239586833,0.163819895487378,1,2361.27236619142,-0.152298498302344
"9786","GSDMB",0.685744241828141,0.975481239586833,0.163771581427639,1,2361.27236619142,0.314647540091703
"1765","GPD2",0.685881511302825,0.975481239586833,0.163620472923817,1,2361.27236619142,-0.0568027479381887
"9086","NUPR1",0.685893754140555,0.975481239586833,0.163606999748039,1,2361.27236619142,0.0794002501449678
"3718","LCP2",0.68597416483306,0.975484975753646,0.163518524264602,1,2361.27236619142,-0.0553530861829415
"4602","OGDH",0.686054524514003,0.975488638540828,0.163430132724877,1,2361.27236619142,-0.0802209626857822
"6576","MPPED2",0.686460731167031,0.975490966623928,0.162983751552391,1,2361.27236619142,-0.616826873487887
"8754","PSMA4",0.686578971904925,0.975490966623928,0.162853950012058,1,2361.27236619142,-0.0605746158559477
"262","TINAGL1",0.686708640957874,0.975490966623928,0.162711671896777,1,2361.27236619142,0.719376450452463
"4604","PPIA",0.68673132725501,0.975490966623928,0.162686787007533,1,2361.27236619142,0.043851823734237
"7093","CBL",0.686736429244224,0.975490966623928,0.162681190875142,1,2361.27236619142,0.0543449692177272
"11572","ZNF335",0.686766304837149,0.975490966623928,0.162648423986479,1,2361.27236619142,-0.196992734343298
"5546","SIT1",0.686913237181502,0.975490966623928,0.162487327683479,1,2361.27236619142,-0.341450316386122
"1315","DNAJC27",0.686955688684811,0.975490966623928,0.162440801225111,1,2361.27236619142,0.203926695581725
"8487","GOLGA8B",0.687161167848701,0.975490966623928,0.162215707398894,1,2361.27236619142,0.282262121599691
"3993","TAP2",0.687167916799083,0.975490966623928,0.162208317282912,1,2361.27236619142,0.0996860925445033
"3623","DND1",0.687251054116797,0.975490966623928,0.162117297780746,1,2361.27236619142,0.460918820333916
"4145","ELOVL5",0.687345995308989,0.975490966623928,0.162013391594078,1,2361.27236619142,0.117169363108702
"4481","CYTH3",0.687364654501979,0.975490966623928,0.161992975024133,1,2361.27236619142,0.168191507493225
"8578","CEP152",0.687669407018995,0.975490966623928,0.161659731591514,1,2361.27236619142,0.145483357576456
"8779","RAMAC",0.687836825439763,0.975490966623928,0.161476831066031,1,2361.27236619142,0.188620117089459
"662","TRIM33",0.687863859864109,0.975490966623928,0.161447307895814,1,2361.27236619142,-0.0699885455697448
"9494","MINK1",0.687900300956217,0.975490966623928,0.161407517056061,1,2361.27236619142,-0.10757620232168
"516","RABGGTB",0.687965120147439,0.975490966623928,0.16133675361407,1,2361.27236619142,0.158363669760832
"8833","RGMA",0.688019022936048,0.975490966623928,0.161277921387003,1,2361.27236619142,-0.364813585738435
"5406","ZNF707",0.688086535715109,0.975490966623928,0.161204252103671,1,2361.27236619142,0.25311122326663
"11688","USP25",0.688255324385344,0.975490966623928,0.161020157058354,1,2361.27236619142,0.0609647295517421
"3477","TTC37",0.688405433937368,0.975490966623928,0.160856537610072,1,2361.27236619142,0.0646727385091348
"1167","CDC42BPA",0.688503442952268,0.975490966623928,0.160749759860066,1,2361.27236619142,-0.119284632164341
"1083","FAM72A",0.688519639110568,0.975490966623928,0.160732118615381,1,2361.27236619142,0.173117095678138
"4932","KIAA1549",0.688630291095464,0.975490966623928,0.16061162387701,1,2361.27236619142,0.778235102473565
"5069","PSD3",0.688677859047563,0.975490966623928,0.160559840761422,1,2361.27236619142,-0.0961598673740796
"8513","GCHFR",0.688723202958376,0.975490966623928,0.160510487788119,1,2361.27236619142,0.0853046179309382
"11118","PPFIA3",0.688994717871298,0.975490966623928,0.160215151167065,1,2361.27236619142,0.72276223802291
"4416","MAP3K4",0.689047354439645,0.975490966623928,0.160157932977733,1,2361.27236619142,-0.0961696907527057
"11052","OPA3",0.689051079509988,0.975490966623928,0.160153884117005,1,2361.27236619142,0.139841619855698
"784","ILF2",0.689101125551218,0.975490966623928,0.160099493733709,1,2361.27236619142,-0.107252150991923
"4411","ACAT2",0.689150451425191,0.975490966623928,0.160045896519514,1,2361.27236619142,0.189371545200221
"8139","MBIP",0.689317284977479,0.975490966623928,0.159864693267716,1,2361.27236619142,-0.152855262562295
"11994","CBX6",0.689410339721236,0.975490966623928,0.159763675255359,1,2361.27236619142,-0.105370886742678
"11871","CABIN1",0.689462521331573,0.975490966623928,0.159707044346525,1,2361.27236619142,0.116748801812103
"4007","VPS52",0.68946981677469,0.975490966623928,0.159699127780415,1,2361.27236619142,0.169136147656693
"7364","CACNB3",0.689559438995997,0.975490966623928,0.159601893826364,1,2361.27236619142,0.457026255128382
"4074","TFEB",0.689560911362818,0.975490966623928,0.159600296696193,1,2361.27236619142,0.104163633642645
"5027","ZNF596",0.689619416525393,0.975490966623928,0.159536841505127,1,2361.27236619142,0.310710293494574
"5224","TRAM1",0.689822896821241,0.975490966623928,0.159316258982797,1,2361.27236619142,0.0546349984933219
"11959","CSF2RB",0.689979572111722,0.975490966623928,0.159146535906308,1,2361.27236619142,0.119578497707573
"9435","TLCD3A",0.690007785822748,0.975490966623928,0.159115983722217,1,2361.27236619142,0.669759291248971
"8686","ITGA11",0.690023025154236,0.975490966623928,0.159099482703843,1,2361.27236619142,-0.407702331606048
"9121","PPP4C",0.69005856960013,0.975490966623928,0.159060999334981,1,2361.27236619142,0.077010223378823
"2331","CISH",0.69006807519581,0.975490966623928,0.159050708702102,1,2361.27236619142,-0.555680672972198
"9573","VAMP2",0.690094438089811,0.975490966623928,0.159022170598753,1,2361.27236619142,0.097612123693598
"165","NBPF3",0.690096355821549,0.975490966623928,0.15902009475026,1,2361.27236619142,-0.404736150912754
"9951","COIL",0.690191433583666,0.975490966623928,0.158917197526543,1,2361.27236619142,0.154738627143853
"8493","FAM98B",0.690235653288127,0.975490966623928,0.158869354218981,1,2361.27236619142,0.166996687969165
"9664","IFT20",0.690295212294921,0.975490966623928,0.158804927816166,1,2361.27236619142,-0.100012639067772
"2763","CCDC50",0.690580519427191,0.975490966623928,0.15849651422376,1,2361.27236619142,-0.0908655151431322
"12476","ARHGAP4",0.690666744896297,0.975490966623928,0.158403373865195,1,2361.27236619142,-0.0799529081208427
"1361","TRMT61B",0.690691832469227,0.975490966623928,0.15837628033905,1,2361.27236619142,0.176061818203056
"5933","TPRN",0.690730367907014,0.975490966623928,0.158334668911421,1,2361.27236619142,-0.338474652923311
"8168","CDKL1",0.690737406698714,0.975490966623928,0.158327068950755,1,2361.27236619142,0.218218926759159
"1810","METAP1D",0.690819379182896,0.975490966623928,0.158238576752756,1,2361.27236619142,-0.594503690739385
"10940","EID2",0.690825362737364,0.975490966623928,0.158232118416016,1,2361.27236619142,0.20584115889523
"6137","PCBD1",0.69085774350222,0.975490966623928,0.158197170954984,1,2361.27236619142,-0.0871856388549137
"3955","LY6G5B",0.691016140924194,0.975490966623928,0.158026282405819,1,2361.27236619142,0.312894095185407
"12510","TMLHE",0.691115663266221,0.975490966623928,0.157918966496083,1,2361.27236619142,0.0977061151552398
"7975","SPRY2",0.691132917009631,0.975490966623928,0.157900365909901,1,2361.27236619142,-0.145576776743398
"8934","HCFC1R1",0.691237407311913,0.975490966623928,0.157787746102584,1,2361.27236619142,0.0865337136372976
"7429","ATP5MC2",0.691240003476793,0.975490966623928,0.157784948544371,1,2361.27236619142,0.0515213969429866
"9824","NAGLU",0.691359726779745,0.975490966623928,0.157655969090648,1,2361.27236619142,0.10406718524398
"6668","CTNND1",0.691725536894582,0.975490966623928,0.157262255341565,1,2361.27236619142,-0.0621420841070219
"9688","FLOT2",0.691741680940057,0.975490966623928,0.157244892969711,1,2361.27236619142,-0.132634107758487
"5786","MAPKAP1",0.69186248588043,0.975490966623928,0.157115006568591,1,2361.27236619142,-0.0503087520095659
"7192","NCAPD2",0.691962601714925,0.975490966623928,0.157007411624272,1,2361.27236619142,0.162265826755468
"3910","HLA-F",0.692021592948341,0.975490966623928,0.15694403344157,1,2361.27236619142,-0.081329228253639
"12029","XRCC6",0.692242419859087,0.975490966623928,0.15670691589499,1,2361.27236619142,0.0679828796630691
"10910","CATSPERG",0.692264517069431,0.975490966623928,0.156683199963106,1,2361.27236619142,0.162460626126402
"9351","GABARAPL2",0.692285270168444,0.975490966623928,0.156660928495264,1,2361.27236619142,-0.0676425328901557
"10717","MRPL34",0.692294963514097,0.975490966623928,0.156650526578122,1,2361.27236619142,-0.0723229128904608
"6230","FRA10AC1",0.692381094306284,0.975490966623928,0.156558117275408,1,2361.27236619142,-0.107993117552144
"7603","IKBIP",0.692618237086216,0.975490966623928,0.156303850867755,1,2361.27236619142,0.126142004661056
"11252","BRSK1",0.692790778668357,0.975490966623928,0.156119000554332,1,2361.27236619142,0.32751448350509
"5089","BIN3",0.692851421777026,0.975490966623928,0.15605406133319,1,2361.27236619142,0.133820514494389
"11330","RPS5",0.692858622738091,0.975490966623928,0.156046351275038,1,2361.27236619142,-0.0529839248706448
"9340","GLG1",0.692940568822908,0.975490966623928,0.155958627235827,1,2361.27236619142,0.0548604932947774
"11644","MTG2",0.692944190100912,0.975490966623928,0.15595475128219,1,2361.27236619142,0.120334427422447
"5428","SLC52A2",0.693015432313811,0.975490966623928,0.155878510100422,1,2361.27236619142,-0.189608662366504
"391","ARMH1",0.693246207571708,0.975490966623928,0.155631689583326,1,2361.27236619142,0.327218313146718
"855","ISG20L2",0.693395203075222,0.975490966623928,0.155472454830822,1,2361.27236619142,0.141869762452581
"10504","CD70",0.69346500046045,0.975490966623928,0.155397893230833,1,2361.27236619142,-0.342154166081958
"610","TAF13",0.693595525176107,0.975490966623928,0.155258514635143,1,2361.27236619142,-0.155794384818251
"10009","PECAM1",0.693598569115924,0.975490966623928,0.155255265077898,1,2361.27236619142,0.0474452488253092
"9198","NOD2",0.693700867339463,0.975490966623928,0.155146079478861,1,2361.27236619142,-0.161498785647752
"3242","STOX2",0.69374756376028,0.975490966623928,0.155096253902551,1,2361.27236619142,-0.319073104651599
"9066","PLK1",0.693766296814759,0.975490966623928,0.155076268132639,1,2361.27236619142,0.440009569338044
"9027","SMG1",0.693802444092292,0.975490966623928,0.155037707821454,1,2361.27236619142,0.0606230194441627
"385","B4GALT2",0.693859357395405,0.975490966623928,0.154977006460269,1,2361.27236619142,-0.557657268432844
"6823","YIF1A",0.693935816134235,0.975490966623928,0.154895480359032,1,2361.27236619142,0.167263198695377
"2910","TBC1D19",0.693961131290599,0.975490966623928,0.154868492879866,1,2361.27236619142,-0.210695194549863
"11064","CALM3",0.694036831951405,0.975490966623928,0.154787807623074,1,2361.27236619142,-0.0545181413296468
"11830","ARVCF",0.694040991351309,0.975490966623928,0.154783375046424,1,2361.27236619142,-0.548710421233003
"8392","SYNE3",0.6940492557965,0.975490966623928,0.154774568035082,1,2361.27236619142,-0.216409359471017
"8714","UBL7",0.694118816149427,0.975490966623928,0.154700452466805,1,2361.27236619142,-0.176347139680948
"9866","GPATCH8",0.694241745483791,0.975490966623928,0.154569523120931,1,2361.27236619142,-0.0588043185676265
"8179","RTRAF",0.694242225077503,0.975490966623928,0.154569012441488,1,2361.27236619142,0.0760839334171091
"7440","PDE1B",0.694319202486324,0.975490966623928,0.154487058227527,1,2361.27236619142,-0.173831466388902
"7479","BAZ2A",0.694342767670862,0.975490966623928,0.154461974504015,1,2361.27236619142,0.0739476025413986
"1418","DYNC2LI1",0.694346634049485,0.975490966623928,0.154457859200736,1,2361.27236619142,0.201853115475377
"11607","NFATC2",0.694376893969012,0.975490966623928,0.15442565327732,1,2361.27236619142,0.299436734098936
"6530","EIF4G2",0.694426487262547,0.975490966623928,0.154372879041008,1,2361.27236619142,-0.0458879317208511
"11071","ARHGAP35",0.694475345043063,0.975490966623928,0.154320897675237,1,2361.27236619142,-0.0770769284616644
"12342","CENPI",0.694536854873823,0.975490966623928,0.154255469753596,1,2361.27236619142,-0.576218018896764
"12474","IDH3G",0.694632670096301,0.975490966623928,0.154153583133273,1,2361.27236619142,-0.0987942952560769
"630","CD53",0.694774619284007,0.975490966623928,0.154002710643472,1,2361.27236619142,-0.0432032564204394
"4251","SMPD2",0.694795619439206,0.975490966623928,0.153980397601524,1,2361.27236619142,-0.394885509387398
"9687","ERAL1",0.694869055262671,0.975490966623928,0.153902385388232,1,2361.27236619142,0.200874491141932
"10776","LPAR2",0.694918453753065,0.975490966623928,0.153849921304202,1,2361.27236619142,0.189005045592272
"11696","GABPA",0.694926653981226,0.975490966623928,0.153841213181402,1,2361.27236619142,0.132880480123603
"6178","DLG5",0.694938254672974,0.975490966623928,0.153828894467419,1,2361.27236619142,-0.399238036473997
"11144","TBC1D17",0.69514791780846,0.975490966623928,0.153606352359357,1,2361.27236619142,0.159659033536661
"12452","MCF2",0.695271942008132,0.975490966623928,0.153474797205749,1,2361.27236619142,0.503412976133886
"11169","SIGLEC12",0.695282177990332,0.975490966623928,0.153463942582048,1,2361.27236619142,-0.560443511996804
"4045","BRPF3",0.69535417946456,0.975490966623928,0.153387601999649,1,2361.27236619142,0.183865795954351
"10238","GREB1L",0.695383819014417,0.975490966623928,0.153356182612349,1,2361.27236619142,-0.556283635969559
"1596","RPIA",0.695745600214714,0.975490966623928,0.152972975766317,1,2361.27236619142,-0.287440622337678
"1417","THADA",0.695790734389927,0.975490966623928,0.152925207405584,1,2361.27236619142,-0.0835122267450746
"9575","BORCS6",0.695828773752266,0.975490966623928,0.152884954614119,1,2361.27236619142,0.166613556129938
"8265","SUSD6",0.695886351097146,0.975490966623928,0.152824038587111,1,2361.27236619142,-0.0587191082636802
"8823","MAN2A2",0.695903827224983,0.975490966623928,0.152805551856196,1,2361.27236619142,-0.149259326988458
"11731","KCNE1",0.695987567886155,0.975490966623928,0.152716986558336,1,2361.27236619142,0.0984142140457156
"758","VPS72",0.696051930330155,0.975490966623928,0.152648936049188,1,2361.27236619142,0.144205088099872
"5296","RIDA",0.696171573946053,0.975490966623928,0.152522483120399,1,2361.27236619142,-0.165597633741309
"9457","DPH1",0.696252571731936,0.975490966623928,0.152436909764205,1,2361.27236619142,0.62406537610317
"8221","PPM1A",0.69645389777219,0.975490966623928,0.152224330667205,1,2361.27236619142,0.0912863718218841
"192","RCAN3",0.696562546505264,0.975490966623928,0.152109680050835,1,2361.27236619142,-0.14350796756944
"3723","FBXW11",0.696568357860548,0.975490966623928,0.152103549071559,1,2361.27236619142,0.0593607247670386
"9520","C17orf100",0.696651260796055,0.975490966623928,0.152016101983044,1,2361.27236619142,0.621511246029193
"4583","INHBA",0.696653985162847,0.975490966623928,0.152013228777347,1,2361.27236619142,0.621511246136675
"9837","CNTD1",0.696654793480352,0.975490966623928,0.152012376305473,1,2361.27236619142,0.621511246025973
"2792","SENP5",0.696692414789888,0.975490966623928,0.151972702977362,1,2361.27236619142,-0.0742569689271773
"9581","RPL26",0.696720057247172,0.975490966623928,0.151943556589997,1,2361.27236619142,-0.0336562912574086
"11568","NEURL2",0.696729207264444,0.975490966623928,0.151933909461425,1,2361.27236619142,-0.543231612080668
"8786","WDR73",0.696797462180299,0.975490966623928,0.151861957455705,1,2361.27236619142,-0.149834406010198
"12240","PLP2",0.696811775962381,0.975490966623928,0.151846870844526,1,2361.27236619142,-0.234374678946798
"4079","MED20",0.696934026954739,0.975490966623928,0.151718054450891,1,2361.27236619142,0.274444900083113
"7640","POLR3B",0.697012614529202,0.975490966623928,0.151635279631088,1,2361.27236619142,0.231697073722535
"5003","AGAP3",0.697165587841039,0.975490966623928,0.151474230298891,1,2361.27236619142,0.0866071547548867
"9184","DNAJA2",0.697176123458104,0.975490966623928,0.151463142095013,1,2361.27236619142,-0.0855606779119614
"9955","MRPS23",0.697210288235283,0.975490966623928,0.151427188610632,1,2361.27236619142,0.116876733173464
"11092","TMEM143",0.697257078766995,0.975490966623928,0.151377956320205,1,2361.27236619142,-0.261589332622778
"2558","RPN1",0.697666231661559,0.975954513247921,0.15094784439263,1,2361.27236619142,0.0624824553086149
"2453","TFG",0.697991327586387,0.976300383589213,0.150606597340612,1,2361.27236619142,-0.0717021126953362
"3027","HNRNPD",0.698084346580736,0.97632160036456,0.15050903881627,1,2361.27236619142,0.0557787488896133
"3534","CEP120",0.698198511342509,0.97636482360511,0.150389352269301,1,2361.27236619142,-0.114118878651259
"11839","ZNF74",0.698270959486024,0.97636482360511,0.150313428445414,1,2361.27236619142,-0.542124173965776
"7654","CORO1C",0.698527679111488,0.976614896737701,0.150044570256209,1,2361.27236619142,0.0641164428058661
"9965","TEX14",0.698675109689875,0.976624255006117,0.149890293777803,1,2361.27236619142,-0.418515298136317
"5022","DNAJB6",0.69887316459803,0.976624255006117,0.149683185861179,1,2361.27236619142,0.0429227351270658
"713","GPR89B",0.698889207436474,0.976624255006117,0.149666416918725,1,2361.27236619142,0.232437658936936
"11588","CSE1L",0.698934433109233,0.976624255006117,0.149619150131092,1,2361.27236619142,-0.117803433829583
"11703","MAP3K7CL",0.698946818003288,0.976624255006117,0.149606207781693,1,2361.27236619142,-0.17637701581834
"5147","BAG4",0.699001619722104,0.976624255006117,0.149548947111725,1,2361.27236619142,-0.105928494891534
"11935","PRR14L",0.699154066867806,0.97665551117172,0.149389725938117,1,2361.27236619142,0.0670692670999994
"8974","NAGPA",0.69923479049929,0.97665551117172,0.149305454804333,1,2361.27236619142,-0.148699948273517
"4447","MICALL2",0.699257621785414,0.97665551117172,0.149281625125792,1,2361.27236619142,0.161877583178178
"8567","DUOX1",0.699449667895993,0.976746598021345,0.149081267514385,1,2361.27236619142,-0.538890048928713
"1071","DSTYK",0.699561189216044,0.976746598021345,0.14896499065561,1,2361.27236619142,0.0940768954602767
"9789","PSMD3",0.699716801026509,0.976746598021345,0.14880283028104,1,2361.27236619142,0.104103445028738
"11637","FAM217B",0.6997869595198,0.976746598021345,0.148729752511069,1,2361.27236619142,-0.131717232298315
"10774","YJEFN3",0.69984114651383,0.976746598021345,0.148673324922581,1,2361.27236619142,0.303103900507956
"10762","SLC25A42",0.699860419936242,0.976746598021345,0.14865325752271,1,2361.27236619142,-0.425801561436341
"11427","DTD1",0.699868200240563,0.976746598021345,0.148645157145981,1,2361.27236619142,0.136260566737197
"8308","MLH3",0.699945911523629,0.976746598021345,0.148564262825657,1,2361.27236619142,0.137633228234966
"10439","S1PR4",0.700126342188174,0.976877808553637,0.148376539275741,1,2361.27236619142,0.672707421005181
"8160","KLHDC1",0.7002661231437,0.976877808553637,0.148231202155142,1,2361.27236619142,-0.13645025276328
"2174","STT3B",0.700273622430205,0.976877808553637,0.148223407090204,1,2361.27236619142,-0.0699711387924096
"11691","C21orf91",0.700483146418474,0.977061410214001,0.14800571442699,1,2361.27236619142,0.17719812336165
"2952","TXK",0.700608959216873,0.977080464325947,0.147875084835938,1,2361.27236619142,-0.0817841479387383
"4679","HIP1",0.700728225398255,0.977080464325947,0.147751313623837,1,2361.27236619142,0.107876247057518
"12397","NKRF",0.700900658330269,0.977080464325947,0.147572472549115,1,2361.27236619142,0.241448670493455
"3394","CENPH",0.701071622190181,0.977080464325947,0.147395277837132,1,2361.27236619142,-0.390399159211962
"9651","SPECC1",0.701119476408564,0.977080464325947,0.147345701429672,1,2361.27236619142,0.0927228547267848
"4525","MALSU1",0.701157814507853,0.977080464325947,0.147305990512787,1,2361.27236619142,-0.128075922056201
"2430","CHMP2B",0.701215295861446,0.977080464325947,0.147246462361462,1,2361.27236619142,-0.0798686567402382
"1996","STK11IP",0.701262143030359,0.977080464325947,0.147197957265432,1,2361.27236619142,0.211059857557219
"1435","CALM2",0.701272384654507,0.977080464325947,0.14718735441004,1,2361.27236619142,0.0345474509014762
"6427","PGGHG",0.701308259474082,0.977080464325947,0.147150217708525,1,2361.27236619142,-0.211196123235545
"8502","INAFM2",0.701428947956424,0.977080464325947,0.14702532351499,1,2361.27236619142,0.186609384918213
"6655","SLC43A3",0.701445775252506,0.977080464325947,0.147007914658474,1,2361.27236619142,-0.0805892485164856
"2269","DHX30",0.70150964841646,0.977080464325947,0.146941844764427,1,2361.27236619142,-0.129729203534314
"10335","SERPINB10",0.701690999935769,0.977132768443731,0.146754349017036,1,2361.27236619142,0.719376455805753
"5554","RECK",0.701828661621087,0.977132768443731,0.146612114966801,1,2361.27236619142,0.145046053843781
"11415","RRBP1",0.701829957180944,0.977132768443731,0.146610776751161,1,2361.27236619142,-0.0558745290319791
"9329","AP1G1",0.701858861186599,0.977132768443731,0.146580922913777,1,2361.27236619142,0.0701081117930349
"6305","C10orf95",0.70219147162746,0.977385560095605,0.14623763314591,1,2361.27236619142,0.464565004521113
"1960","RUFY4",0.702292839606594,0.977385560095605,0.146133102205399,1,2361.27236619142,-0.151674981969643
"6909","UCP2",0.7023299218947,0.977385560095605,0.146094873548578,1,2361.27236619142,0.0749050657102492
"8263","SLC39A9",0.702416008143695,0.977385560095605,0.146006148110971,1,2361.27236619142,-0.103465297826302
"5151","LETM2",0.702430113479124,0.977385560095605,0.145991613286333,1,2361.27236619142,0.463073461454292
"6004","CUBN",0.702663177854043,0.97742050164973,0.145751572422241,1,2361.27236619142,0.362694993004466
"4990","GIMAP4",0.702717406435947,0.97742050164973,0.14569575302848,1,2361.27236619142,-0.0535912959926832
"11629","STX16",0.702788490248319,0.97742050164973,0.14562260250169,1,2361.27236619142,0.0561620674210872
"10193","TYMS",0.702823136319572,0.97742050164973,0.1455869567469,1,2361.27236619142,0.388978492940075
"9810","CNP",0.702844915387709,0.97742050164973,0.145564551820637,1,2361.27236619142,0.0803326508269908
"9574","TMEM107",0.703032872086236,0.977436996689032,0.145371275939275,1,2361.27236619142,0.131444127383508
"9023","XYLT1",0.703033658331341,0.977436996689032,0.145370467752298,1,2361.27236619142,-0.0732861604781903
"5993","FAM107B",0.703107641756451,0.977436996689032,0.145294431172259,1,2361.27236619142,-0.0495999480451999
"5181","PXDNL",0.703168533938956,0.977436996689032,0.145231866228347,1,2361.27236619142,0.20154606603676
"10134","RNF213",0.703397055890288,0.977452240344109,0.144997204181401,1,2361.27236619142,0.0294981905348515
"7783","SNRNP35",0.703668789098767,0.977452240344109,0.144718452564313,1,2361.27236619142,0.102035667592431
"3230","CEP44",0.703722365647604,0.977452240344109,0.144663528459766,1,2361.27236619142,-0.141869746227932
"9341","RFWD3",0.703907999719245,0.977452240344109,0.144473317617272,1,2361.27236619142,-0.133487905402664
"5821","URM1",0.704001951836441,0.977452240344109,0.14437710371199,1,2361.27236619142,0.12317913259933
"922","NUF2",0.704012714426181,0.977452240344109,0.144366084366801,1,2361.27236619142,0.470858187935676
"10265","MAPRE2",0.704068287300886,0.977452240344109,0.144309193387544,1,2361.27236619142,0.0854980814169308
"12086","DENND6B",0.704108197273924,0.977452240344109,0.14426834472589,1,2361.27236619142,-0.21089874446257
"7100","TBCEL",0.704390115587831,0.977452240344109,0.14397998406723,1,2361.27236619142,-0.113084609561806
"3060","HERC5",0.704422000794889,0.977452240344109,0.143947390999397,1,2361.27236619142,-0.0472231066429993
"7730","RAB35",0.704448953889637,0.977452240344109,0.143919842830097,1,2361.27236619142,0.0911042453466051
"5752","FBXW2",0.704502393290146,0.977452240344109,0.143865232503454,1,2361.27236619142,-0.0986592406443016
"7822","ZNF84",0.704569859646272,0.977452240344109,0.143796304801909,1,2361.27236619142,0.122293482595266
"4187","TPBG",0.704688325299297,0.977452240344109,0.143675318847921,1,2361.27236619142,-0.54568178063597
"10601","SWSAP1",0.704751757058278,0.977452240344109,0.143610561547085,1,2361.27236619142,0.24247283001037
"12314","HDAC8",0.704872040241783,0.977452240344109,0.143487810629205,1,2361.27236619142,0.0580802297724048
"5360","WASHC5",0.704898245990059,0.977452240344109,0.143461075204962,1,2361.27236619142,-0.100334711945699
"4302","NCOA7",0.705161350046199,0.977452240344109,0.143192811071915,1,2361.27236619142,-0.0689671330704637
"4896","FAM71F2",0.705238924949811,0.977452240344109,0.143113769533131,1,2361.27236619142,-0.392110434329707
"2281","NCKIPSD",0.705333463521765,0.977452240344109,0.143017477332386,1,2361.27236619142,-0.155759005075322
"10494","RFX2",0.705349053847354,0.977452240344109,0.143001601374377,1,2361.27236619142,0.117549535491968
"9803","EIF1",0.705433232681821,0.977452240344109,0.142915897689885,1,2361.27236619142,0.0332606978628767
"925","ALDH9A1",0.705460490955447,0.977452240344109,0.142888151942028,1,2361.27236619142,0.0944013295662744
"11851","TMEM191C",0.705537482402389,0.977452240344109,0.142809800243209,1,2361.27236619142,-0.528636403534218
"11595","RNF114",0.705547037353928,0.977452240344109,0.142800078191844,1,2361.27236619142,-0.0573904293076409
"7150","THYN1",0.70557898093853,0.977452240344109,0.142767578714065,1,2361.27236619142,0.126190695223
"6855","AIP",0.705699748528109,0.977452240344109,0.142644747681245,1,2361.27236619142,-0.091532558669107
"9923","PDK2",0.706228075358474,0.977452240344109,0.142108103751937,1,2361.27236619142,0.179067992467172
"9971","SMG8",0.706229005899313,0.977452240344109,0.142107159581336,1,2361.27236619142,-0.22379227065652
"4830","PMPCB",0.706235396583264,0.977452240344109,0.142100675388926,1,2361.27236619142,-0.113146884133929
"3077","METAP1",0.706260449337587,0.977452240344109,0.14207525769231,1,2361.27236619142,-0.16581959809794
"6309","TRIM8",0.706367214548922,0.977452240344109,0.141966966346675,1,2361.27236619142,0.105120018012613
"7691","TMEM116",0.706439820377985,0.977452240344109,0.141893349601698,1,2361.27236619142,0.181773658235888
"1331","AGBL5",0.706572055534805,0.977452240344109,0.141759329297602,1,2361.27236619142,0.236546580288901
"9649","ULK2",0.706650445504651,0.977452240344109,0.141679915212888,1,2361.27236619142,0.116556198152019
"8397","VRK1",0.70669371946269,0.977452240344109,0.141636086790743,1,2361.27236619142,0.153445499154776
"9487","CXCL16",0.706819902401625,0.977452240344109,0.141508331275568,1,2361.27236619142,0.0442961289751352
"5536","DNAJB5",0.706853858891056,0.977452240344109,0.141473962834302,1,2361.27236619142,0.427678719414617
"7803","STX2",0.706908599402101,0.977452240344109,0.141418568256461,1,2361.27236619142,0.105791576743571
"2367","STIMATE",0.706930167263853,0.977452240344109,0.141396746091406,1,2361.27236619142,0.0991128847684924
"3907","TRIM27",0.70694126247824,0.977452240344109,0.141385520803751,1,2361.27236619142,-0.0920454294966195
"2997","CXCL3",0.70694994462767,0.977452240344109,0.141376737225019,1,2361.27236619142,0.111594654180665
"8986","ATF7IP2",0.70732476485465,0.977452240344109,0.140997835032218,1,2361.27236619142,0.102890068754786
"7972","OBI1",0.707467565982266,0.977452240344109,0.140853631343998,1,2361.27236619142,-0.130690621779804
"6795","EHBP1L1",0.707484965009757,0.977452240344109,0.140836067179971,1,2361.27236619142,0.0753755528910563
"6648","AGBL2",0.707597658448195,0.977452240344109,0.140722334405729,1,2361.27236619142,-0.617899227925501
"2806","ZNF718",0.707636099632475,0.977452240344109,0.140683550678186,1,2361.27236619142,0.130879451083332
"5273","RBM12B",0.707691614857872,0.977452240344109,0.140627551526465,1,2361.27236619142,0.108419818896773
"4033","ANKS1A",0.70791325779977,0.977452240344109,0.140404103232093,1,2361.27236619142,-0.0565643984943568
"8145","MIA2",0.707962615516193,0.977452240344109,0.140354371065715,1,2361.27236619142,-0.071956139435061
"7392","DIP2B",0.708033533238015,0.977452240344109,0.140282932916354,1,2361.27236619142,-0.0459300517407514
"6422","CYP2E1",0.708236855628289,0.977452240344109,0.140078233391118,1,2361.27236619142,0.616509364726186
"7662","MMAB",0.708346015101955,0.977452240344109,0.139968404859985,1,2361.27236619142,0.222038761988123
"6078","TIMM23",0.708388850479387,0.977452240344109,0.139925320351878,1,2361.27236619142,0.138036596910099
"5558","RNF38",0.708441887164293,0.977452240344109,0.139871985680754,1,2361.27236619142,-0.0567781590651385
"6806","EFEMP2",0.708613217921805,0.977452240344109,0.139699771483429,1,2361.27236619142,-0.378172162624926
"7439","NCKAP1L",0.708645592232528,0.977452240344109,0.139667243821502,1,2361.27236619142,0.0402652721138397
"2987","MOB1B",0.708691595448834,0.977452240344109,0.139621030120831,1,2361.27236619142,0.0665214730284429
"10764","MEF2B",0.708783942661586,0.977452240344109,0.139528286685469,1,2361.27236619142,-0.175615500287252
"6705","RAB3IL1",0.708978020974753,0.977452240344109,0.139333490094189,1,2361.27236619142,0.132653636217059
"2136","MRPS25",0.709183455786202,0.977452240344109,0.139127463870681,1,2361.27236619142,0.109279967421375
"6267","ENTPD7",0.709252718675106,0.977452240344109,0.139058040727581,1,2361.27236619142,-0.212037745352795
"3111","MCUB",0.709257101648161,0.977452240344109,0.139053648277539,1,2361.27236619142,-0.0722092857461338
"4985","REPIN1",0.709307948963513,0.977452240344109,0.139002696794625,1,2361.27236619142,0.146688259006282
"4744","SEM1",0.709354222751503,0.977452240344109,0.138956337451234,1,2361.27236619142,-0.0513932234646739
"537","MCOLN3",0.709445078047377,0.977452240344109,0.138865339793322,1,2361.27236619142,-0.568889156842665
"8497","EIF2AK4",0.709471741209415,0.977452240344109,0.138838641295264,1,2361.27236619142,0.0614065991413994
"1774","WDSUB1",0.709581910992332,0.977452240344109,0.138728356498724,1,2361.27236619142,0.0949235206087939
"9825","HSD17B1",0.709587708232361,0.977452240344109,0.138722554588567,1,2361.27236619142,-0.522199458054145
"4964","ARHGEF35",0.709606388974179,0.977452240344109,0.138703859737869,1,2361.27236619142,-0.529195604297527
"9963","RNF43",0.709618538839232,0.977452240344109,0.138691701466412,1,2361.27236619142,0.831867731004798
"5629","SHC3",0.70970383044675,0.977452240344109,0.13860636792768,1,2361.27236619142,-0.547216038811199
"12406","TMEM255A",0.709709838047438,0.977452240344109,0.138600358500758,1,2361.27236619142,-0.199361103439834
"9227","CCL22",0.709754502426804,0.977452240344109,0.138555685194907,1,2361.27236619142,-0.747872243675512
"4549","SCRN1",0.709846619891023,0.977452240344109,0.138463575210885,1,2361.27236619142,0.143799328697765
"360","FOXJ3",0.709871495808459,0.977452240344109,0.138438707292967,1,2361.27236619142,0.072479587551038
"1636","LYG1",0.709954256337956,0.977452240344109,0.138355991677482,1,2361.27236619142,-0.380380740408193
"3206","PPID",0.709989107975515,0.977452240344109,0.138321167373785,1,2361.27236619142,-0.0974504128927375
"1508","TIA1",0.709990715496911,0.977452240344109,0.138319561233537,1,2361.27236619142,-0.0899171496678883
"11394","SHLD1",0.710092188393152,0.977452240344109,0.13821819700343,1,2361.27236619142,-0.115880032021982
"2748","DGKG",0.710194675488478,0.977452240344109,0.138115862586445,1,2361.27236619142,0.181833059395067
"2368","SFMBT1",0.71019553926129,0.977452240344109,0.138115000283725,1,2361.27236619142,0.0916508598202662
"8637","TLN2",0.710377512190561,0.977452240344109,0.137933405365624,1,2361.27236619142,0.144804586149715
"9587","STX8",0.710441457290494,0.977452240344109,0.137869625376301,1,2361.27236619142,-0.0582211891627244
"2713","TTC14",0.71052228257606,0.977452240344109,0.13778903280009,1,2361.27236619142,-0.0889314326854072
"4265","SLC16A10",0.710537349574601,0.977452240344109,0.137774012146661,1,2361.27236619142,-0.0701508726381934
"1329","MAPRE3",0.710732037574189,0.977452240344109,0.137580006776218,1,2361.27236619142,0.200973341969043
"5808","DPM2",0.711187402095196,0.977452240344109,0.137126845936311,1,2361.27236619142,-0.132117573580155
"7230","CLEC4A",0.711188314396617,0.977452240344109,0.137125938903171,1,2361.27236619142,0.0979803885868966
"6796","MAP3K11",0.711201136774393,0.977452240344109,0.137113190931889,1,2361.27236619142,0.088889593074307
"364","CCDC30",0.711230154187947,0.977452240344109,0.137084344390387,1,2361.27236619142,-0.154627056309821
"7523","LEMD3",0.711246198307055,0.977452240344109,0.137068396230259,1,2361.27236619142,0.100972330302595
"2502","POPDC2",0.711374764976326,0.977452240344109,0.136940636606039,1,2361.27236619142,0.412130386919059
"8496","FSIP1",0.711502809917949,0.977452240344109,0.136813462748181,1,2361.27236619142,-0.545769334352738
"4817","LRWD1",0.711575296304099,0.977452240344109,0.136741499255987,1,2361.27236619142,-0.380387108755583
"11715","PAXBP1",0.711660887780366,0.977452240344109,0.136656552917351,1,2361.27236619142,-0.0817814835460317
"11375","SLC4A11",0.711738145966567,0.977452240344109,0.136579902818617,1,2361.27236619142,0.626656193058987
"6928","SERPINH1",0.711752609919184,0.977452240344109,0.136565555425693,1,2361.27236619142,-0.190424013350139
"11880","GRK3",0.711812071930491,0.977452240344109,0.136506581595709,1,2361.27236619142,0.0444878893233288
"6458","CTSD",0.712044197917837,0.977452240344109,0.136276499889974,1,2361.27236619142,-0.026995673407428
"4893","IMPDH1",0.712242704422119,0.977452240344109,0.13607991649739,1,2361.27236619142,0.118310583937708
"2089","SETD5",0.712285059847839,0.977452240344109,0.136037992274927,1,2361.27236619142,0.0545043122937706
"11183","ZNF432",0.712477050557333,0.977452240344109,0.135848048152223,1,2361.27236619142,-0.174667769738066
"6396","UROS",0.712646433820074,0.977452240344109,0.13568059562772,1,2361.27236619142,0.0942809728727251
"4035","DEF6",0.712730320059257,0.977452240344109,0.135597709001527,1,2361.27236619142,-0.0909129901955313
"7291","LDHB",0.712955010479672,0.977452240344109,0.135375837727886,1,2361.27236619142,-0.083446920145157
"887","SLAMF7",0.712961279909194,0.977452240344109,0.13536964991775,1,2361.27236619142,0.157503462403176
"11429","RIN2",0.712999940264056,0.977452240344109,0.135331496415676,1,2361.27236619142,-0.0410529239861282
"1653","TMEM182",0.713051408963046,0.977452240344109,0.135280711966483,1,2361.27236619142,-0.233329911192369
"9460","SRR",0.713096103903907,0.977452240344109,0.135236619999484,1,2361.27236619142,0.181221332845522
"12477","NAA10",0.713114147373125,0.977452240344109,0.135218822264166,1,2361.27236619142,-0.0949938229635274
"3830","DSP",0.713226198177805,0.977452240344109,0.135108327243754,1,2361.27236619142,0.669759091349144
"8598","TMOD2",0.713320065414452,0.977452240344109,0.135015802781419,1,2361.27236619142,-0.12194403752801
"12058","RTL6",0.713532406625451,0.977452240344109,0.134806631831926,1,2361.27236619142,0.237457440110971
"4595","DBNL",0.713698752530994,0.977452240344109,0.134642898012922,1,2361.27236619142,-0.0688657931576951
"2436","DHFR2",0.713699893771872,0.977452240344109,0.134641775082586,1,2361.27236619142,0.20025580790314
"8270","SYNJ2BP",0.713779998436411,0.977452240344109,0.134562968925267,1,2361.27236619142,-0.114994416731219
"3126","SYNPO2",0.713902227426659,0.977452240344109,0.134442771720623,1,2361.27236619142,-0.399792974965077
"8613","DNAAF4",0.713939490424171,0.977452240344109,0.134406140256627,1,2361.27236619142,0.307271099189587
"8730","MAN2C1",0.714039620033673,0.977452240344109,0.134307735692461,1,2361.27236619142,-0.108280432143167
"6609","API5",0.714059786205483,0.977452240344109,0.134287921891447,1,2361.27236619142,0.0858525796429432
"4694","FGL2",0.714222351388866,0.977452240344109,0.134128257816202,1,2361.27236619142,-0.0537845728823266
"651","SLC16A1",0.714310899755044,0.977452240344109,0.134041334982294,1,2361.27236619142,0.177588923189271
"2842","MFSD10",0.714364747772884,0.977452240344109,0.133988491106212,1,2361.27236619142,-0.14128692584004
"12081","SELENOO",0.714391393177652,0.977452240344109,0.133962346946605,1,2361.27236619142,0.0727403371226941
"6907","COA4",0.714404790444556,0.977452240344109,0.133949202797852,1,2361.27236619142,0.10366900301371
"6693","CYB561A3",0.714441911154486,0.977452240344109,0.133912787239548,1,2361.27236619142,0.0668925815042812
"3491","CHD1",0.714443789666282,0.977452240344109,0.133910944561532,1,2361.27236619142,-0.0617469049463357
"10923","RINL",0.714574992129543,0.977452240344109,0.133782280430971,1,2361.27236619142,-0.30755630762534
"7031","FDXACB1",0.714582295510621,0.977452240344109,0.133775120406303,1,2361.27236619142,0.408557810761043
"12416","OCRL",0.714673759493463,0.977452240344109,0.133685470145076,1,2361.27236619142,0.153840867121276
"1176","OBSCN",0.71467881934131,0.977452240344109,0.133680511627993,1,2361.27236619142,-0.380314827411311
"11769","PDXK",0.714775038285953,0.977452240344109,0.133586239447402,1,2361.27236619142,-0.0572328366718367
"3329","CARD6",0.714865346411718,0.977452240344109,0.133497792786276,1,2361.27236619142,0.10690874767499
"10746","LRRC25",0.714938657972884,0.977452240344109,0.13342601676566,1,2361.27236619142,0.086434785827703
"9120","ALDOA",0.715011753394734,0.977452240344109,0.133354474136583,1,2361.27236619142,-0.180601064483692
"2947","ATP10D",0.715120041240228,0.977452240344109,0.133248526656418,1,2361.27236619142,0.0679209723045483
"11560","PIGT",0.715233054347554,0.977452240344109,0.133138006920235,1,2361.27236619142,-0.106741270505096
"6017","PLXDC2",0.715340003018275,0.977452240344109,0.133033465672939,1,2361.27236619142,-0.032945991533534
"77","SPSB1",0.71541391121063,0.977452240344109,0.132961248343786,1,2361.27236619142,-0.156096526810013
"3319","NUP155",0.715436915819967,0.977452240344109,0.132938774564662,1,2361.27236619142,0.15835054591815
"3755","MXD3",0.715566798661031,0.977452240344109,0.13281192913654,1,2361.27236619142,0.328326868474289
"8377","ITPK1",0.715569487806112,0.977452240344109,0.132809303603998,1,2361.27236619142,-0.0846118835460368
"5079","NUDT18",0.715616061988001,0.977452240344109,0.132763835812291,1,2361.27236619142,0.212347729146665
"10113","TK1",0.715671892751032,0.977452240344109,0.132709342954596,1,2361.27236619142,-0.385837221871798
"11591","ZNFX1",0.715704208468932,0.977452240344109,0.132677807426583,1,2361.27236619142,0.054473514349039
"8715","ARID3B",0.715708277460663,0.977452240344109,0.132673836972331,1,2361.27236619142,0.138940165257023
"6249","FRAT2",0.715837812021821,0.977452240344109,0.132547474476477,1,2361.27236619142,0.12155007892566
"229","FGR",0.715919574581369,0.977452240344109,0.132467749235247,1,2361.27236619142,-0.135923788047223
"1143","TLR5",0.715938247723957,0.977452240344109,0.132449545190687,1,2361.27236619142,-0.139412663506697
"6163","CHCHD1",0.715977126759936,0.977452240344109,0.132411647401156,1,2361.27236619142,-0.0685182608790467
"9167","KAT8",0.716004663660135,0.977452240344109,0.132384809204478,1,2361.27236619142,-0.124572397183492
"9735","RAD51D",0.716333733901561,0.977452240344109,0.132064326887485,1,2361.27236619142,0.203088845840338
"3989","HLA-DQA1",0.716349977041466,0.977452240344109,0.132048519041554,1,2361.27236619142,-0.0913444243461331
"5238","PEX2",0.716429914652268,0.977452240344109,0.131970739255481,1,2361.27236619142,-0.104555126334273
"2252","FYCO1",0.716520439389118,0.977452240344109,0.131882689448865,1,2361.27236619142,0.170284904247981
"5953","LARP4B",0.716592662505288,0.977452240344109,0.131812464751979,1,2361.27236619142,-0.0461506377157505
"183","GALE",0.716652502312383,0.977452240344109,0.131754296751237,1,2361.27236619142,0.154559362023079
"2182","GLB1",0.716656598023685,0.977452240344109,0.131750315997308,1,2361.27236619142,-0.0674386181516447
"2983","SULT1B1",0.716681262698218,0.977452240344109,0.13172634504361,1,2361.27236619142,0.579002213732966
"3046","MAPK10",0.716684542799713,0.977452240344109,0.131723157384492,1,2361.27236619142,0.579001786540819
"7476","TIMELESS",0.71681131579472,0.977452240344109,0.131599990648567,1,2361.27236619142,-0.26354066426024
"9470","CTNS",0.716840873516347,0.977452240344109,0.131571283115422,1,2361.27236619142,-0.157080905906294
"4364","STXBP5",0.716935855924319,0.977452240344109,0.13147905673879,1,2361.27236619142,0.0705311579342615
"5585","MAMDC2",0.717025435252553,0.977452240344109,0.131392110188524,1,2361.27236619142,0.576773763029442
"10862","PROSER3",0.717071986163688,0.977452240344109,0.131346940277874,1,2361.27236619142,-0.3050999829321
"1034","PTPRC",0.717170281088502,0.977452240344109,0.131251590276239,1,2361.27236619142,0.0297194010508636
"3618","CD14",0.717199221158707,0.977452240344109,0.131223524716098,1,2361.27236619142,0.0488520863888063
"12471","SLC6A8",0.717274891724872,0.977452240344109,0.13115015680339,1,2361.27236619142,-0.203641506984153
"10330","PHLPP1",0.717312893383987,0.977452240344109,0.131113320287648,1,2361.27236619142,0.0996677595536362
"1825","MTX2",0.717316962086554,0.977452240344109,0.13110937667969,1,2361.27236619142,0.105692280381941
"1048","ELF3",0.717357401932919,0.977452240344109,0.131070183826794,1,2361.27236619142,0.574575319666395
"1309","FAM228A",0.717357502376072,0.977452240344109,0.131070086489132,1,2361.27236619142,0.574575319795234
"4802","UFSP1",0.717357730651847,0.977452240344109,0.131069865271318,1,2361.27236619142,0.574575332206095
"7155","B4GALNT3",0.717357747965432,0.977452240344109,0.131069848493053,1,2361.27236619142,0.574575549940365
"11771","RRP1",0.717557117363993,0.977452240344109,0.130876723942046,1,2361.27236619142,0.169123706194643
"5218","PPP1R42",0.717691655818169,0.977452240344109,0.130746490626561,1,2361.27236619142,0.572405650595516
"1658","UXS1",0.71771841194485,0.977452240344109,0.130720599416876,1,2361.27236619142,-0.1285994078868
"6878","LTO1",0.717799614372628,0.977452240344109,0.130642039683758,1,2361.27236619142,-0.197601838660665
"3785","LTC4S",0.717827382251834,0.977452240344109,0.130615181623109,1,2361.27236619142,0.280656642667895
"6651","PTPRJ",0.718034725317212,0.977452240344109,0.130414730858292,1,2361.27236619142,-0.0378813614765575
"7133","ST3GAL4",0.71805114241728,0.977452240344109,0.130398866914433,1,2361.27236619142,0.218067210026262
"5339","TAF2",0.718085269645878,0.977452240344109,0.130365893055906,1,2361.27236619142,0.0884240432568522
"4100","MRPL2",0.718177977743115,0.977452240344109,0.130276341930536,1,2361.27236619142,-0.132606040512036
"9650","AKAP10",0.71819005727708,0.977452240344109,0.130264676299657,1,2361.27236619142,0.0501186792632394
"5581","FXN",0.718219674727965,0.977452240344109,0.130236076183818,1,2361.27236619142,0.242835342386062
"5020","NOM1",0.718220633613445,0.977452240344109,0.130235150294577,1,2361.27236619142,0.127874118504058
"9620","COPS3",0.718233174860172,0.977452240344109,0.130223040947584,1,2361.27236619142,0.129480132875046
"4101","SRF",0.718286969333286,0.977452240344109,0.13017110628538,1,2361.27236619142,0.196261175851308
"2058","CAPN10",0.718306182115769,0.977452240344109,0.130152560574582,1,2361.27236619142,-0.216945779313236
"155","OTUD3",0.718353456911055,0.977452240344109,0.130106933527095,1,2361.27236619142,-0.23820686048423
"5081","BMP1",0.718438062819589,0.977452240344109,0.130025299096025,1,2361.27236619142,0.248635832771045
"12030","SNU13",0.718440805618936,0.977452240344109,0.130022653112102,1,2361.27236619142,-0.0676142604386269
"10118","CYTH1",0.718441017204372,0.977452240344109,0.13002244899648,1,2361.27236619142,0.0396120704695954
"9928","LRRC59",0.718527217367108,0.977452240344109,0.129939307106394,1,2361.27236619142,-0.109917651656223
"2801","LRCH3",0.718531302841514,0.977452240344109,0.129935367325248,1,2361.27236619142,0.0612664524504983
"9977","VMP1",0.718639068182535,0.977452240344109,0.129831469402999,1,2361.27236619142,0.0420773042805146
"7380","TMBIM6",0.718706043371867,0.977452240344109,0.129766921437161,1,2361.27236619142,0.0335062943609576
"9988","INTS2",0.718723491369482,0.977452240344109,0.129750108743361,1,2361.27236619142,0.152713667169338
"7481","PTGES3",0.718767607085031,0.977452240344109,0.129707604826232,1,2361.27236619142,-0.0408861145549262
"3055","SPP1",0.719187664845642,0.977698422034999,0.129303288118068,1,2361.27236619142,0.0656757158867694
"2937","UCHL1",0.719213165542415,0.977698422034999,0.129278765972556,1,2361.27236619142,-0.42654714792967
"6203","LIPN",0.719231934152531,0.977698422034999,0.129260719257682,1,2361.27236619142,0.421603378786739
"137","ATP13A2",0.71934188849731,0.977698422034999,0.129155022654038,1,2361.27236619142,0.149880884150366
"1520","EXOC6B",0.719411506603443,0.977698422034999,0.129088125595422,1,2361.27236619142,0.072563350417277
"11091","EMP3",0.719451810284531,0.977698422034999,0.129049406140415,1,2361.27236619142,0.0595878620071639
"12481","IRAK1",0.719494357464397,0.977698422034999,0.129008538487405,1,2361.27236619142,0.0761757987091784
"11813","TUBA8",0.719680484095688,0.977845390145614,0.128829844998305,1,2361.27236619142,-0.366690593623357
"6554","HPS5",0.719931946064492,0.977948731166271,0.128588647399423,1,2361.27236619142,-0.0702276126501707
"9106","KIF22",0.71996108223441,0.977948731166271,0.128560717021862,1,2361.27236619142,0.171252343257178
"2678","NMD3",0.720103830278953,0.977948731166271,0.128423926040888,1,2361.27236619142,0.107858217637088
"3590","PKD2L2",0.720114960162313,0.977948731166271,0.128413264075218,1,2361.27236619142,-0.30934285399265
"9314","WWP2",0.720301767380269,0.977948731166271,0.128234385060354,1,2361.27236619142,0.0645047344194568
"4921","CYREN",0.720333455224152,0.977948731166271,0.128204056020949,1,2361.27236619142,-0.11566495703996
"9030","SYT17",0.720341806389253,0.977948731166271,0.128196063635481,1,2361.27236619142,-0.160621445655613
"9461","TSR1",0.720380382626107,0.977948731166271,0.128159148344448,1,2361.27236619142,-0.180829995546159
"5228","TERF1",0.720492968874169,0.977995705449827,0.128051443923268,1,2361.27236619142,-0.111049988993539
"8532","VPS39",0.720614557798904,0.978014263703116,0.127935184550613,1,2361.27236619142,-0.0710481339013208
"11897","RHBDD3",0.720729043624969,0.978014263703116,0.12782577136757,1,2361.27236619142,-0.131631894673089
"4031","UHRF1BP1",0.720965114672896,0.978014263703116,0.127600326805375,1,2361.27236619142,0.063280239139632
"7708","SLC8B1",0.720985271711657,0.978014263703116,0.127581087511753,1,2361.27236619142,-0.0844146138843752
"8295","BBOF1",0.721087728261824,0.978014263703116,0.127483321068823,1,2361.27236619142,-0.318807681808715
"4444","C7orf50",0.721229245719926,0.978014263703116,0.127348351273257,1,2361.27236619142,-0.0698718183657888
"2663","LEKR1",0.721347948480296,0.978014263703116,0.127235202743447,1,2361.27236619142,-0.17611395292568
"1988","TUBA4A",0.721400285513717,0.978014263703116,0.127185332623688,1,2361.27236619142,-0.239449939870021
"11382","AP5S1",0.721441736592919,0.978014263703116,0.127145843166447,1,2361.27236619142,0.193013385162494
"4635","ERV3-1",0.721553758771522,0.978014263703116,0.12703915687689,1,2361.27236619142,-0.132675960350239
"7461","RPL41",0.7216243499871,0.978014263703116,0.12697195401407,1,2361.27236619142,0.0253685303657477
"3579","DDX46",0.721627341677657,0.978014263703116,0.126969106366183,1,2361.27236619142,0.057799170977882
"1189","C1orf198",0.72164381511232,0.978014263703116,0.126953426732267,1,2361.27236619142,0.321827111201227
"122","DDI2",0.721658902917464,0.978014263703116,0.126939066916288,1,2361.27236619142,0.0817593125826086
"1307","TP53I3",0.721695598193319,0.978014263703116,0.126904146013823,1,2361.27236619142,0.10764866392337
"7457","SUOX",0.721767608535829,0.978014263703116,0.126835633414933,1,2361.27236619142,-0.234917598024086
"12049","PACSIN2",0.72183239174197,0.978014263703116,0.126774014722753,1,2361.27236619142,0.0520224996067391
"8657","SPG21",0.722077521892534,0.978240704553772,0.126541011292667,1,2361.27236619142,0.0645779683274785
"2585","TOPBP1",0.722339883824475,0.978490438868303,0.126291896019975,1,2361.27236619142,0.092699082319251
"4863","IFRD1",0.722448061941741,0.978531282515538,0.126189260312323,1,2361.27236619142,-0.0873093832914667
"458","TCEANC2",0.722914978329074,0.9790579636312,0.12574680492468,1,2361.27236619142,-0.117495112147972
"8137","RALGAPA1",0.723212331311897,0.979167438773176,0.125465485683371,1,2361.27236619142,0.064650876597197
"8636","VPS13C",0.723289388495751,0.979167438773176,0.125392641392587,1,2361.27236619142,0.0441557452763512
"5145","ASH2L",0.723437283279466,0.979167438773176,0.125252899042457,1,2361.27236619142,0.105332406149176
"3774","CLK4",0.723474642422019,0.979167438773176,0.125217613125816,1,2361.27236619142,-0.109031919594076
"1272","CPSF3",0.723492895497628,0.979167438773176,0.125200375029148,1,2361.27236619142,0.115839390773707
"6997","BIRC2",0.72354159212548,0.979167438773176,0.125154392754498,1,2361.27236619142,-0.0841339320750913
"2835","ZFYVE28",0.723542353489437,0.979167438773176,0.125153673904467,1,2361.27236619142,0.0690162928779329
"9855","TMEM101",0.723695726589011,0.979235733845714,0.125008912392031,1,2361.27236619142,-0.149753274296141
"5568","EXOSC3",0.723748984691486,0.979235733845714,0.124958666668288,1,2361.27236619142,-0.117824676914769
"5834","KYAT1",0.723964691207444,0.979421919356262,0.124755277110931,1,2361.27236619142,-0.219062726123308
"4597","POLD2",0.724384283705441,0.979577407941301,0.12436017720484,1,2361.27236619142,0.318918758519349
"2559","RAB7A",0.724411308676221,0.979577407941301,0.124334753897385,1,2361.27236619142,0.0406959671382384
"7178","DYRK4",0.724419884999498,0.979577407941301,0.124326686469754,1,2361.27236619142,-0.0998064542205225
"8000","ARGLU1",0.724427560688502,0.979577407941301,0.124319466484767,1,2361.27236619142,0.0550629245152959
"100","FBXO6",0.724470174520019,0.979577407941301,0.124279386914298,1,2361.27236619142,-0.119533308289378
"142","ARHGEF10L",0.724811657519322,0.979655776346462,0.123958474361526,1,2361.27236619142,0.0819853468164341
"11861","BCR",0.724813612612689,0.979655776346462,0.123956638382759,1,2361.27236619142,0.167000513307817
"7595","HAL",0.724936795435166,0.979655776346462,0.123840991321075,1,2361.27236619142,-0.530729844817135
"9823","ATP6V0A1",0.724996102211144,0.979655776346462,0.123785334294046,1,2361.27236619142,-0.0534218516590637
"8306","DLST",0.725080033279259,0.979655776346462,0.123706592383196,1,2361.27236619142,-0.114412616428712
"11735","CBR1",0.725139216351521,0.979655776346462,0.123651085312754,1,2361.27236619142,0.0569088658191313
"2238","ZNF35",0.72517069133094,0.979655776346462,0.123621571020549,1,2361.27236619142,-0.213382862267368
"4637","VKORC1L1",0.725172198939577,0.979655776346462,0.123620157425503,1,2361.27236619142,-0.108687358929865
"6335","SMNDC1",0.725231179937848,0.979655776346462,0.12356486157505,1,2361.27236619142,-0.095080830599883
"11719","IFNAR1",0.725451073260204,0.979814230103688,0.123358829731098,1,2361.27236619142,-0.0442471062086971
"12221","TBC1D25",0.72558257746935,0.979814230103688,0.123235707469814,1,2361.27236619142,-0.211394677117932
"2788","NRROS",0.725583600865035,0.979814230103688,0.123234749575141,1,2361.27236619142,-0.228081330475843
"6807","CTSW",0.725686664693841,0.979814230103688,0.123138303617812,1,2361.27236619142,-0.562266428767939
"9359","DYNLRB2",0.725841993180103,0.979814230103688,0.122993029097902,1,2361.27236619142,-0.504406472912622
"11333","ZNF324B",0.72586663733133,0.979814230103688,0.122969988942825,1,2361.27236619142,-0.503986290146447
"5099","LOXL2",0.726313500117247,0.979814230103688,0.122552631112037,1,2361.27236619142,-0.504091683139477
"497","IL12RB2",0.726342633952122,0.979814230103688,0.122525448549368,1,2361.27236619142,0.672707438737476
"9646","MAPK7",0.72635792592327,0.979814230103688,0.122511182130075,1,2361.27236619142,-0.265152993200396
"6827","B4GAT1",0.726432700488137,0.979814230103688,0.122441435727001,1,2361.27236619142,0.276964022682696
"12350","ARMCX6",0.726648913948807,0.979814230103688,0.122239886788943,1,2361.27236619142,0.12958209131424
"6842","KDM2A",0.726781479612913,0.979814230103688,0.122116404431302,1,2361.27236619142,-0.0395098940708084
"4410","WTAP",0.726816858138767,0.979814230103688,0.122083461854556,1,2361.27236619142,0.0576216758517807
"413","MAST2",0.726868512346049,0.979814230103688,0.122035373195648,1,2361.27236619142,0.0984265863966041
"8459","TJP1",0.727228906738963,0.979814230103688,0.121700151575983,1,2361.27236619142,-0.526361191294027
"3014","FAM47E",0.727353121209052,0.979814230103688,0.121584733060248,1,2361.27236619142,-0.497332005709315
"8433","AKT1",0.727427277244417,0.979814230103688,0.121515857486116,1,2361.27236619142,0.0901795034590189
"9689","DHRS13",0.727488448485678,0.979814230103688,0.1214590585649,1,2361.27236619142,-0.488803579028265
"3222","NEK1",0.727561624791544,0.979814230103688,0.121391132222288,1,2361.27236619142,0.0859205492080233
"9319","ST3GAL2",0.727631889085708,0.979814230103688,0.121325929022844,1,2361.27236619142,-0.0810486885392192
"3763","PDLIM7",0.72764539377544,0.979814230103688,0.121313399318144,1,2361.27236619142,0.115942202082162
"1879","PGAP1",0.727802076307811,0.979814230103688,0.121168081679554,1,2361.27236619142,0.112936849626499
"822","FAM189B",0.727827411497529,0.979814230103688,0.121144593336864,1,2361.27236619142,0.188183514809469
"4850","DUS4L",0.727989235411292,0.979814230103688,0.120994626042753,1,2361.27236619142,-0.25293929100654
"9585","PIK3R5",0.728085912659994,0.979814230103688,0.120905081888125,1,2361.27236619142,-0.042998672055113
"5268","PIP4P2",0.728127865929309,0.979814230103688,0.120866235598276,1,2361.27236619142,0.0895406321210377
"908","HSPA6",0.728133878205175,0.979814230103688,0.120860669153302,1,2361.27236619142,0.123418923513389
"6362","DENND10",0.728662263740113,0.979814230103688,0.120372026233779,1,2361.27236619142,0.0771255726016175
"6298","NOLC1",0.728683992466522,0.979814230103688,0.120351955578844,1,2361.27236619142,-0.193836957147031
"10024","BPTF",0.728726251901701,0.979814230103688,0.120312926237482,1,2361.27236619142,0.0444366447838447
"4389","IPCEF1",0.728754742014168,0.979814230103688,0.120286617764502,1,2361.27236619142,-0.31591633627658
"10670","PRKACA",0.728802547204017,0.979814230103688,0.120242480513182,1,2361.27236619142,0.0834439967603882
"11502","ROMO1",0.728835835796491,0.979814230103688,0.120211751406212,1,2361.27236619142,0.0597448962111154
"113","PDPN",0.728853277141546,0.979814230103688,0.12019565284354,1,2361.27236619142,-0.112961084637274
"3217","DDX60",0.728863645490377,0.979814230103688,0.120186083310307,1,2361.27236619142,-0.0532106373826441
"1121","ANGEL2",0.729066210228685,0.979814230103688,0.119999210506042,1,2361.27236619142,0.0983313222394678
"6636","MADD",0.729256034796105,0.979814230103688,0.119824238732728,1,2361.27236619142,0.0901231127718892
"1782","FAP",0.729259560941172,0.979814230103688,0.119820989842823,1,2361.27236619142,0.439573731668013
"2633","GYG1",0.729439287305525,0.979814230103688,0.119655460396871,1,2361.27236619142,-0.100233222426074
"12176","CXorf21",0.729635313896055,0.979814230103688,0.119475064363725,1,2361.27236619142,-0.0870441430095399
"1852","CALCRL",0.729644360327644,0.979814230103688,0.119466742944535,1,2361.27236619142,0.123705351149467
"11277","ZNF583",0.729689958360238,0.979814230103688,0.119424804235274,1,2361.27236619142,-0.25653886420674
"670","SLC22A15",0.729698577241382,0.979814230103688,0.119416877960894,1,2361.27236619142,0.0654526047895796
"11498","SPAG4",0.72975769614687,0.979814230103688,0.119362517742753,1,2361.27236619142,-0.353775240038856
"8197","MAPK1IP1L",0.729804183112712,0.979814230103688,0.119319782404579,1,2361.27236619142,0.0654272918959931
"1995","OBSL1",0.729839498961094,0.979814230103688,0.119287322368416,1,2361.27236619142,-0.493932120810549
"652","LRIG2",0.730172158186301,0.979814230103688,0.118981806110988,1,2361.27236619142,-0.109894004026783
"8566","SORD",0.730186287007235,0.979814230103688,0.118968839820848,1,2361.27236619142,0.139761226229154
"2867","TADA2B",0.730265054222471,0.979814230103688,0.118896568125446,1,2361.27236619142,0.140067369533421
"11772","AGPAT3",0.730547152704607,0.979814230103688,0.11863793437261,1,2361.27236619142,0.0596013675196599
"12351","ARMCX3",0.730557825888235,0.979814230103688,0.118628155161186,1,2361.27236619142,-0.0845473083966004
"4129","PLA2G7",0.730588803567073,0.979814230103688,0.118599774686512,1,2361.27236619142,0.0382682980663499
"6074","ALOX5",0.730619665437504,0.979814230103688,0.118571504087501,1,2361.27236619142,-0.0921768491891006
"4812","CUX1",0.730688220448647,0.979814230103688,0.118508718683195,1,2361.27236619142,0.0408801265694929
"4538","CBX3",0.730701324595359,0.979814230103688,0.118496719502047,1,2361.27236619142,0.0552466678682645
"756","SCNM1",0.730776017781855,0.979814230103688,0.118428337555929,1,2361.27236619142,-0.0908466138494643
"12378","PRPS1",0.730827497673606,0.979814230103688,0.11838122033484,1,2361.27236619142,0.14157327147805
"3681","SPARC",0.730827636528496,0.979814230103688,0.118381093261406,1,2361.27236619142,0.150632121841276
"782","CHTOP",0.730881008762669,0.979814230103688,0.118332255163939,1,2361.27236619142,0.0921636942195957
"2729","DVL3",0.730966527559831,0.979814230103688,0.118254024946673,1,2361.27236619142,-0.105573968096994
"7793","RFLNA",0.731012162131754,0.979814230103688,0.118212291546123,1,2361.27236619142,-0.504427364399327
"3179","TMEM184C",0.731252901693766,0.979814230103688,0.117992268448483,1,2361.27236619142,0.104136674572454
"1568","ELMOD3",0.731269520919538,0.979814230103688,0.117977087819512,1,2361.27236619142,0.0917221442045289
"1610","NCAPH",0.731270106437093,0.979814230103688,0.117976553005558,1,2361.27236619142,0.572405650596089
"3525","TNFAIP8",0.731342758877668,0.979814230103688,0.117910202507909,1,2361.27236619142,-0.0474983586420794
"3313","LMBRD2",0.731362214566455,0.979814230103688,0.117892437966158,1,2361.27236619142,0.113842349938941
"2464","ALCAM",0.731437185131118,0.979814230103688,0.117823998058696,1,2361.27236619142,0.05618550249655
"3115","ELOVL6",0.731450146263355,0.979814230103688,0.117812168217877,1,2361.27236619142,0.574575319946362
"2861","AC093323.1",0.731478763061545,0.979814230103688,0.11778605154159,1,2361.27236619142,-0.292011341226399
"7559","BBS10",0.731489976216407,0.979814230103688,0.117775818912486,1,2361.27236619142,-0.252662979395917
"5782","PPP6C",0.731534509883642,0.979814230103688,0.117735184362917,1,2361.27236619142,-0.0796907042934969
"8654","PIF1",0.731810794685806,0.979814230103688,0.117483264602428,1,2361.27236619142,-0.481128873463508
"7645","BTBD11",0.731887492842128,0.979814230103688,0.11741338378243,1,2361.27236619142,0.318894847266023
"11011","ZNF221",0.731899359007909,0.979814230103688,0.117402574419104,1,2361.27236619142,-0.358796662391664
"11952","MYH9",0.731913668339123,0.979814230103688,0.117389540218552,1,2361.27236619142,0.0512377802440263
"8531","EHD4",0.731963792318274,0.979814230103688,0.11734388925531,1,2361.27236619142,-0.0657124149509919
"12083","HDAC10",0.73199035192911,0.979814230103688,0.117319703819658,1,2361.27236619142,-0.166875130549945
"6616","TP53I11",0.732015144540528,0.979814230103688,0.117297129943967,1,2361.27236619142,0.192172539315479
"7752","ANAPC5",0.732089056753788,0.979814230103688,0.117229846669922,1,2361.27236619142,0.0735850661470719
"8231","SYNE2",0.732249542296636,0.979814230103688,0.117083828784454,1,2361.27236619142,0.57677376441903
"5825","SPTAN1",0.732294343314099,0.979814230103688,0.117043084696153,1,2361.27236619142,-0.0516495113770474
"806","PMVK",0.73238624059536,0.979814230103688,0.116959533903741,1,2361.27236619142,-0.108353207034027
"3716","INSYN2B",0.732395726318408,0.979814230103688,0.116950911610361,1,2361.27236619142,0.255580662186282
"2396","PDHB",0.732411969883551,0.979814230103688,0.116936147426051,1,2361.27236619142,-0.107522125987557
"9244","CKLF",0.732519009836984,0.979814230103688,0.11683888215508,1,2361.27236619142,0.0654237331511973
"3190","ARFIP1",0.732546360592355,0.979814230103688,0.116814036268072,1,2361.27236619142,-0.0693700088780054
"10637","FBXW9",0.732706976447455,0.979814230103688,0.116668189657559,1,2361.27236619142,0.390323874655633
"4529","FAM221A",0.732772873080037,0.979814230103688,0.116608381905412,1,2361.27236619142,0.272973145119995
"1467","USP34",0.732866206035681,0.979814230103688,0.116523702258026,1,2361.27236619142,0.0382894722574949
"1915","NOP58",0.733152299528294,0.979814230103688,0.116264347698636,1,2361.27236619142,-0.110587242563632
"5385","ADGRB1",0.733162470639124,0.979814230103688,0.116255133140216,1,2361.27236619142,-0.306246930025519
"10869","ALKBH6",0.733273126041109,0.979814230103688,0.116154910777207,1,2361.27236619142,-0.222426207775448
"772","S100A10",0.733342814680768,0.979814230103688,0.116091817421132,1,2361.27236619142,0.038450578345617
"10269","ZNF396",0.733352914746035,0.979814230103688,0.116082674806158,1,2361.27236619142,-0.353337582083136
"3338","NIM1K",0.733419043356891,0.979814230103688,0.116022824880399,1,2361.27236619142,0.442119923749881
"9472","EMC6",0.733447786033999,0.979814230103688,0.11599681659212,1,2361.27236619142,-0.0842412422089063
"9539","GPS2",0.733486216473571,0.979814230103688,0.115962047254668,1,2361.27236619142,-0.0751204032673526
"4016","PHF1",0.733637471574408,0.979814230103688,0.115825258065098,1,2361.27236619142,-0.105014875727419
"323","GNL2",0.733698948670455,0.979814230103688,0.115769686333447,1,2361.27236619142,-0.119485176655527
"579","RWDD3",0.733760715723381,0.979814230103688,0.115713867481473,1,2361.27236619142,0.123324018429292
"8164","VCPKMT",0.733764189264033,0.979814230103688,0.11571072889071,1,2361.27236619142,-0.179357091468622
"5963","TASOR2",0.733817003241556,0.979814230103688,0.115663013560372,1,2361.27236619142,0.0732112269295055
"8681","MAP2K5",0.733874880593963,0.979814230103688,0.115610736279663,1,2361.27236619142,-0.0647181086762596
"6385","BUB3",0.73388590831527,0.979814230103688,0.115600777069087,1,2361.27236619142,-0.0907155118849057
"2381","ARHGEF3",0.733920922959562,0.979814230103688,0.115569158276443,1,2361.27236619142,-0.0688320603065186
"4140","EFHC1",0.733961449742947,0.979814230103688,0.115532567956332,1,2361.27236619142,0.193967729524273
"4650","POM121",0.733982855974528,0.979814230103688,0.115513243571551,1,2361.27236619142,-0.082257867311979
"11874","GUCD1",0.734071656039151,0.979814230103688,0.115433098942561,1,2361.27236619142,0.112080952198797
"11351","FAM110A",0.734082792669921,0.979814230103688,0.115423050000282,1,2361.27236619142,-0.173115447249298
"5060","ZDHHC2",0.734086041964013,0.979814230103688,0.115420118149038,1,2361.27236619142,0.085176332554492
"2486","NAA50",0.734169537517181,0.979814230103688,0.115344794018859,1,2361.27236619142,-0.0687022626960591
"524","DNAJB4",0.734260249510593,0.979814230103688,0.115262990776675,1,2361.27236619142,0.158065201247954
"7448","SARNP",0.734307437259399,0.979814230103688,0.115220450094761,1,2361.27236619142,0.0575173004911318
"1372","MEMO1",0.734425963542523,0.979814230103688,0.115113634943052,1,2361.27236619142,-0.158465652603127
"4346","VTA1",0.734502846436394,0.979814230103688,0.115044378091235,1,2361.27236619142,-0.0807406675216134
"3001","EREG",0.734520974726772,0.979814230103688,0.115028051338249,1,2361.27236619142,0.0956223862616058
"804","UBE2Q1",0.734546692942466,0.979814230103688,0.115004891141392,1,2361.27236619142,0.089091283667369
"11200","ZNF468",0.734676986227997,0.979814230103688,0.114887597207867,1,2361.27236619142,0.202835281281746
"7569","TMTC2",0.734711341349876,0.979814230103688,0.114856680810071,1,2361.27236619142,-0.140172598696992
"10866","TYROBP",0.734784058465824,0.979814230103688,0.114791257502771,1,2361.27236619142,0.0208804579125412
"5848","TOR1A",0.734836713214602,0.979814230103688,0.11474389719937,1,2361.27236619142,-0.0958433797986175
"1015","IVNS1ABP",0.734896574600563,0.979814230103688,0.114690068119288,1,2361.27236619142,0.0626408183528337
"6033","PDSS1",0.734996676987196,0.979814230103688,0.114600084627358,1,2361.27236619142,-0.211315789864072
"553","GBP2",0.735161069911999,0.979814230103688,0.114452394828308,1,2361.27236619142,-0.0663345070387636
"9339","PSMD7",0.735179859512324,0.979814230103688,0.114435521101888,1,2361.27236619142,-0.054933650285411
"1005","ARPC5",0.735192720299474,0.979814230103688,0.114423972458825,1,2361.27236619142,-0.0268702351514789
"10925","NFKBIB",0.735279013300978,0.979825109532203,0.114346500448347,1,2361.27236619142,0.148832410722899
"9069","TNRC6A",0.735375220339392,0.979849196586944,0.114260162294056,1,2361.27236619142,-0.0498841122001301
"3037","COQ2",0.735547402152226,0.979909401914029,0.114105733527455,1,2361.27236619142,0.0898477032299857
"5260","CPNE3",0.735615190060688,0.979909401914029,0.114044966906077,1,2361.27236619142,-0.0790599573317539
"9712","OMG",0.735654813732603,0.979909401914029,0.114009455696391,1,2361.27236619142,0.27224689304228
"10968","AXL",0.735761423154084,0.979947324530094,0.113913941637763,1,2361.27236619142,0.101185094735808
"5721","UGCG",0.736060973666614,0.980237671305245,0.113645805420894,1,2361.27236619142,-0.0916710813613922
"333","RRAGC",0.736199993096894,0.980237671305245,0.113521484697108,1,2361.27236619142,0.0795955623964965
"5319","DPYS",0.736435457558161,0.980237671305245,0.113311089017567,1,2361.27236619142,0.289696901561175
"3978","PPT2",0.736487763961611,0.980237671305245,0.113264380921398,1,2361.27236619142,-0.473377113941591
"9417","CHMP1A",0.736679450343091,0.980237671305245,0.113093302176626,1,2361.27236619142,-0.094322746026303
"8406","PPP2R5C",0.736728727669263,0.980237671305245,0.113049345765928,1,2361.27236619142,-0.0417383654890693
"7629","EID3",0.73686428290522,0.980237671305245,0.112928476706833,1,2361.27236619142,0.375877863577999
"7902","EPSTI1",0.736896502792276,0.980237671305245,0.112899758135153,1,2361.27236619142,0.0268145352535139
"3744","CLTB",0.737186451558409,0.980237671305245,0.112641500766212,1,2361.27236619142,0.069053384179671
"11843","PI4KA",0.737409820981896,0.980237671305245,0.112442769980516,1,2361.27236619142,0.0619527663434381
"8023","TFDP1",0.737560394533199,0.980237671305245,0.112308915495893,1,2361.27236619142,-0.0796991807121215
"3927","DHX16",0.737585885609106,0.980237671305245,0.112286263620877,1,2361.27236619142,-0.119102769701271
"8441","BRF1",0.737589825532381,0.980237671305245,0.112282762753746,1,2361.27236619142,-0.138740248556408
"9187","PHKB",0.737737732456194,0.980237671305245,0.112151382155496,1,2361.27236619142,-0.0434878389176016
"12187","CXorf38",0.73780972811861,0.980237671305245,0.112087461852781,1,2361.27236619142,0.0729150865931701
"408","NASP",0.737812387578375,0.980237671305245,0.112085101078166,1,2361.27236619142,0.0651240707542266
"11491","PROCR",0.737985636970176,0.980237671305245,0.111931368968946,1,2361.27236619142,0.219853702540725
"7198","ACRBP",0.738019403035658,0.980237671305245,0.1119014204548,1,2361.27236619142,-0.279066092884754
"12507","VBP1",0.738094896517659,0.980237671305245,0.111834478292885,1,2361.27236619142,0.119875390319395
"8463","GOLGA8H",0.738146976917877,0.980237671305245,0.111788310139927,1,2361.27236619142,0.527041403663229
"4469","SLC29A4",0.738147549222936,0.980237671305245,0.111787802862688,1,2361.27236619142,0.527041403191492
"618","GNAI3",0.73814894918779,0.980237671305245,0.111786561973397,1,2361.27236619142,0.0487736088839592
"124","SLC25A34",0.738181017023056,0.980237671305245,0.111758140046839,1,2361.27236619142,-0.339157378897665
"7146","ADAMTS15",0.738344543689857,0.980237671305245,0.111613267796075,1,2361.27236619142,-0.493388549024676
"9047","METTL9",0.738442485812912,0.980237671305245,0.111526548500136,1,2361.27236619142,0.0821307456711702
"11903","THOC5",0.738451868629601,0.980237671305245,0.111518242792189,1,2361.27236619142,0.170686216963703
"6881","CTTN",0.738486852642741,0.980237671305245,0.111487277830307,1,2361.27236619142,-0.489311542911232
"4342","ABRACL",0.738509403487124,0.980237671305245,0.111467320216729,1,2361.27236619142,0.0490301096422391
"3531","SNX24",0.738514469220418,0.980237671305245,0.11146283728977,1,2361.27236619142,0.0521947211267078
"7565","LIN7A",0.738581904006957,0.980237671305245,0.111403170336462,1,2361.27236619142,0.248718791973459
"7370","KMT2D",0.738669060611795,0.980237671305245,0.111326079628582,1,2361.27236619142,0.0955639178894463
"7470","COQ10A",0.738690673392346,0.980237671305245,0.111306967541356,1,2361.27236619142,0.229966535027803
"7553","GLIPR1L1",0.738699311023891,0.980237671305245,0.111299329831572,1,2361.27236619142,-0.470844644581779
"12247","CLCN5",0.738781001135619,0.980237671305245,0.111227110847333,1,2361.27236619142,-0.117405996241359
"2831","C4orf48",0.738798928497698,0.980237671305245,0.111211265463495,1,2361.27236619142,-0.055195513056508
"10665","DCAF15",0.738855433396208,0.980237671305245,0.111161330918015,1,2361.27236619142,-0.151634963122466
"2073","ING5",0.738948189786065,0.980237671305245,0.111079387194811,1,2361.27236619142,0.127247473717654
"8533","TMEM87A",0.738949600870727,0.980237671305245,0.111078140860358,1,2361.27236619142,-0.0653935390975625
"11619","FAM209A",0.739257392113465,0.980466515961545,0.110806471204287,1,2361.27236619142,0.297615938841257
"10224","TUBB6",0.739278476591369,0.980466515961545,0.110787874669336,1,2361.27236619142,-0.0966543639474574
"1684","PSD4",0.739502409433397,0.9806391523889,0.11059047260162,1,2361.27236619142,0.118547995003167
"5436","KIFC2",0.739824893555464,0.9806391523889,0.110306538692791,1,2361.27236619142,0.198551554861784
"9428","DEF8",0.739838748829445,0.9806391523889,0.11029434877761,1,2361.27236619142,-0.0906480131876507
"997","GLUL",0.739912566241669,0.9806391523889,0.110229416584367,1,2361.27236619142,-0.0287356502726829
"4860","IMMP2L",0.739947179955969,0.9806391523889,0.110198976547523,1,2361.27236619142,-0.0805419623227975
"680","WARS2",0.739980849385446,0.9806391523889,0.110169371412559,1,2361.27236619142,0.229246521342128
"3513","TRIM36",0.739993524193274,0.9806391523889,0.110158227746494,1,2361.27236619142,0.236432232282491
"3127","USP53",0.740034202871267,0.9806391523889,0.110122467359613,1,2361.27236619142,-0.142106910848397
"525","GIPC2",0.740221418259029,0.980716521765944,0.109957970489296,1,2361.27236619142,-0.477568729940418
"1627","INPP4A",0.740367586724361,0.980716521765944,0.109829634379876,1,2361.27236619142,-0.0492930427154071
"4461","AMZ1",0.740479414320937,0.980716521765944,0.109731505752379,1,2361.27236619142,0.13979716773626
"3405","NAIP",0.740520427346465,0.980716521765944,0.109695529053212,1,2361.27236619142,-0.0446408429182623
"11335","ZNF446",0.740532549333796,0.980716521765944,0.109684896877591,1,2361.27236619142,0.29719159644554
"11309","ZNF586",0.740585398531252,0.980716521765944,0.109638549612223,1,2361.27236619142,0.0814372799614007
"10214","TWSG1",0.740639995027929,0.980716521765944,0.109590681427335,1,2361.27236619142,-0.105632107512612
"4768","ZKSCAN1",0.741034497441884,0.981135307476633,0.10924514093052,1,2361.27236619142,-0.0599378151822324
"2708","GNB4",0.741113502105173,0.98113632744653,0.109176014320734,1,2361.27236619142,-0.0431183182330481
"12167","ACOT9",0.741233705412133,0.981191883003332,0.109070886731304,1,2361.27236619142,0.0498957668070448
"2881","BOD1L1",0.741427776475601,0.981308621199425,0.108901274297692,1,2361.27236619142,0.0482040615780491
"1349","ZNF512",0.741515803187985,0.981308621199425,0.108824389773004,1,2361.27236619142,-0.117756138377636
"9736","SLFN5",0.74155663847436,0.981308621199425,0.108788733531006,1,2361.27236619142,-0.043463612613879
"3516","FEM1C",0.741876992272844,0.981547154520405,0.108509234178296,1,2361.27236619142,0.104868887464702
"5769","RC3H2",0.741893427772819,0.981547154520405,0.108494905431509,1,2361.27236619142,-0.0687898456916337
"3545","CHSY3",0.742054118574719,0.981656192093413,0.108354867724087,1,2361.27236619142,0.426150095400773
"3481","SPATA9",0.742253603021268,0.981768743795798,0.108181161842948,1,2361.27236619142,-0.263072357695337
"10129","GAA",0.74229576817413,0.981768743795798,0.108144465292151,1,2361.27236619142,0.0576522546881658
"5746","TNFSF8",0.742417650242666,0.981784875436714,0.108038429485157,1,2361.27236619142,0.0922663824331415
"5790","ZBTB34",0.742571283331845,0.981784875436714,0.107904852805368,1,2361.27236619142,-0.122015693113493
"3283","CCT5",0.742620352215245,0.981784875436714,0.107862209028607,1,2361.27236619142,-0.0718803224354108
"2352","GLYCTK",0.742842264502976,0.981784875436714,0.107669470646559,1,2361.27236619142,0.29530132193044
"11138","AP2A1",0.74287387202741,0.981784875436714,0.107642033968118,1,2361.27236619142,-0.091990320386112
"9731","CCT6B",0.742941642732466,0.981784875436714,0.107583219160743,1,2361.27236619142,0.23442422253556
"2330","HEMK1",0.74299820272569,0.981784875436714,0.107534147197919,1,2361.27236619142,0.208930415608035
"3615","EIF4EBP3",0.743171373770842,0.981784875436714,0.107383979514802,1,2361.27236619142,-0.131474941983243
"10530","MAP2K7",0.743200940302875,0.981784875436714,0.107358352097998,1,2361.27236619142,-0.111850805333098
"5119","EXTL3",0.743240643702213,0.981784875436714,0.107323943664697,1,2361.27236619142,-0.115455824194093
"9117","INO80E",0.743304490058954,0.981784875436714,0.10726862485811,1,2361.27236619142,-0.151691915236323
"11079","C5AR1",0.743325431553445,0.981784875436714,0.107250483824347,1,2361.27236619142,0.0372897285372234
"1401","GEMIN6",0.743325683141025,0.981784875436714,0.107250265891356,1,2361.27236619142,0.124904366897543
"1588","RNF103",0.74342964750823,0.98181878784759,0.107160229704089,1,2361.27236619142,-0.13080060353961
"6773","ARL2",0.743773883090547,0.981893624725811,0.106862410327958,1,2361.27236619142,0.086924375461345
"6269","COX15",0.743807272064372,0.981893624725811,0.106833547878419,1,2361.27236619142,-0.10107958901236
"1932","ZDBF2",0.743953715196005,0.981893624725811,0.106707008919932,1,2361.27236619142,-0.47866605512519
"10745","GDF15",0.744059813950304,0.981893624725811,0.106615382676092,1,2361.27236619142,0.139113517392815
"12437","SMIM10",0.744165922146665,0.981893624725811,0.106523791834742,1,2361.27236619142,0.365290401703608
"1416","ZFP36L2",0.744381786447356,0.981893624725811,0.10633759575176,1,2361.27236619142,-0.0430886632762652
"8230","SGPP1",0.744432330553275,0.981893624725811,0.106294024423484,1,2361.27236619142,0.0834937023655154
"3420","NSA2",0.744494407763176,0.981893624725811,0.106240524548142,1,2361.27236619142,0.0639976819525667
"580","PTBP2",0.744572002991011,0.981893624725811,0.106173671760699,1,2361.27236619142,0.0645068337864355
"1458","VRK2",0.74461226343839,0.981893624725811,0.106138994222169,1,2361.27236619142,0.0493251121354645
"7426","TARBP2",0.744651382251232,0.981893624725811,0.106105306009211,1,2361.27236619142,-0.212699791558269
"88","PGD",0.744755894048229,0.981893624725811,0.106015331885432,1,2361.27236619142,0.0501406953718176
"1989","DNAJB2",0.744779574318929,0.981893624725811,0.105994951424672,1,2361.27236619142,0.108358720304122
"6211","IFIT1",0.744825891589989,0.981893624725811,0.105955094659361,1,2361.27236619142,-0.0407388238721728
"846","SMG5",0.744834339819664,0.981893624725811,0.10594782571416,1,2361.27236619142,0.0923211972000698
"4683","STYXL1",0.744957311072046,0.981893624725811,0.105842051181786,1,2361.27236619142,0.0777867163674131
"7412","SPRYD3",0.74504489399268,0.981893624725811,0.105766751776247,1,2361.27236619142,-0.171280523239122
"2356","NISCH",0.745058937203767,0.981893624725811,0.105754680883535,1,2361.27236619142,-0.0549077569288379
"12186","ATP6AP2",0.745070629339803,0.981893624725811,0.105744631446966,1,2361.27236619142,-0.0421556629475375
"2391","SLMAP",0.745075964539576,0.981893624725811,0.105740045997371,1,2361.27236619142,0.0536607660029307
"4664","LIMK1",0.745147917018392,0.981893624725811,0.105678215665899,1,2361.27236619142,0.0813643156232658
"3932","FLOT1",0.745324629902259,0.981893624725811,0.105526447283218,1,2361.27236619142,-0.063820792993768
"4249","CD164",0.745351181579057,0.981893624725811,0.105503654016803,1,2361.27236619142,0.0399790555116647
"1833","PRKRA",0.745365386124689,0.981893624725811,0.105491461253097,1,2361.27236619142,0.116355690613379
"1192","FAM89A",0.746116123598046,0.98249920377095,0.104848158358728,1,2361.27236619142,-0.15790237570795
"3238","CDKN2AIP",0.746164511616438,0.98249920377095,0.104806769503091,1,2361.27236619142,-0.128724397661349
"5120","INTS9",0.746225245087836,0.98249920377095,0.104754833698051,1,2361.27236619142,0.0919071062524676
"8708","REC114",0.746272740341354,0.98249920377095,0.104714228371187,1,2361.27236619142,-0.455812396718781
"9592","ADPRM",0.746282855468106,0.98249920377095,0.104705581724387,1,2361.27236619142,-0.161867317949933
"3294","BASP1",0.746295145133727,0.98249920377095,0.104695076761627,1,2361.27236619142,0.034349097629175
"8508","CCDC32",0.74637771794531,0.982504771780428,0.104624510254076,1,2361.27236619142,-0.093926937021991
"5611","IDNK",0.746501718712322,0.982564867167426,0.104518588886216,1,2361.27236619142,-0.182537459064053
"12293","STARD8",0.746654526855781,0.982583262942404,0.104388141772556,1,2361.27236619142,-0.196127948518914
"9944","STXBP4",0.746672394214266,0.982583262942404,0.104372894890882,1,2361.27236619142,0.12458148675568
"3293","MYO10",0.746937180409959,0.982584929951559,0.104147087118888,1,2361.27236619142,0.0947515125421599
"9813","DHX58",0.747034296233981,0.982584929951559,0.104064335113694,1,2361.27236619142,-0.0837595379026076
"10547","ZNF317",0.747397356846471,0.982584929951559,0.103755294187968,1,2361.27236619142,0.11990183974197
"4953","TAS2R4",0.747414477241455,0.982584929951559,0.103740733656359,1,2361.27236619142,-0.460175240200849
"6088","TIMM23B",0.747417443765753,0.982584929951559,0.10373821080521,1,2361.27236619142,0.363871622540634
"230","IFI6",0.747472781117433,0.982584929951559,0.103691155910459,1,2361.27236619142,-0.0210696395501634
"1951","ATIC",0.747482494568199,0.982584929951559,0.103682897507665,1,2361.27236619142,-0.15065585117973
"10515","PEX11G",0.747533251443802,0.982584929951559,0.103639749775183,1,2361.27236619142,-0.179859759423263
"7414","CSAD",0.747638193107716,0.982584929951559,0.103550571715036,1,2361.27236619142,0.104432138747953
"1814","MAP3K20",0.747728215623743,0.982584929951559,0.103474105506064,1,2361.27236619142,-0.0979907589073094
"2873","HTRA3",0.747822898302591,0.982584929951559,0.103393714526162,1,2361.27236619142,-0.492388514481772
"4799","SLC12A9",0.747930847512349,0.982584929951559,0.103302101560526,1,2361.27236619142,0.136455609314136
"11745","DYRK1A",0.74795731123972,0.982584929951559,0.103279649497933,1,2361.27236619142,0.0499173331359474
"6625","AMBRA1",0.74801536815433,0.982584929951559,0.10323040292498,1,2361.27236619142,-0.0547879488479083
"1423","CAMKMT",0.748018671269999,0.982584929951559,0.103227601458322,1,2361.27236619142,0.0629637571285265
"247","RAB42",0.748170262665563,0.982584929951559,0.103099077594894,1,2361.27236619142,0.105327263720896
"6953","DDIAS",0.74839111219038,0.982584929951559,0.102911992594206,1,2361.27236619142,0.57240565059672
"9638","SHMT1",0.748394877922248,0.982584929951559,0.102908804210183,1,2361.27236619142,0.100204008076697
"380","KDM4A",0.748598223647785,0.982584929951559,0.102736715571734,1,2361.27236619142,0.0938085947235512
"11710","URB1",0.748749865936322,0.982584929951559,0.102608486194401,1,2361.27236619142,-0.271563148853644
"6595","ABTB2",0.748762279306275,0.982584929951559,0.102597993304582,1,2361.27236619142,-0.130557118185233
"7387","COX14",0.748873612963008,0.982584929951559,0.102503910592548,1,2361.27236619142,0.0461970680478998
"8994","SOCS1",0.748878458091449,0.982584929951559,0.102499817288256,1,2361.27236619142,0.204458811177705
"2497","POGLUT1",0.748884721756027,0.982584929951559,0.102494525697256,1,2361.27236619142,-0.142128185266595
"9929","ACSF2",0.748900306557999,0.982584929951559,0.102481360192712,1,2361.27236619142,0.0976408634416198
"4685","HSPB1",0.748948196573381,0.982584929951559,0.102440910189218,1,2361.27236619142,0.0629185966075699
"6426","PSMD13",0.74904821261942,0.982584929951559,0.102356460646195,1,2361.27236619142,-0.072953131254895
"1678","TTL",0.749159613016112,0.982584929951559,0.102262443803539,1,2361.27236619142,-0.0779647908746072
"2199","ACAA1",0.749202748893661,0.982584929951559,0.102226051883362,1,2361.27236619142,-0.0741581884460513
"2530","SEC22A",0.749292504582553,0.982584929951559,0.102150351675269,1,2361.27236619142,-0.0928411472598624
"5946","MRPL41",0.749476753561615,0.982584929951559,0.101995052378039,1,2361.27236619142,-0.0565306330833538
"6380","FAM24B",0.749487792191906,0.982584929951559,0.101985752300043,1,2361.27236619142,-0.243341521801945
"5326","NUDCD1",0.749499513305512,0.982584929951559,0.10197587773938,1,2361.27236619142,0.105140805130648
"12271","USP51",0.749510504215863,0.982584929951559,0.101966618823833,1,2361.27236619142,-0.168685997348977
"7699","OAS3",0.749518132489698,0.982584929951559,0.101960192918438,1,2361.27236619142,-0.0402062369504402
"8836","TTC23",0.749572097053074,0.982584929951559,0.101914740621601,1,2361.27236619142,-0.118948915337609
"12053","TTLL12",0.749608509777086,0.982584929951559,0.101884077879855,1,2361.27236619142,-0.189705220681609
"4141","TRAM2",0.749658110039624,0.982584929951559,0.101842318240041,1,2361.27236619142,0.162495050363923
"2980","STAP1",0.749729303461165,0.982584929951559,0.101782395290879,1,2361.27236619142,-0.145091076394826
"8853","LUC7L",0.750304677004398,0.982631860780256,0.101298820692285,1,2361.27236619142,0.0699217641052627
"12154","CDKL5",0.750319201128891,0.982631860780256,0.101286630254984,1,2361.27236619142,-0.126031334853365
"3067","SNCA",0.750421071354707,0.982631860780256,0.101201150895916,1,2361.27236619142,0.102790779610219
"7310","PPFIBP1",0.750554117993069,0.982631860780256,0.101089571230473,1,2361.27236619142,0.117061946342787
"6098","TFAM",0.750556079304999,0.982631860780256,0.101087926881598,1,2361.27236619142,-0.121961129237945
"1581","POLR1A",0.750699852694093,0.982631860780256,0.100967428478239,1,2361.27236619142,0.139465785464591
"10679","NDUFB7",0.750824043107773,0.982631860780256,0.100863406513948,1,2361.27236619142,-0.0468836389671875
"8412","CINP",0.751120929053234,0.982631860780256,0.100614973832086,1,2361.27236619142,-0.0874779905595954
"10215","RALBP1",0.751217954661836,0.982631860780256,0.100533856383992,1,2361.27236619142,-0.0609329001692751
"276","MARCKSL1",0.751401448568592,0.982631860780256,0.100380546256726,1,2361.27236619142,-0.18676806145969
"9380","COTL1",0.751479115593101,0.982631860780256,0.100315693822916,1,2361.27236619142,-0.0396314758443836
"12309","NHSL2",0.751487407805712,0.982631860780256,0.100308771137791,1,2361.27236619142,-0.46264572771837
"7768","RSRC2",0.751832766419926,0.982631860780256,0.10002068474874,1,2361.27236619142,0.0585612692443692
"877","IGSF8",0.751846673751808,0.982631860780256,0.100009093272297,1,2361.27236619142,-0.229180457610634
"10223","IMPA2",0.751848539524729,0.982631860780256,0.100007538244974,1,2361.27236619142,-0.113959633109083
"8963","CDIP1",0.751867329749788,0.982631860780256,0.0999918782845531,1,2361.27236619142,0.136290961172317
"4705","SEMA3E",0.751913843364784,0.982631860780256,0.0999531191771915,1,2361.27236619142,-0.445815308453253
"2219","ULK4",0.751958804443305,0.982631860780256,0.0999156616308617,1,2361.27236619142,0.0652412715756783
"4828","ARMC10",0.752010565536039,0.982631860780256,0.0998725484827981,1,2361.27236619142,-0.0867374744880236
"7769","KNTC1",0.752149645033515,0.982631860780256,0.0997567562695857,1,2361.27236619142,-0.150487963421455
"3838","C6orf52",0.752170809390431,0.982631860780256,0.0997391421197418,1,2361.27236619142,0.350611649889545
"11434","KIZ",0.752335236245521,0.982631860780256,0.0996023552423632,1,2361.27236619142,-0.126479591084059
"7928","FNDC3A",0.752471178727609,0.982631860780256,0.0994893424843359,1,2361.27236619142,0.0427566854392057
"849","CCT3",0.752742560072363,0.982631860780256,0.0992639465678076,1,2361.27236619142,-0.0679837846575168
"2565","HMCES",0.752788802042239,0.982631860780256,0.0992255682949997,1,2361.27236619142,-0.155868777902167
"10226","PRELID3A",0.752831262493836,0.982631860780256,0.0991903356564837,1,2361.27236619142,0.150540446737066
"10792","ZNF714",0.753016565583781,0.982631860780256,0.0990366561971532,1,2361.27236619142,-0.115194142032562
"7786","DDX55",0.753091019105589,0.982631860780256,0.0989749457112104,1,2361.27236619142,0.128008461658236
"7241","CLEC2D",0.753140634483325,0.982631860780256,0.0989338339511789,1,2361.27236619142,0.0660819823854609
"10068","MIF4GD",0.753222018160945,0.982631860780256,0.0988664190072282,1,2361.27236619142,-0.0702559449146016
"7688","ACAD10",0.753313202810932,0.982631860780256,0.0987909153266181,1,2361.27236619142,0.109750795231052
"5674","XPA",0.753317587720493,0.982631860780256,0.0987872852859784,1,2361.27236619142,0.0717790904670191
"1072","TMCC2",0.75342324631059,0.982631860780256,0.0986998381413439,1,2361.27236619142,0.525209670116529
"220","GPN2",0.753470667418436,0.982631860780256,0.0986606044265585,1,2361.27236619142,-0.123591467707427
"9849","TMEM106A",0.753534636532122,0.982631860780256,0.0986076933434834,1,2361.27236619142,0.0556914914717176
"10639","TRIR",0.753542426981885,0.982631860780256,0.0986012506560501,1,2361.27236619142,0.0459396262677232
"5813","C9orf16",0.753711860976012,0.982631860780256,0.0984611862583541,1,2361.27236619142,-0.0391867194745668
"3498","FBXL17",0.753859406149527,0.982631860780256,0.0983393055589174,1,2361.27236619142,-0.0447980105253866
"4816","ALKBH4",0.753904818664054,0.982631860780256,0.0983018089266776,1,2361.27236619142,-0.145583628864353
"9063","NDUFAB1",0.75390989686975,0.982631860780256,0.0982976163942129,1,2361.27236619142,0.0598408425182432
"4338","NHSL1",0.753954548164015,0.982631860780256,0.0982607568135935,1,2361.27236619142,0.0542198898982374
"4268","TRAF3IP2",0.753997987890092,0.982631860780256,0.0982249046660258,1,2361.27236619142,-0.110159566861205
"4854","SLC26A3",0.754008055262147,0.982631860780256,0.0982165967784215,1,2361.27236619142,0.346355110641239
"4512","ITGB8",0.754092154185541,0.982631860780256,0.0981472109809905,1,2361.27236619142,-0.0990738552002162
"9276","PARD6A",0.754150591890397,0.982631860780256,0.0980990128205973,1,2361.27236619142,0.201650080957683
"2529","PDIA5",0.754235662836888,0.982631860780256,0.0980288713710915,1,2361.27236619142,-0.343061732659987
"2949","NFXL1",0.754263967687123,0.982631860780256,0.0980055399779369,1,2361.27236619142,0.0980797774640922
"8997","SNN",0.754275412128302,0.982631860780256,0.0979961073099514,1,2361.27236619142,-0.07923054519522
"11286","ZNF460",0.754336627471598,0.982631860780256,0.0979456612339392,1,2361.27236619142,0.215130134451999
"2892","MED28",0.754419756708338,0.982631860780256,0.0978771792814336,1,2361.27236619142,-0.0728877609496919
"568","DIPK1A",0.754481035954779,0.982631860780256,0.0978267142089934,1,2361.27236619142,0.0922763088698714
"10459","ANKRD24",0.75449781535537,0.982631860780256,0.0978128984224947,1,2361.27236619142,-0.445915449826785
"10131","CARD14",0.754511699281477,0.982631860780256,0.0978014675153146,1,2361.27236619142,-0.448349079850497
"1207","TARBP1",0.754595381590615,0.982631860780256,0.0977325857674832,1,2361.27236619142,-0.107557330311126
"7212","ATN1",0.754627126959828,0.982631860780256,0.0977064620462921,1,2361.27236619142,0.105960602357123
"114","PRDM2",0.754670402424736,0.982631860780256,0.0976708562176696,1,2361.27236619142,-0.0553095545185804
"5396","RHPN1",0.754722115324702,0.982631860780256,0.0976283176472734,1,2361.27236619142,0.148105063679778
"5397","ZC3H3",0.754738709149757,0.982631860780256,0.0976146698700904,1,2361.27236619142,0.12305634480297
"8991","DEXI",0.754773749608842,0.982631860780256,0.0975858538924976,1,2361.27236619142,-0.102703013222288
"4783","PILRB",0.754801891866143,0.982631860780256,0.0975627141217438,1,2361.27236619142,0.0921383788690659
"9895","OSBPL7",0.754842054567237,0.982631860780256,0.0975296958423856,1,2361.27236619142,-0.228883010027557
"7236","M6PR",0.754886854238459,0.982631860780256,0.0974928726858337,1,2361.27236619142,0.0422027476584025
"10882","ZNF260",0.755014737872467,0.982631860780256,0.0973878005212304,1,2361.27236619142,-0.128945837057354
"5901","QSOX2",0.755063357852759,0.982631860780256,0.0973478695270883,1,2361.27236619142,-0.324345636399176
"1004","NCF2",0.755105220620793,0.982631860780256,0.0973134953473985,1,2361.27236619142,0.0422438801797365
"1514","NAGK",0.755108314628437,0.982631860780256,0.0973109550732194,1,2361.27236619142,0.0377211279826403
"1855","WDR75",0.75521744207667,0.982631860780256,0.0972213813974785,1,2361.27236619142,-0.125448789050447
"6450","POLR2L",0.755225725414254,0.982631860780256,0.0972145841403106,1,2361.27236619142,0.0488810524903083
"8292","FAM161B",0.755371868542955,0.982631860780256,0.0970947028418779,1,2361.27236619142,-0.318130436131951
"9301","TANGO6",0.755374641896555,0.982631860780256,0.0970924286427899,1,2361.27236619142,0.0838688812697325
"1628","COA5",0.755392921413018,0.982631860780256,0.0970774398464451,1,2361.27236619142,-0.0778980155895729
"9432","C17orf97",0.75552397028524,0.982631860780256,0.0969700198600595,1,2361.27236619142,0.351916580919652
"3667","RPS14",0.755535599148012,0.982631860780256,0.0969604909011166,1,2361.27236619142,0.0242294342091783
"6536","BTBD10",0.755729267946277,0.982631860780256,0.0968018697112729,1,2361.27236619142,-0.0834585732704578
"9637","SMCR8",0.755782133557923,0.982631860780256,0.0967585957617261,1,2361.27236619142,-0.0727415835847108
"4372","KATNA1",0.755833197454923,0.982631860780256,0.0967168067077121,1,2361.27236619142,-0.104385573590517
"12208","ZNF41",0.756064255115598,0.982631860780256,0.0965278402607733,1,2361.27236619142,0.14653498594778
"5810","NAIF1",0.756096097718148,0.982631860780256,0.0965018142344482,1,2361.27236619142,-0.264167171774588
"289","TRIM62",0.756185942517834,0.982631860780256,0.0964284018121605,1,2361.27236619142,0.199886695165489
"6630","CKAP5",0.756323637796307,0.982631860780256,0.0963159500762476,1,2361.27236619142,-0.0693390256677775
"9005","ERCC4",0.756676965904906,0.982631860780256,0.0960277263024598,1,2361.27236619142,-0.117066613686302
"1667","RGPD5",0.756692005074928,0.982631860780256,0.0960154687579524,1,2361.27236619142,-0.258456426189301
"2906","ANAPC4",0.756729912909134,0.982631860780256,0.0959845761126619,1,2361.27236619142,0.083131163341839
"6644","PTPMT1",0.756771545556635,0.982631860780256,0.0959506542416327,1,2361.27236619142,-0.0903977044686301
"7810","EP400",0.756811544584941,0.982631860780256,0.095918069616332,1,2361.27236619142,-0.0746473390243416
"5678","TRIM14",0.756834327055166,0.982631860780256,0.0958995129199921,1,2361.27236619142,0.0408269405961607
"12487","TAZ",0.756945638601257,0.982631860780256,0.0958088761240748,1,2361.27236619142,0.0991642351424397
"2876","SLC2A9",0.757092428798625,0.982631860780256,0.0956894221903893,1,2361.27236619142,0.0703760879095964
"10660","MRI1",0.757105084524889,0.982631860780256,0.095679127122221,1,2361.27236619142,0.147778115924289
"5761","STOM",0.757154379177583,0.982631860780256,0.0956390331296752,1,2361.27236619142,-0.0600362510611606
"7984","IPO5",0.75730966422023,0.982631860780256,0.0955127916266269,1,2361.27236619142,0.138190167462305
"11302","ZNF530",0.757433534857242,0.982631860780256,0.0954121544641926,1,2361.27236619142,0.346177623417341
"1709","BIN1",0.757535784219407,0.982631860780256,0.0953291270169132,1,2361.27236619142,0.120445447261075
"6511","EIF3F",0.757544411204461,0.982631860780256,0.0953221236345674,1,2361.27236619142,-0.0652335505344074
"11767","HSF2BP",0.757740125788637,0.982631860780256,0.0951633183329469,1,2361.27236619142,0.36284399748836
"5492","ACER2",0.757827184994115,0.982631860780256,0.0950927239807793,1,2361.27236619142,-0.20094869217502
"10817","PDCD5",0.757948927843491,0.982631860780256,0.0949940535435814,1,2361.27236619142,-0.0880651166189364
"4824","POLR2J2",0.757982424703641,0.982631860780256,0.0949669147665301,1,2361.27236619142,0.486005612155878
"8056","DAD1",0.757985034969093,0.982631860780256,0.094964800137306,1,2361.27236619142,-0.0498761659891929
"238","PTAFR",0.758173471778126,0.982631860780256,0.0948122117396212,1,2361.27236619142,-0.0476707674880474
"2552","PODXL2",0.758199746592428,0.982631860780256,0.0947909461435152,1,2361.27236619142,0.484418783832481
"7880","RFXAP",0.758377943693355,0.982631860780256,0.0946467907137406,1,2361.27236619142,0.211568411342725
"4258","METTL24",0.758412297534824,0.982631860780256,0.094619013424268,1,2361.27236619142,0.482850138729775
"4764","TMEM225B",0.758413598610928,0.982631860780256,0.0946179615082958,1,2361.27236619142,0.482850138732758
"5073","ATP6V1B2",0.758432175359651,0.982631860780256,0.0946029429630193,1,2361.27236619142,0.0442633596708887
"6729","TAF6L",0.758523461542586,0.982631860780256,0.0945291607588378,1,2361.27236619142,-0.200527929782742
"708","PRKAB2",0.758545464165059,0.982631860780256,0.0945113818157836,1,2361.27236619142,-0.139139859005958
"11945","HMOX1",0.758559432492778,0.982631860780256,0.0945000958335564,1,2361.27236619142,0.0384140714302217
"527","IFI44",0.758571571281015,0.982631860780256,0.0944902886623691,1,2361.27236619142,0.027359170165199
"3431","AGGF1",0.758606576260489,0.982631860780256,0.0944620105545085,1,2361.27236619142,0.0612278031281855
"8299","SYNDIG1L",0.758625921706807,0.982631860780256,0.0944463846903582,1,2361.27236619142,0.481299343942239
"4237","CD24",0.758627406923579,0.982631860780256,0.0944451850972365,1,2361.27236619142,0.481299350581933
"12037","PHETA2",0.758657364585716,0.982631860780256,0.0944209904058766,1,2361.27236619142,0.275527136126861
"7542","RAB3IP",0.758697417106708,0.982631860780256,0.0943886481081679,1,2361.27236619142,0.186411442725584
"5514","APTX",0.758885808493912,0.982774362280271,0.0942366039176297,1,2361.27236619142,-0.0837654861588344
"2483","SPICE1",0.759214747856732,0.982881403842851,0.0939714497683833,1,2361.27236619142,-0.124679712219555
"11388","RASSF2",0.759428627268006,0.982881403842851,0.0937992633267734,1,2361.27236619142,0.0549275728304311
"1629","UNC50",0.759431041935033,0.982881403842851,0.0937973203532034,1,2361.27236619142,-0.105156202197985
"6378","HTRA1",0.759525671875756,0.982881403842851,0.0937211932448618,1,2361.27236619142,-0.103935506245333
"1160","SDE2",0.759534201522268,0.982881403842851,0.0937143330464951,1,2361.27236619142,0.134447732569709
"8738","NRG4",0.759534368246208,0.982881403842851,0.0937141989570044,1,2361.27236619142,0.360806232563529
"1529","TPRKB",0.759587173864373,0.982881403842851,0.0936717347595546,1,2361.27236619142,-0.0940802317932077
"2123","IQSEC1",0.759602158428803,0.982881403842851,0.093659686680306,1,2361.27236619142,-0.0589546071747606
"9744","CCL5",0.759731657318091,0.982881403842851,0.093555600650314,1,2361.27236619142,0.174803115642162
"10406","ABHD17A",0.759849487742269,0.982881403842851,0.0934609482517762,1,2361.27236619142,-0.0653367552417621
"7813","FBRSL1",0.759890110075946,0.982881403842851,0.09342832874321,1,2361.27236619142,0.114806455554873
"9127","BOLA2B",0.759925206927249,0.982881403842851,0.0934001511791701,1,2361.27236619142,-0.254849618682144
"10317","FECH",0.760047315972642,0.982881403842851,0.0933021519399889,1,2361.27236619142,0.1094073451222
"603","HENMT1",0.760155675694818,0.982881403842851,0.0932152343867505,1,2361.27236619142,0.210390416094087
"3597","ETF1",0.760477006903263,0.982881403842851,0.0929577483521103,1,2361.27236619142,0.0521508318759486
"2781","PCYT1A",0.760505111066328,0.982881403842851,0.0929352467049129,1,2361.27236619142,0.0631874662519749
"1256","SH3YL1",0.760530008455834,0.982881403842851,0.0929153150533629,1,2361.27236619142,-0.124434434788526
"5252","E2F5",0.760646023193275,0.982881403842851,0.0928224700442882,1,2361.27236619142,-0.439811017333088
"1227","OPN3",0.760674283423838,0.982881403842851,0.0927998614502181,1,2361.27236619142,-0.0977313275883993
"7960","PIBF1",0.760754700581954,0.982881403842851,0.0927355430231145,1,2361.27236619142,-0.0626948246268063
"10758","DDX49",0.760788223135243,0.982881403842851,0.0927087385535517,1,2361.27236619142,-0.160433899458304
"4056","TBC1D22B",0.760823471844613,0.982881403842851,0.0926805584242808,1,2361.27236619142,0.112198627067892
"439","ZFYVE9",0.760824417167109,0.982881403842851,0.0926798027359474,1,2361.27236619142,-0.267601614706172
"1575","TMEM150A",0.760849427358775,0.982881403842851,0.0926598108768052,1,2361.27236619142,0.123535832008519
"7992","PCCA",0.76099225970932,0.982964664642556,0.0925456832033495,1,2361.27236619142,-0.0511323119863058
"663","BCAS2",0.761196435108428,0.982987966527703,0.0923826738620659,1,2361.27236619142,-0.0854408833918863
"1024","UCHL5",0.761225277825497,0.982987966527703,0.0923596590970977,1,2361.27236619142,0.075293346524488
"2262","SETD2",0.761257039327008,0.982987966527703,0.0923343189399817,1,2361.27236619142,0.0409548803669406
"2105","EMC3",0.761414060723645,0.982987966527703,0.0922090989549871,1,2361.27236619142,0.0643687693735784
"9411","CBFA2T3",0.761419287069585,0.982987966527703,0.0922049326923976,1,2361.27236619142,0.280878607959583
"4359","EPM2A",0.761567468283728,0.982987966527703,0.0920868505189872,1,2361.27236619142,-0.144284688333181
"54","KCNAB2",0.761597689410911,0.982987966527703,0.0920627781479949,1,2361.27236619142,0.0450770886037735
"4963","TCAF1",0.761637355135132,0.982987966527703,0.0920311879822634,1,2361.27236619142,0.101149452110507
"1310","ITSN2",0.761988745127091,0.983246639146171,0.0917515960669844,1,2361.27236619142,-0.0414993281017152
"800","HAX1",0.762073566179257,0.983246639146171,0.0916841757307558,1,2361.27236619142,-0.067817886881358
"5300","VPS13B",0.76208566277393,0.983246639146171,0.0916745629105665,1,2361.27236619142,0.033788302478467
"2670","MFSD1",0.762264594569342,0.983246639146171,0.0915324351488346,1,2361.27236619142,-0.0346324765624981
"2696","FNDC3B",0.762329428513957,0.983246639146171,0.0914809664412943,1,2361.27236619142,0.0296766071160871
"1205","SLC35F3",0.762393422795575,0.983246639146171,0.0914301797970233,1,2361.27236619142,0.254968922590056
"7386","GPD1",0.762415199331533,0.983246639146171,0.0914129011816583,1,2361.27236619142,0.479766039093431
"3906","ZSCAN12",0.762465000055539,0.983246639146171,0.0913733934426584,1,2361.27236619142,0.169467480019217
"398","HECTD3",0.762681902702796,0.983425225354284,0.0912014296622026,1,2361.27236619142,-0.133906248798732
"12145","AP1S2",0.762892544701839,0.983495866904388,0.0910345985749104,1,2361.27236619142,-0.0557952214953533
"2297","C3orf62",0.762965805903524,0.983495866904388,0.0909766138467904,1,2361.27236619142,0.117411472216866
"10252","OSBPL1A",0.762971955116242,0.983495866904388,0.0909717477887302,1,2361.27236619142,0.036613266551855
"5214","ADHFE1",0.763155300508631,0.983631102125256,0.0908267262544934,1,2361.27236619142,0.185129610026189
"8488","AQR",0.763452402038675,0.983912914804956,0.0905919944108982,1,2361.27236619142,0.0680243677307182
"9969","SKA2",0.763606416285122,0.984010282226851,0.0904704422959692,1,2361.27236619142,0.109538980033241
"4467","RBAK",0.763918456272353,0.984311246287021,0.0902244448347589,1,2361.27236619142,-0.131267289281969
"10651","GADD45GIP1",0.764073354146767,0.984409691221965,0.0901024663359331,1,2361.27236619142,0.0453200521662406
"252","MECR",0.764285611468572,0.984497236648019,0.0899354646597819,1,2361.27236619142,0.187228878969779
"5292","TSPYL5",0.764325355346671,0.984497236648019,0.0899042133907117,1,2361.27236619142,0.176848258755008
"9829","RETREG3",0.764433558673069,0.984497236648019,0.0898191613166256,1,2361.27236619142,-0.0616485235455207
"3123","CAMK2D",0.76445531380898,0.984497236648019,0.089802066219887,1,2361.27236619142,0.0572482973141198
"7424","PCBP2",0.764717465066611,0.984711150393708,0.0895962082352963,1,2361.27236619142,-0.0400855688800063
"3664","CSF1R",0.764860724336501,0.984711150393708,0.0894838206245799,1,2361.27236619142,-0.0338619207746951
"9222","HERPUD1",0.764938594258672,0.984711150393708,0.0894227635198051,1,2361.27236619142,0.0441032511477251
"6864","TCIRG1",0.765034109293591,0.984711150393708,0.0893479020403841,1,2361.27236619142,0.0531129146696498
"1566","TGOLN2",0.765064001019043,0.984711150393708,0.0893244809250998,1,2361.27236619142,0.0397542644407623
"3273","NDUFS6",0.765128610031114,0.984711150393708,0.0892738691407314,1,2361.27236619142,0.0494326829109775
"73","ENO1",0.76520845739608,0.984711150393708,0.0892113419029589,1,2361.27236619142,-0.0378455591809149
"2600","ARMC8",0.765249571145609,0.984711150393708,0.0891791556664342,1,2361.27236619142,0.0559017614793923
"7054","ZPR1",0.765470919803331,0.984811152627444,0.089005979738037,1,2361.27236619142,-0.135228273845884
"2220","TRAK1",0.765484340627727,0.984811152627444,0.0889954856190609,1,2361.27236619142,0.0499169980164618
"3335","SELENOP",0.765812341778882,0.98513207285352,0.0887392217393094,1,2361.27236619142,-0.0360247046413587
"7774","OGFOD2",0.766101461695686,0.985248630205451,0.0885136689124549,1,2361.27236619142,0.185746029608947
"7795","SCARB1",0.766189381753213,0.985248630205451,0.0884451412682234,1,2361.27236619142,0.0741117475494343
"8248","PLEK2",0.766334388837174,0.985248630205451,0.0883321813129275,1,2361.27236619142,0.28035677331928
"8549","TUBGCP4",0.766425309170957,0.985248630205451,0.0882613947956531,1,2361.27236619142,-0.183389550925089
"11946","MCM5",0.766460970413994,0.985248630205451,0.0882336389732506,1,2361.27236619142,0.142894090778839
"3685","MFAP3",0.766468109146156,0.985248630205451,0.0882280833331249,1,2361.27236619142,-0.111889634425306
"11562","DNTTIP1",0.766495340443345,0.985248630205451,0.088206892622229,1,2361.27236619142,0.0703180382020768
"10208","L3MBTL4",0.766575437676559,0.985248630205451,0.0881445790228669,1,2361.27236619142,-0.0642187946255948
"1173","MRPL55",0.766743274542861,0.985248630205451,0.0880140839310012,1,2361.27236619142,-0.100686178121518
"9135","SEPTIN1",0.766776401668578,0.985248630205451,0.0879883396389897,1,2361.27236619142,-0.254214410209951
"2757","BCL6",0.766925727329613,0.985248630205451,0.087872344102304,1,2361.27236619142,0.084605813795961
"3380","CENPK",0.767020919258319,0.985248630205451,0.087798442859372,1,2361.27236619142,-0.257039893264695
"10938","TIMM50",0.767107254659778,0.985248630205451,0.0877314465323706,1,2361.27236619142,-0.160736362222181
"4688","ZP3",0.767193223323923,0.985248630205451,0.0876647624313112,1,2361.27236619142,0.192025716060444
"7143","APLP2",0.767498575097954,0.985248630205451,0.0874281303158781,1,2361.27236619142,0.0271063474266729
"2705","KCNMB3",0.767532123049195,0.985248630205451,0.0874021535610875,1,2361.27236619142,0.117153820310874
"7056","PAFAH1B2",0.767539727108468,0.985248630205451,0.0873962661908895,1,2361.27236619142,0.053723719952587
"5613","GKAP1",0.767682756072191,0.985248630205451,0.0872855675528324,1,2361.27236619142,-0.174762457289892
"3987","HLA-DRB5",0.76768769562141,0.985248630205451,0.0872817459039776,1,2361.27236619142,0.0748109381789331
"9653","USP22",0.767771002351805,0.985248630205451,0.0872173065462589,1,2361.27236619142,-0.062592371787695
"7850","RNF6",0.767810730058925,0.985248630205451,0.0871865855119163,1,2361.27236619142,-0.0799239333215079
"1367","LBH",0.767827000984109,0.985248630205451,0.0871740050681998,1,2361.27236619142,0.527041403704912
"7750","P2RX4",0.767859952416619,0.985248630205451,0.0871485305207444,1,2361.27236619142,-0.0740321043196596
"2613","RASA2",0.767989303664617,0.985248630205451,0.0870485690006153,1,2361.27236619142,-0.0520294212201974
"9852","DHX8",0.768168272446212,0.985248630205451,0.0869103662982561,1,2361.27236619142,-0.0807279238604987
"8630","FAM81A",0.768179899546467,0.985248630205451,0.0869013917845109,1,2361.27236619142,-0.446729021926035
"236","XKR8",0.768191797111924,0.985248630205451,0.0868922090304048,1,2361.27236619142,0.184415793953607
"7541","CCT2",0.768209239741373,0.985248630205451,0.0868787474499143,1,2361.27236619142,0.0858769640188495
"3461","COX7C",0.76823679100129,0.985248630205451,0.086857486708978,1,2361.27236619142,0.0289417992693802
"128","ZBTB17",0.768259816185241,0.985248630205451,0.0868397208169655,1,2361.27236619142,0.126276918474396
"10917","EIF3K",0.768547588231244,0.98551690225031,0.0866178467217103,1,2361.27236619142,-0.0449618783477849
"8545","CCNDBP1",0.768692018482825,0.985601329495257,0.0865066062983965,1,2361.27236619142,-0.0784331274734028
"6679","MS4A4A",0.768914289540521,0.985775778384631,0.0863355644672823,1,2361.27236619142,0.034326022665649
"668","TSPAN2",0.768985283465182,0.985775778384631,0.0862809720288675,1,2361.27236619142,-0.259927021424728
"2446","CMSS1",0.769078827727885,0.985794928304927,0.0862090676180795,1,2361.27236619142,-0.155870498318038
"4177","MYO6",0.769273063383429,0.98587199223966,0.0860598690145392,1,2361.27236619142,-0.18131343508708
"9161","STX4",0.769299279452122,0.98587199223966,0.0860397423652824,1,2361.27236619142,0.0553833686152673
"9835","VPS25",0.769374785746715,0.98587199223966,0.0859817888154017,1,2361.27236619142,-0.0932777687643914
"3855","MCUR1",0.769544872352152,0.985978609228807,0.0858513194574992,1,2361.27236619142,0.0908994587882984
"4315","STX7",0.769709859936867,0.985978609228807,0.0857248642114518,1,2361.27236619142,0.0371217249933678
"8002","ABHD13",0.769731308205726,0.985978609228807,0.0857084325518819,1,2361.27236619142,-0.0894488522502796
"11872","SPECC1L",0.769932886422441,0.985978609228807,0.0855540857051257,1,2361.27236619142,0.0548977802408068
"10175","CSNK1D",0.770194190197592,0.985978609228807,0.0853542321950659,1,2361.27236619142,-0.0570904444802089
"7491","SHMT2",0.77020796507782,0.985978609228807,0.0853437037632231,1,2361.27236619142,0.135909410217916
"6135","PALD1",0.770276375986156,0.985978609228807,0.0852914263033059,1,2361.27236619142,0.484418774582236
"901","B4GALT3",0.770480728533481,0.985978609228807,0.0851353700335656,1,2361.27236619142,-0.150997567507197
"6859","NDUFV1",0.770647490103193,0.985978609228807,0.0850081354611446,1,2361.27236619142,-0.0744836592144853
"11764","NDUFV3",0.770924473622866,0.985978609228807,0.0847970326346419,1,2361.27236619142,0.0575453583689779
"5325","EMC2",0.770989998601029,0.985978609228807,0.0847471344537513,1,2361.27236619142,-0.0656302518874095
"7010","AASDHPPT",0.771102986609795,0.985978609228807,0.0846611299326077,1,2361.27236619142,0.0769035164915099
"11727","ITSN1",0.771147752606493,0.985978609228807,0.0846270679281655,1,2361.27236619142,-0.0323801180874944
"5042","ERI1",0.77117570228298,0.985978609228807,0.0846058050650505,1,2361.27236619142,0.102435203067628
"2284","SLC25A20",0.771192921940237,0.985978609228807,0.0845927065629286,1,2361.27236619142,-0.10390369755571
"3256","TLR3",0.771423492881954,0.985978609228807,0.0844174237711643,1,2361.27236619142,0.151637725503539
"8719","ULK3",0.771510068632002,0.985978609228807,0.0843516587568459,1,2361.27236619142,-0.173218284763071
"1288","DDX1",0.771524048671372,0.985978609228807,0.0843410417899411,1,2361.27236619142,0.0776651955396383
"9752","PIGW",0.771683511047173,0.985978609228807,0.084219991337868,1,2361.27236619142,-0.422911618914747
"10199","EMILIN2",0.771691741185784,0.985978609228807,0.084213746265304,1,2361.27236619142,0.040117582388948
"7217","LPCAT3",0.771692536868252,0.985978609228807,0.0842131425105622,1,2361.27236619142,-0.0968029200722287
"9504","ZFP3",0.771712598052864,0.985978609228807,0.0841979210888918,1,2361.27236619142,-0.296965270527946
"3897","ZSCAN16",0.771772903653584,0.985978609228807,0.0841521732021521,1,2361.27236619142,-0.195250395010837
"7341","PRICKLE1",0.771987285121962,0.985978609228807,0.0839896523252398,1,2361.27236619142,0.335152041821614
"10638","TNPO2",0.7720442747111,0.985978609228807,0.0839464776239962,1,2361.27236619142,0.0938453544979217
"3864","KIF13A",0.772295517370517,0.985978609228807,0.0837562823095269,1,2361.27236619142,0.034800189359547
"9812","NKIRAS2",0.772357974445646,0.985978609228807,0.0837090374360414,1,2361.27236619142,0.0951948811878294
"12501","F8",0.772387965024971,0.985978609228807,0.0836863565706008,1,2361.27236619142,0.166084850559006
"286","RNF19B",0.772423205107081,0.985978609228807,0.0836597099386836,1,2361.27236619142,-0.0642790057594236
"7287","PDE3A",0.772451486259817,0.985978609228807,0.0836383285960716,1,2361.27236619142,-0.509580143750435
"7050","RBM7",0.772480132476635,0.985978609228807,0.0836166742736126,1,2361.27236619142,0.100479112343975
"5807","ST6GALNAC4",0.772487745255618,0.985978609228807,0.0836109201129612,1,2361.27236619142,-0.172374134362993
"8180","PTGER2",0.772591154350327,0.985978609228807,0.0835327790334997,1,2361.27236619142,-0.120975902738417
"11734","SETD4",0.772652533207824,0.985978609228807,0.0834864168218747,1,2361.27236619142,0.130107097658209
"11643","SS18L1",0.772765394252434,0.985978609228807,0.0834012041905097,1,2361.27236619142,-0.114002263418599
"9262","NOL3",0.772768373011007,0.985978609228807,0.0833989557991852,1,2361.27236619142,-0.136726198438845
"9773","RPL23",0.772812213923876,0.985978609228807,0.0833658681176427,1,2361.27236619142,0.0347407725947143
"938","GPR161",0.772812302056775,0.985978609228807,0.0833658016090079,1,2361.27236619142,0.168795857862446
"12287","LAS1L",0.772829014573795,0.985978609228807,0.083353190190207,1,2361.27236619142,-0.164897115832313
"4752","ARPC1A",0.772872325304786,0.985978609228807,0.0833205123246227,1,2361.27236619142,0.0558049772059423
"11082","KPTN",0.772884761339044,0.985978609228807,0.0833111306426148,1,2361.27236619142,-0.302753954712354
"362","ZMYND12",0.772899063425177,0.985978609228807,0.0833003419278752,1,2361.27236619142,-0.214686231602376
"5764","RBM18",0.772934546465463,0.985978609228807,0.0832735787230483,1,2361.27236619142,0.0978786884026551
"2267","ELP6",0.772981842801352,0.985978609228807,0.0832379125420253,1,2361.27236619142,-0.122557236149737
"2769","ATP13A3",0.773129765212655,0.985978609228807,0.0831264176205315,1,2361.27236619142,-0.0422931102481204
"4164","OGFRL1",0.773144115236784,0.985978609228807,0.0831156057513825,1,2361.27236619142,-0.0380814744307664
"1260","TRAPPC12",0.773314335267214,0.985978609228807,0.0829874134227452,1,2361.27236619142,-0.067509605659053
"2305","MST1",0.773387990838935,0.985978609228807,0.0829319767867279,1,2361.27236619142,-0.295993781379445
"1097","CR1L",0.773523084573342,0.985978609228807,0.0828303510414997,1,2361.27236619142,0.189527935209892
"3088","MANBA",0.7737311974238,0.985978609228807,0.0826739278758645,1,2361.27236619142,0.0360281637332974
"12377","RBM41",0.773772799527727,0.985978609228807,0.0826426778227915,1,2361.27236619142,0.0710834476681202
"10812","CCNE1",0.773926915661293,0.985978609228807,0.0825269668729337,1,2361.27236619142,-0.408424636004601
"1682","IL1B",0.773946726223705,0.985978609228807,0.0825120993962768,1,2361.27236619142,-0.178082645667238
"10388","ATP5F1D",0.774034477134576,0.985978609228807,0.0824462613240608,1,2361.27236619142,-0.0415389789360991
"9051","UQCRC2",0.774089046583028,0.985978609228807,0.0824053331041788,1,2361.27236619142,-0.0543295512478723
"12021","ZC3H7B",0.774099159410169,0.985978609228807,0.082397749481803,1,2361.27236619142,-0.109139759869562
"8561","EIF3J",0.77426936110153,0.985978609228807,0.0822701716820325,1,2361.27236619142,-0.0714230470737149
"2562","ISY1",0.774336629216063,0.985978609228807,0.0822197791275516,1,2361.27236619142,-0.077710459949508
"10396","RPS15",0.774375620272244,0.985978609228807,0.0821905774112736,1,2361.27236619142,0.0220044537577176
"5677","NANS",0.774399294726764,0.985978609228807,0.0821728495530021,1,2361.27236619142,0.0634819114382722
"7209","SPSB2",0.77449111256659,0.985978609228807,0.0821041142739599,1,2361.27236619142,0.181225152003917
"11551","ADA",0.774704782628105,0.985978609228807,0.0819442803020278,1,2361.27236619142,-0.1018427222401
"101","MAD2L2",0.774708912077926,0.985978609228807,0.0819411929638297,1,2361.27236619142,0.170115944972585
"9156","FBXL19",0.774838047463139,0.985978609228807,0.081844678050583,1,2361.27236619142,0.116253839960513
"7135","FLI1",0.774887970219942,0.985978609228807,0.0818073826113083,1,2361.27236619142,0.0334548665694556
"2734","PSMD2",0.774889762809589,0.985978609228807,0.081806043605108,1,2361.27236619142,-0.0625139348377696
"11555","STK4",0.774912496294118,0.985978609228807,0.0817890634595911,1,2361.27236619142,-0.0371420319778339
"10713","USHBP1",0.774945897148576,0.985978609228807,0.081764119076563,1,2361.27236619142,-0.405177050631226
"5128","GTF2E2",0.774977976677183,0.985978609228807,0.0817401653589482,1,2361.27236619142,0.0637513702937589
"7616","DRAM1",0.775238970256183,0.985978609228807,0.0815454230587545,1,2361.27236619142,-0.0431911269755961
"1837","TTN",0.77531333537971,0.985978609228807,0.0814899809537149,1,2361.27236619142,-0.406124703825249
"10348","ZADH2",0.775506864298078,0.985978609228807,0.0813457931571156,1,2361.27236619142,0.0802515858076582
"12445","SLC9A6",0.775644514034414,0.985978609228807,0.081243321897934,1,2361.27236619142,-0.0910891874480748
"11683","SMIM34B",0.775672707487069,0.985978609228807,0.0812223423257455,1,2361.27236619142,-0.407608305353723
"5482","CCDC171",0.775763593744962,0.985978609228807,0.0811547311459272,1,2361.27236619142,-0.152664861641765
"5793","SLC2A8",0.7758921985844,0.985978609228807,0.0810591127470416,1,2361.27236619142,-0.160169349670783
"10355","CTDP1",0.775904572174966,0.985978609228807,0.0810499161284292,1,2361.27236619142,0.10739643524667
"7728","PRKAB1",0.775959227711916,0.985978609228807,0.0810093003807905,1,2361.27236619142,0.130271255478136
"3797","TRIM41",0.776014642482243,0.985978609228807,0.0809681316642002,1,2361.27236619142,0.127446157534253
"4983","ACTR3C",0.776079819882188,0.985978609228807,0.0809197245745188,1,2361.27236619142,-0.421049091289061
"6372","PLPP4",0.776123286075088,0.985978609228807,0.0808874510395791,1,2361.27236619142,-0.533826932091361
"975","PAPPA2",0.776155803187106,0.985978609228807,0.0808633117183344,1,2361.27236619142,-0.440541998953168
"1921","NBEAL1",0.776312487733439,0.985978609228807,0.0807470503562991,1,2361.27236619142,0.0578216752885319
"7756","MORN3",0.776468823055013,0.985978609228807,0.080631138208753,1,2361.27236619142,-0.412670428559234
"12022","TEF",0.776572839793656,0.985978609228807,0.0805540666223093,1,2361.27236619142,-0.190197897361767
"3311","SPEF2",0.776610050880622,0.985978609228807,0.0805265046011667,1,2361.27236619142,0.229168742703534
"11937","YWHAH",0.776645394812081,0.985978609228807,0.0805003302892906,1,2361.27236619142,0.0525474790009549
"8648","PPIB",0.776690791627114,0.985978609228807,0.080466717955468,1,2361.27236619142,-0.0444982867291276
"1057","CYB5R1",0.776723310682706,0.985978609228807,0.0804426451275385,1,2361.27236619142,-0.0862008268035474
"2931","PDS5A",0.776741882363798,0.985978609228807,0.080428898845358,1,2361.27236619142,0.0430109424944666
"12016","RBX1",0.776759166923658,0.985978609228807,0.0804161063975312,1,2361.27236619142,0.0313408050866207
"8414","ANKRD9",0.776817421093706,0.985978609228807,0.080373000092806,1,2361.27236619142,0.0696097984376843
"9221","NUP93",0.776926011576247,0.985978609228807,0.080292679784035,1,2361.27236619142,-0.0940227476700436
"8387","IFI27",0.776948226269178,0.985978609228807,0.080276253753353,1,2361.27236619142,-0.072685244717053
"2927","LIAS",0.776956595970176,0.985978609228807,0.0802700654838674,1,2361.27236619142,-0.108657746587191
"9451","TLCD2",0.777005549398637,0.985978609228807,0.0802338761610527,1,2361.27236619142,0.23275583022927
"5380","AGO2",0.777213903953358,0.986012074733615,0.0800799465130645,1,2361.27236619142,-0.0704560784199944
"319","CSF3R",0.777348370475058,0.986012074733615,0.0799806891432672,1,2361.27236619142,-0.0497335434885135
"11164","VSIG10L",0.777369115946531,0.986012074733615,0.0799653816527789,1,2361.27236619142,0.135792428324132
"4845","CCDC71L",0.777369145578778,0.986012074733615,0.0799653597891228,1,2361.27236619142,0.0854355402016855
"9037","ACSM5",0.777425037474363,0.986012074733615,0.0799241266362067,1,2361.27236619142,0.129938471882648
"10519","PNPLA6",0.777609620970514,0.986146451268199,0.0797880353509206,1,2361.27236619142,-0.0649138070440862
"3643","YIPF5",0.777704198332459,0.986166668482039,0.0797183530679145,1,2361.27236619142,-0.0761733045941063
"11934","PISD",0.777900394355769,0.986264268515011,0.0795739054529349,1,2361.27236619142,0.0718953676816257
"4252","MICAL1",0.77804156331211,0.986264268515011,0.0794700585153837,1,2361.27236619142,0.0835702090000433
"6118","DNA2",0.77806080438918,0.986264268515011,0.0794559100311767,1,2361.27236619142,0.222980316268531
"4379","AKAP12",0.778319564194242,0.986264268515011,0.0792657690324312,1,2361.27236619142,0.441093596340194
"5451","WASHC1",0.778435272230116,0.986264268515011,0.0791808243899634,1,2361.27236619142,0.0875268661970026
"8617","MNS1",0.778482584252374,0.986264268515011,0.0791461054113022,1,2361.27236619142,0.439783809741831
"12525","MT-CO2",0.778503884813406,0.986264268515011,0.0791304771039861,1,2361.27236619142,-0.0181030688388112
"869","DUSP23",0.77853978592887,0.986264268515011,0.0791041400798513,1,2361.27236619142,-0.0614635613601945
"10686","EPHX3",0.778643027627628,0.986264268515011,0.0790284284286826,1,2361.27236619142,0.438487911024298
"7165","CACNA1C",0.77864319489537,0.986264268515011,0.079028305795673,1,2361.27236619142,0.438487914932609
"3866","TPMT",0.77877462313049,0.986264268515011,0.0789319803949468,1,2361.27236619142,0.0625400178796698
"2857","CRMP1",0.778801642701127,0.986264268515011,0.0789121852671153,1,2361.27236619142,0.437205779629406
"2320","HYAL1",0.778803528514803,0.986264268515011,0.0789108037788054,1,2361.27236619142,0.437205777203689
"7434","COPZ1",0.778895216524416,0.986280786594579,0.0788436517390593,1,2361.27236619142,0.0648281805872967
"2936","APBB2",0.779290437923184,0.986376811219031,0.0785545456114044,1,2361.27236619142,-0.192553248744662
"10814","TSHZ3",0.779368990735033,0.986376811219031,0.0784971521296157,1,2361.27236619142,-0.0678798163526123
"5098","R3HCC1",0.77940541960946,0.986376811219031,0.0784705435743375,1,2361.27236619142,0.111950334596566
"9501","CAMTA2",0.779605956139991,0.986376811219031,0.0783241537988112,1,2361.27236619142,0.0929600985131599
"12007","ATF4",0.779752648234434,0.986376811219031,0.0782171632869142,1,2361.27236619142,0.0560884520906719
"5967","IL15RA",0.779754416940635,0.986376811219031,0.078215873754489,1,2361.27236619142,0.0817130180567013
"12185","BCOR",0.779950973235519,0.986376811219031,0.078072639440874,1,2361.27236619142,0.111010093249758
"11701","USP16",0.780039437083268,0.986376811219031,0.0780082203312733,1,2361.27236619142,0.0645646912626891
"9443","CRK",0.780089033820923,0.986376811219031,0.0779721166742911,1,2361.27236619142,-0.0521683998025878
"3339","HMGCS1",0.780374627151067,0.986376811219031,0.0777643959358746,1,2361.27236619142,-0.160987708480736
"6567","FANCF",0.780400662114549,0.986376811219031,0.0777454747648359,1,2361.27236619142,-0.207013355206449
"452","NDC1",0.780583427812873,0.986376811219031,0.0776127178005041,1,2361.27236619142,0.143276382397296
"9233","ZNF319",0.780588316538746,0.986376811219031,0.0776091684168615,1,2361.27236619142,0.25244479172022
"4877","ING3",0.780607713656839,0.986376811219031,0.0775950863019024,1,2361.27236619142,0.109457070209402
"3139","SPRY1",0.780752317011858,0.986376811219031,0.0774901490933811,1,2361.27236619142,-0.419436606794845
"5716","ZNF483",0.780768427665952,0.986376811219031,0.0774784624897675,1,2361.27236619142,-0.395127393387047
"11576","CD40",0.780954078909204,0.986376811219031,0.0773438603422712,1,2361.27236619142,0.0943118517094297
"11849","THAP7",0.781058525661299,0.986376811219031,0.0772681890525722,1,2361.27236619142,0.0952802250682422
"3508","SRP19",0.781080980501084,0.986376811219031,0.07725192581421,1,2361.27236619142,-0.0573842637265572
"4405","SYTL3",0.781100928904549,0.986376811219031,0.0772374794448673,1,2361.27236619142,-0.061860518529414
"8804","POLG",0.781128483295591,0.986376811219031,0.0772175273134732,1,2361.27236619142,-0.107551440675168
"6591","FBXO3",0.781451516784916,0.986376811219031,0.0769838258440823,1,2361.27236619142,0.106802487647673
"320","ZC3H12A",0.781456242419529,0.986376811219031,0.0769804098725502,1,2361.27236619142,0.221850152074415
"6251","PGAM1",0.781532561184273,0.986376811219031,0.0769252534052592,1,2361.27236619142,-0.0471864717855493
"781","S100A13",0.781765111343406,0.986376811219031,0.0767573179224215,1,2361.27236619142,0.167201888058976
"8106","LTB4R",0.781790766974453,0.986376811219031,0.0767388028789286,1,2361.27236619142,0.0950586999117436
"6151","ECD",0.781850894901828,0.986376811219031,0.0766954194416586,1,2361.27236619142,-0.098960242290588
"4867","SMIM30",0.782217699610501,0.986376811219031,0.0764310489075501,1,2361.27236619142,0.0661826488971719
"11121","CD37",0.782241312096294,0.986376811219031,0.0764140472961343,1,2361.27236619142,0.0530704120455383
"7894","KBTBD6",0.782281459908301,0.986376811219031,0.0763851444876928,1,2361.27236619142,-0.281705671359874
"7153","KDM5A",0.782289948428198,0.986376811219031,0.0763790342716113,1,2361.27236619142,-0.0373106510721764
"1564","KCMF1",0.782379122521659,0.986376811219031,0.0763148607712072,1,2361.27236619142,0.0465350357311409
"4071","TREM2",0.782401429924185,0.986376811219031,0.0762988119473267,1,2361.27236619142,-0.0392109949285394
"11687","NRIP1",0.782435049888211,0.986376811219031,0.0762746278530258,1,2361.27236619142,-0.0362180822038715
"10823","FAAP24",0.78259993524008,0.986376811219031,0.0761560794014071,1,2361.27236619142,-0.16626452322768
"5601","RFK",0.782621370797565,0.986376811219031,0.0761406750587757,1,2361.27236619142,-0.0822340225923948
"4676","TRIM73",0.782704016324557,0.986376811219031,0.0760812987821754,1,2361.27236619142,0.161424126622911
"9050","NPIPB4",0.782773390053646,0.986376811219031,0.0760314768048585,1,2361.27236619142,0.158805742534283
"7763","MLXIP",0.782882112589552,0.986376811219031,0.0759534311044183,1,2361.27236619142,0.0616618207460692
"8839","LYSMD4",0.782938261752,0.986376811219031,0.0759131417124427,1,2361.27236619142,-0.230520234943873
"7696","RPL6",0.782947465257134,0.986376811219031,0.0759065389063858,1,2361.27236619142,0.0270399532797619
"10576","ICAM3",0.782960639812468,0.986376811219031,0.0758970877153641,1,2361.27236619142,0.222977971074729
"5995","HSPA14",0.782992011694032,0.986376811219031,0.075874584635769,1,2361.27236619142,0.196409078816038
"4417","AGPAT4",0.782994785823877,0.986376811219031,0.0758725949226235,1,2361.27236619142,0.0566280302855918
"12094","KLHDC7B",0.783154324045635,0.986376811219031,0.0757582151646661,1,2361.27236619142,0.212432562745944
"1084","SRGAP2",0.783334597985669,0.986376811219031,0.0756290807772986,1,2361.27236619142,-0.0340482684936137
"5753","B3GNT10",0.783606147956531,0.986376811219031,0.075434786898744,1,2361.27236619142,-0.393262973950859
"2560","ACAD9",0.783614928984601,0.986376811219031,0.0754285085631372,1,2361.27236619142,-0.0957420507738959
"6652","TNKS1BP1",0.783769608795672,0.986376811219031,0.0753179603178333,1,2361.27236619142,0.189999303852771
"7915","LCP1",0.783771656292733,0.986376811219031,0.0753164975750551,1,2361.27236619142,0.0284726709388684
"5958","PITRM1",0.783783232411739,0.986376811219031,0.0753082278214365,1,2361.27236619142,-0.116717087335199
"10851","FFAR2",0.783814595930282,0.986376811219031,0.0752858247888792,1,2361.27236619142,-0.290392116242433
"7229","NECAP1",0.783992831033945,0.986376811219031,0.0751585790964509,1,2361.27236619142,0.103769707115337
"1395","RMDN2",0.784005295870374,0.986376811219031,0.0751496845236582,1,2361.27236619142,-0.11217381361019
"3831","SNRNP48",0.78417724171096,0.986376811219031,0.0750270463274551,1,2361.27236619142,0.0884062882293746
"6117","RUFY2",0.784520922965691,0.986376811219031,0.0747822426437324,1,2361.27236619142,0.0786958845388227
"12218","FTSJ1",0.784530050659001,0.986376811219031,0.0747757468617872,1,2361.27236619142,-0.183510742125746
"1095","CD55",0.784575870876555,0.986376811219031,0.0747431431895266,1,2361.27236619142,-0.136638074686912
"1721","MZT2B",0.784581662977319,0.986376811219031,0.0747390223267539,1,2361.27236619142,-0.0407713267647287
"6627","ATG13",0.784672906336961,0.986376811219031,0.0746741222041951,1,2361.27236619142,-0.0803584264069103
"3437","SCAMP1",0.784694674317147,0.986376811219031,0.0746586434211409,1,2361.27236619142,0.0779750742695497
"3308","BRIX1",0.784715050835118,0.986376811219031,0.0746441556419685,1,2361.27236619142,0.140280184537628
"624","AHCYL1",0.784736537495768,0.986376811219031,0.0746288801837847,1,2361.27236619142,-0.0573393101520042
"8017","CUL4A",0.784740822582773,0.986376811219031,0.0746258339984596,1,2361.27236619142,-0.057298561945727
"2924","WDR19",0.784859279699656,0.986376811219031,0.0745416515799018,1,2361.27236619142,-0.130197686608639
"1949","SPAG16",0.784926431197435,0.986376811219031,0.0744939525480794,1,2361.27236619142,0.123541294856935
"7896","MTRF1",0.785053368778168,0.986376811219031,0.074403831093445,1,2361.27236619142,0.111719698244529
"2190","EPM2AIP1",0.785067934471575,0.986376811219031,0.0743934936845671,1,2361.27236619142,-0.0875298469709554
"4632","ZNF138",0.785220603724348,0.986376811219031,0.0742851893134723,1,2361.27236619142,-0.123586439166055
"1476","UGP2",0.785288587161678,0.986376811219031,0.0742369887792703,1,2361.27236619142,0.0492604420408659
"3478","ARSK",0.785355207527633,0.986376811219031,0.0741897709702788,1,2361.27236619142,-0.129499356754408
"5111","PTK2B",0.785367599179025,0.986376811219031,0.0741809900509723,1,2361.27236619142,0.0403164626497437
"12356","ARMCX5-GPRASP2",0.785372554038098,0.986376811219031,0.0741774791160428,1,2361.27236619142,0.115197075410459
"9524","RNASEK",0.785501037969445,0.986376811219031,0.0740864685929798,1,2361.27236619142,-0.0245808099166392
"8913","BRICD5",0.785501912946278,0.986376811219031,0.0740858490161418,1,2361.27236619142,-0.278489755556942
"11720","IFNGR2",0.785543264812153,0.986376811219031,0.0740565706619185,1,2361.27236619142,0.0364615699682142
"10858","IGFLR1",0.785628981184792,0.986376811219031,0.0739959007071806,1,2361.27236619142,-0.0401068315164143
"5309","RRM2B",0.785720761476293,0.986376811219031,0.0739309683188113,1,2361.27236619142,-0.0523261854989901
"10349","TSHZ1",0.785927433590098,0.986376811219031,0.0737848647410807,1,2361.27236619142,-0.0954570990680381
"9061","EARS2",0.785981534782389,0.986376811219031,0.0737466443870421,1,2361.27236619142,0.211685087765106
"8274","PCNX1",0.786003092065927,0.986376811219031,0.0737314179805274,1,2361.27236619142,0.0345060955866946
"6091","SGMS1",0.786017129244648,0.986376811219031,0.0737215041049117,1,2361.27236619142,-0.0346695930641715
"4363","ADGB",0.786078132471417,0.986376811219031,0.0736784283760682,1,2361.27236619142,-0.489331658997999
"10650","RAD23A",0.786112057004348,0.986376811219031,0.0736544793605712,1,2361.27236619142,0.0425113302143669
"2001","WDFY1",0.786215765795204,0.986376811219031,0.0735812920844906,1,2361.27236619142,-0.0422895010009713
"2880","RAB28",0.786238973605095,0.986376811219031,0.0735649196850504,1,2361.27236619142,-0.0698058449577474
"4296","SERINC1",0.786282200526382,0.986376811219031,0.0735344296292045,1,2361.27236619142,0.0337299131280903
"5583","APBA1",0.786382486766267,0.986376811219031,0.0734637189812829,1,2361.27236619142,0.0962155510875799
"12222","RBM3",0.786426812816724,0.986376811219031,0.0734324768405904,1,2361.27236619142,0.06479916124514
"12096","CPT1B",0.786483383250231,0.986376811219031,0.0733926149038664,1,2361.27236619142,-0.180337910292788
"10883","ZNF529",0.786537134390009,0.986376811219031,0.0733547503241901,1,2361.27236619142,-0.126305117860197
"9331","IST1",0.786543975096705,0.986376811219031,0.0733499321928805,1,2361.27236619142,-0.044392237953479
"3109","COL25A1",0.786592903406917,0.986376811219031,0.0733154753510888,1,2361.27236619142,-0.494810301790538
"1187","PGBD5",0.786616640270453,0.986376811219031,0.0732987622417019,1,2361.27236619142,-0.225850729909375
"6738","ATL3",0.786825457992025,0.986376811219031,0.0731518219409608,1,2361.27236619142,-0.0618613413958221
"10145","BAHCC1",0.786873258939579,0.986376811219031,0.0731182077516939,1,2361.27236619142,-0.151229400522838
"7022","EXPH5",0.786906511117794,0.986376811219031,0.0730948293174955,1,2361.27236619142,-0.402397750945453
"4693","CCDC146",0.787065715192484,0.986376811219031,0.0729829541204619,1,2361.27236619142,0.0678418642571251
"3940","HLA-B",0.787116007177837,0.986376811219031,0.0729476322628567,1,2361.27236619142,-0.0166924637809605
"1696","C2orf76",0.78719044948768,0.986376811219031,0.072895365608016,1,2361.27236619142,0.139498769611737
"3888","BTN2A2",0.787230270875307,0.986376811219031,0.0728674148830006,1,2361.27236619142,-0.157665784576293
"11609","ZFP64",0.787287846834539,0.986376811219031,0.0728270123501691,1,2361.27236619142,-0.108123758818131
"10090","GALR2",0.787294747528173,0.986376811219031,0.0728221707624711,1,2361.27236619142,0.360249722868587
"10019","PRKCA",0.787296053904906,0.986376811219031,0.0728212542164364,1,2361.27236619142,-0.0424084433672714
"11472","PXMP4",0.787307599169109,0.986376811219031,0.0728131543977242,1,2361.27236619142,-0.198573123011395
"5408","SCRIB",0.787308179595128,0.986376811219031,0.0728127472006139,1,2361.27236619142,-0.181164912163775
"11617","RTF2",0.787406201861349,0.98640107657009,0.0727439973304447,1,2361.27236619142,-0.0458073912940009
"10076","RECQL5",0.787518018636715,0.986442616033064,0.0726656149382842,1,2361.27236619142,-0.1321619808771
"6238","ENTPD1",0.787743569208768,0.986494734827111,0.0725076442481686,1,2361.27236619142,-0.0519821902306715
"4204","AKIRIN2",0.787809331298388,0.986494734827111,0.0724616206311953,1,2361.27236619142,-0.0506129103453139
"1006","RGL1",0.787835884594681,0.986494734827111,0.0724430417403666,1,2361.27236619142,-0.035023910691613
"11690","BTG3",0.787881128369125,0.986494734827111,0.0724113913239672,1,2361.27236619142,-0.0908282340822247
"5480","SNAPC3",0.788071613647477,0.986494734827111,0.0722782181210261,1,2361.27236619142,-0.0723361095358732
"1199","DISC1",0.788256806588297,0.986494734827111,0.0721488709299783,1,2361.27236619142,-0.0386823454645375
"8138","BRMS1L",0.788359309996477,0.986494734827111,0.0720773312741866,1,2361.27236619142,-0.167299823782651
"332","UTP11",0.788399021408774,0.986494734827111,0.0720496259248502,1,2361.27236619142,-0.10106992738648
"7500","AGAP2",0.788516533997902,0.986494734827111,0.0719676746921665,1,2361.27236619142,-0.199470259137601
"1017","ODR4",0.788558838453554,0.986494734827111,0.0719381845393193,1,2361.27236619142,-0.0748107111335524
"2533","CCDC14",0.788584129999358,0.986494734827111,0.0719205570662382,1,2361.27236619142,0.0730644218094961
"5700","ABCA1",0.78883177064718,0.986494734827111,0.0717480810363212,1,2361.27236619142,-0.0317885547163957
"7874","PDS5B",0.788887241808608,0.986494734827111,0.0717094770675705,1,2361.27236619142,0.0400522721232517
"4623","MRPS17",0.788953722055319,0.986494734827111,0.0716632262280377,1,2361.27236619142,-0.10954155402536
"7833","CRYL1",0.789003148502205,0.986494734827111,0.0716288502165589,1,2361.27236619142,0.0568904129684966
"270","TXLNA",0.789079907273231,0.986494734827111,0.0715754821385802,1,2361.27236619142,-0.0778244354715535
"347","ZMPSTE24",0.78909463955947,0.986494734827111,0.0715652416583715,1,2361.27236619142,0.0770130647653992
"7966","KCTD12",0.789104743982674,0.986494734827111,0.0715582184810137,1,2361.27236619142,-0.036862963917283
"8005","IRS2",0.789222445314865,0.986494734827111,0.071476436232851,1,2361.27236619142,-0.147159798140951
"7120","TMEM218",0.789245354137279,0.986494734827111,0.0714605243535968,1,2361.27236619142,0.117706530077181
"10553","ZNF426",0.789263951215208,0.986494734827111,0.0714476086969764,1,2361.27236619142,-0.124129934866623
"6918","RNF169",0.789323058464157,0.986494734827111,0.0714065670615952,1,2361.27236619142,-0.0529724231673947
"1720","SMPD4",0.789368843313138,0.986494734827111,0.0713747846341567,1,2361.27236619142,-0.113643700447837
"1893","MAIP1",0.789463155269523,0.986514291573844,0.0713093400751572,1,2361.27236619142,-0.101838420909964
"7046","TMPRSS5",0.789890410729782,0.986949849652505,0.0710132635166643,1,2361.27236619142,0.439783770016289
"1055","KLHL12",0.7900498764613,0.986981087990646,0.0709029271005443,1,2361.27236619142,0.0840104499511241
"5225","LACTB2",0.790283734220023,0.986981087990646,0.0707412840089123,1,2361.27236619142,0.0917437281102642
"6898","ATG16L2",0.79039394713836,0.986981087990646,0.0706651730301788,1,2361.27236619142,-0.0530163278154646
"6102","RHOBTB1",0.790561885089584,0.986981087990646,0.0705492825569591,1,2361.27236619142,0.0669096156740966
"2673","SMC4",0.790607416022583,0.986981087990646,0.0705178801555952,1,2361.27236619142,0.0849776824964142
"4892","RBM28",0.790850352811165,0.986981087990646,0.0703504546389769,1,2361.27236619142,0.0974398888302835
"2149","PLCL2",0.790940471540944,0.986981087990646,0.0702884013879421,1,2361.27236619142,-0.040031268727298
"7191","MRPL51",0.79100586725028,0.986981087990646,0.0702433900691384,1,2361.27236619142,0.0499260058514668
"864","CD1B",0.791027854857815,0.986981087990646,0.0702282596491849,1,2361.27236619142,0.441093595896367
"4585","C7orf25",0.791288255555905,0.986981087990646,0.0700492017135112,1,2361.27236619142,0.182208018479524
"3661","SLC26A2",0.791338307488018,0.986981087990646,0.0700148127950376,1,2361.27236619142,0.103691284788512
"8082","DHRS4",0.791708289749614,0.986981087990646,0.0697608912025948,1,2361.27236619142,-0.104128065411946
"7841","MICU2",0.791737376191534,0.986981087990646,0.0697409498829666,1,2361.27236619142,-0.0487631595133362
"9440","TIMM22",0.791798689323177,0.986981087990646,0.0696989243159165,1,2361.27236619142,0.133873324106979
"9822","CAVIN1",0.791810109091256,0.986981087990646,0.0696910984156141,1,2361.27236619142,-0.40492816137617
"3178","SLC10A7",0.79194212972433,0.986981087990646,0.0696006595708368,1,2361.27236619142,0.0693205769797367
"6013","CACNB2",0.792051937762093,0.986981087990646,0.0695254849908153,1,2361.27236619142,-0.39256808238587
"9234","USB1",0.7920774199176,0.986981087990646,0.0695080461184531,1,2361.27236619142,-0.0894302861013036
"6169","AP3M1",0.792157419492022,0.986981087990646,0.0694533131103705,1,2361.27236619142,-0.081786806301974
"7103","SORL1",0.792183317432142,0.986981087990646,0.0694355995539798,1,2361.27236619142,0.086163465765662
"3771","HNRNPAB",0.792269245906168,0.986981087990646,0.0693768438902409,1,2361.27236619142,0.0578048096369855
"1849","ZC3H15",0.792390339172189,0.986981087990646,0.0692940885996352,1,2361.27236619142,0.0485421903941294
"9146","PRR14",0.792394504737727,0.986981087990646,0.0692912427864714,1,2361.27236619142,-0.101720539452153
"6957","CCDC90B",0.792415381816553,0.986981087990646,0.0692769810148647,1,2361.27236619142,-0.062451788741154
"11178","ZNF649",0.792514390504868,0.986981087990646,0.0692093665208078,1,2361.27236619142,0.10702422773673
"11166","CLDND2",0.792677678349603,0.986981087990646,0.06909793194864,1,2361.27236619142,-0.279541449152594
"363","PPCS",0.792707237197212,0.986981087990646,0.069077769994411,1,2361.27236619142,0.0470033545687291
"2107","BRK1",0.792780897269813,0.986981087990646,0.0690275404815714,1,2361.27236619142,0.037201375578785
"9067","PRKCB",0.792782330041758,0.986981087990646,0.0690265636542238,1,2361.27236619142,-0.049658687775272
"2716","ATP11B",0.792862333023675,0.986981087990646,0.0689720313876729,1,2361.27236619142,0.0424336827558044
"7755","ORAI1",0.792971780272832,0.986981087990646,0.0688974663984704,1,2361.27236619142,0.0751488623115655
"4393","TFB1M",0.793018429436289,0.986981087990646,0.0688656980314741,1,2361.27236619142,-0.0815851391536457
"7175","TIGAR",0.793072617420473,0.986981087990646,0.0688288055120206,1,2361.27236619142,0.0509489603737311
"11103","CA11",0.793163006524597,0.986981087990646,0.06876728988455,1,2361.27236619142,-0.172846345683639
"6150","NUDT13",0.793169097586571,0.986981087990646,0.068763145580329,1,2361.27236619142,-0.219795729654119
"632","DRAM2",0.793188974553202,0.986981087990646,0.0687496223980469,1,2361.27236619142,0.0432061240514928
"10258","DSC2",0.793212600382319,0.986981087990646,0.0687335505470148,1,2361.27236619142,-0.087737142064832
"8114","SCFD1",0.793232850649136,0.986981087990646,0.0687197765747788,1,2361.27236619142,-0.0425923842001246
"9532","DVL2",0.793236020919912,0.986981087990646,0.0687176203307329,1,2361.27236619142,0.142966291572315
"9761","DDX52",0.793315224938366,0.986981087990646,0.0686637618424259,1,2361.27236619142,0.0579890040824403
"7052","CADM1",0.793394238731065,0.986981087990646,0.0686100551900701,1,2361.27236619142,-0.0362723328404934
"4504","BZW2",0.793464224130876,0.986981087990646,0.0685625039999068,1,2361.27236619142,-0.12622335696897
"11131","PRR12",0.793470560445737,0.986981087990646,0.0685581996956381,1,2361.27236619142,-0.0858322159728697
"7428","ATF7",0.793602234883822,0.986981087990646,0.0684687849762632,1,2361.27236619142,-0.0455818081644137
"488","DNAJC6",0.79362757330358,0.986981087990646,0.0684515858455673,1,2361.27236619142,0.435937116899714
"51","DFFB",0.793709943195375,0.986981087990646,0.0683956910252316,1,2361.27236619142,-0.175360782179796
"10877","ZNF565",0.79385983950854,0.986981087990646,0.0682940364933559,1,2361.27236619142,0.131622512867418
"10831","GPI",0.793961844551781,0.986981087990646,0.0682249063553017,1,2361.27236619142,-0.0497576579765633
"508","ZRANB2",0.79399392205147,0.986981087990646,0.0682031747474069,1,2361.27236619142,0.0426137597938286
"9203","RBL2",0.793994444932053,0.986981087990646,0.0682028205410813,1,2361.27236619142,0.0563614256965013
"4803","TRIM56",0.794171196378128,0.986981087990646,0.0680831430359323,1,2361.27236619142,-0.0438549995290283
"695","POLR3C",0.794173408703707,0.986981087990646,0.068081645792839,1,2361.27236619142,0.0812405978959205
"4230","HACE1",0.794185579216221,0.986981087990646,0.0680734094282201,1,2361.27236619142,0.126297040588011
"3370","ERCC8",0.794214165533815,0.986981087990646,0.0680540658005404,1,2361.27236619142,0.0902145595753839
"12491","PLXNA3",0.794447101188895,0.986981087990646,0.0678965536372029,1,2361.27236619142,-0.135156366903033
"7435","GPR84",0.79450197174562,0.986981087990646,0.0678594782750864,1,2361.27236619142,-0.16546222583713
"7618","NUP37",0.794843540339921,0.986981087990646,0.0676289276853773,1,2361.27236619142,-0.107938396477191
"9458","HIC1",0.794882934572569,0.986981087990646,0.0676023644654401,1,2361.27236619142,0.14861574324152
"4528","CCDC126",0.794953856796512,0.986981087990646,0.0675545562116997,1,2361.27236619142,-0.106141022677467
"378","SZT2",0.794974229436212,0.986981087990646,0.0675408264730308,1,2361.27236619142,-0.0750025761969523
"6347","DCLRE1A",0.794997257880215,0.986981087990646,0.0675253087010014,1,2361.27236619142,-0.273671675844579
"7845","SPATA13",0.7950097019854,0.986981087990646,0.0675169240031113,1,2361.27236619142,0.0644574335625899
"7817","ANKLE2",0.795029051634321,0.986981087990646,0.067503887531583,1,2361.27236619142,0.0605739714620154
"7852","USP12",0.795031419437796,0.986981087990646,0.0675022923596375,1,2361.27236619142,0.0539944212476151
"8504","KNSTRN",0.795075564758967,0.986981087990646,0.0674725556629134,1,2361.27236619142,-0.189553965398585
"2808","ZNF721",0.79512134003773,0.986981087990646,0.0674417283972507,1,2361.27236619142,-0.0634166602579892
"9740","SLFN12L",0.795209782727081,0.986981087990646,0.0673821881509537,1,2361.27236619142,-0.251561480148974
"1054","RABIF",0.795403641456159,0.986981087990646,0.0672517792524778,1,2361.27236619142,0.0789427757918455
"6379","CUZD1",0.795436470780096,0.986981087990646,0.0672297082924183,1,2361.27236619142,-0.369983981924199
"5175","HGSNAT",0.795623467621176,0.986981087990646,0.0671040651417776,1,2361.27236619142,-0.0506874282931678
"5626","CTSL",0.795706534092215,0.986981087990646,0.0670482930167479,1,2361.27236619142,0.0297648724261875
"2588","ANAPC13",0.795795141760463,0.986981087990646,0.0669888277171495,1,2361.27236619142,0.0734525668457727
"12036","NAGA",0.795821905411228,0.986981087990646,0.0669708719569828,1,2361.27236619142,-0.0646439104570418
"3005","G3BP2",0.79584429351847,0.986981087990646,0.0669558537259153,1,2361.27236619142,-0.0432447993127589
"10753","REX1BD",0.795878128441216,0.986981087990646,0.0669331602332441,1,2361.27236619142,-0.037512156942589
"7049","C11orf71",0.795896638453824,0.986981087990646,0.0669207470801979,1,2361.27236619142,-0.135120272507125
"8914","PGP",0.796081441910924,0.986993076354248,0.0667968818416605,1,2361.27236619142,0.053336877645628
"3233","SPCS3",0.796152485117231,0.986993076354248,0.0667492974276765,1,2361.27236619142,-0.0431282756274279
"6287","BTRC",0.796215534223623,0.986993076354248,0.0667070825736899,1,2361.27236619142,0.0549366044891554
"9748","CCL4",0.796221111033883,0.986993076354248,0.0667033492773519,1,2361.27236619142,-0.244173083293978
"3011","CXCL11",0.796326211258581,0.987025797133215,0.0666330126427617,1,2361.27236619142,-0.516292075159559
"8085","PCK2",0.796530952494328,0.987076458724335,0.0664961064999681,1,2361.27236619142,-0.103579179235554
"4189","DOP1A",0.797069974056994,0.987076458724335,0.0661363920361013,1,2361.27236619142,-0.0693455405009692
"1725","FAM168B",0.797124312904739,0.987076458724335,0.0661001868800263,1,2361.27236619142,-0.0686791926107432
"5857","NUP214",0.797124808477594,0.987076458724335,0.0660998567359259,1,2361.27236619142,0.0432755068222227
"11918","PES1",0.797168031110913,0.987076458724335,0.0660710657690526,1,2361.27236619142,0.0893799002608568
"5670","TDRD7",0.797316917000954,0.987076458724335,0.0659719427797537,1,2361.27236619142,0.0530566414069233
"3211","TMA16",0.797326827891131,0.987076458724335,0.0659653472735006,1,2361.27236619142,0.102030827874705
"5154","PLEKHA2",0.797389706789639,0.987076458724335,0.0659235107675974,1,2361.27236619142,-0.0393765657972407
"9264","EXOC3L1",0.797714600331843,0.987076458724335,0.065707568041288,1,2361.27236619142,-0.272392496945245
"8852","NPRL3",0.797766772625234,0.987076458724335,0.0656729265495077,1,2361.27236619142,-0.104455993050117
"10186","FN3K",0.797783778432124,0.987076458724335,0.0656616370942325,1,2361.27236619142,0.284082071864126
"3557","IRF1",0.797890356436103,0.987076458724335,0.065590907893432,1,2361.27236619142,-0.0525260408090314
"1191","ARV1",0.798040334605979,0.987076458724335,0.0654914454864882,1,2361.27236619142,0.0965470028626471
"212","UBXN11",0.798138313248973,0.987076458724335,0.065426511511039,1,2361.27236619142,0.0766590633598626
"11089","ZSWIM9",0.79819833961358,0.987076458724335,0.0653867468282072,1,2361.27236619142,-0.144074522390507
"10260","TRAPPC8",0.798208179412637,0.987076458724335,0.0653802296462251,1,2361.27236619142,-0.0459786073581345
"8055","METTL3",0.79821982194119,0.987076458724335,0.0653725189115899,1,2361.27236619142,0.122477675334279
"4663","METTL27",0.798231943609216,0.987076458724335,0.0653644913622608,1,2361.27236619142,0.398871251087217
"4646","TYW1",0.798389618531702,0.987076458724335,0.0652601193134426,1,2361.27236619142,-0.074424403144882
"10247","RMC1",0.798397120487914,0.987076458724335,0.0652551556487664,1,2361.27236619142,-0.0944478007988545
"5982","SEC61A2",0.798405528127471,0.987076458724335,0.0652495929782463,1,2361.27236619142,-0.173195971956207
"4472","ACTB",0.798425015455469,0.987076458724335,0.0652367007248481,1,2361.27236619142,0.0279264132693061
"5472","MLANA",0.798457767517186,0.987076458724335,0.0652150359633681,1,2361.27236619142,0.396731821958457
"5387","PSCA",0.798461011571985,0.987076458724335,0.0652128903017752,1,2361.27236619142,0.396731832296351
"11513","SLA2",0.798569304430232,0.987076458724335,0.0651412855219014,1,2361.27236619142,0.395678556265588
"10737","IFI30",0.798569641593151,0.987076458724335,0.0651410626504032,1,2361.27236619142,0.0173122736489581
"6659","SMTNL1",0.798570575313166,0.987076458724335,0.0651404454447369,1,2361.27236619142,0.395678083059318
"9588","RCVRN",0.798570907440962,0.987076458724335,0.0651402259030614,1,2361.27236619142,0.395678083061873
"10251","CABYR",0.798682082637934,0.987083577372573,0.0650667594987131,1,2361.27236619142,0.394634761172562
"4624","PSPH",0.798734083659746,0.987083577372573,0.0650324115203213,1,2361.27236619142,0.133962452858433
"2133","C3orf20",0.798935888229543,0.987209815006777,0.0648992060062036,1,2361.27236619142,0.161374524176467
"6612","ALKBH3",0.799020453456727,0.987209815006777,0.0648434301192127,1,2361.27236619142,-0.103990224596638
"12151","NHS",0.799088646582115,0.987209815006777,0.0647984712209596,1,2361.27236619142,-0.116230965208094
"3433","PDE8B",0.799201230907413,0.987209815006777,0.0647242820737445,1,2361.27236619142,-0.214580547856669
"12348","ARMCX4",0.79923919983347,0.987209815006777,0.0646992720771938,1,2361.27236619142,0.0658544093345416
"3846","TMEM170B",0.799312356882924,0.987209815006777,0.0646510982974835,1,2361.27236619142,-0.0484209351050951
"6899","FCHSD2",0.799387263487268,0.987209815006777,0.0646017922310388,1,2361.27236619142,0.0382827117518481
"1335","PREB",0.799533914593412,0.987293700562818,0.0645053194756264,1,2361.27236619142,0.0963937772324569
"6803","CFL1",0.79973117263296,0.987394297508625,0.064375676549192,1,2361.27236619142,0.022325208668313
"7158","RAD52",0.799772846989284,0.987394297508625,0.0643483048786185,1,2361.27236619142,0.106580624686734
"5955","IDI1",0.799912891450272,0.987469984415579,0.0642563692183295,1,2361.27236619142,0.0786746609062884
"7498","PIP4K2C",0.800286023177338,0.987744315961638,0.0640117590469288,1,2361.27236619142,-0.132290115866091
"3881","C6orf62",0.800357094358154,0.987744315961638,0.0639652239100979,1,2361.27236619142,-0.0279800389090508
"6188","TSPAN14",0.800482592197978,0.987744315961638,0.0638830958996083,1,2361.27236619142,-0.0521322956010443
"8126","SPTSSA",0.800563550375823,0.987744315961638,0.0638301452162318,1,2361.27236619142,0.0575882602903467
"646","WNT2B",0.800582116376009,0.987744315961638,0.0638180054189482,1,2361.27236619142,0.0708274611006151
"7800","SLC15A4",0.800922384495025,0.987744315961638,0.0635957309539921,1,2361.27236619142,-0.0676882263437551
"7148","NCAPD3",0.80094469987889,0.987744315961638,0.0635811682134323,1,2361.27236619142,-0.100220925745267
"7353","SLC48A1",0.801041555072449,0.987744315961638,0.063517982278794,1,2361.27236619142,-0.0819581944327856
"2066","HDLBP",0.801121482986772,0.987744315961638,0.0634658644425342,1,2361.27236619142,0.0367098778043859
"11065","PTGIR",0.801159987387817,0.987744315961638,0.0634407653624069,1,2361.27236619142,-0.166967809736662
"2778","TFRC",0.801227566130831,0.987744315961638,0.0633967269457213,1,2361.27236619142,-0.0557180513170062
"10963","SNRPA",0.801236554981653,0.987744315961638,0.0633908704893842,1,2361.27236619142,0.0825439800903059
"2813","SLC49A3",0.801254323391353,0.987744315961638,0.0633792947818748,1,2361.27236619142,0.109191760009808
"6788","DPF2",0.801270264254315,0.987744315961638,0.063368910635302,1,2361.27236619142,-0.0720962646275217
"587","SASS6",0.801316535411347,0.987744315961638,0.0633387739485146,1,2361.27236619142,0.136016134928091
"4090","C6orf226",0.801565814908287,0.98778154351988,0.0631765478193602,1,2361.27236619142,-0.117901534129319
"6228","MYOF",0.801655974778716,0.98778154351988,0.0631179280326854,1,2361.27236619142,0.0570308598776681
"4806","PLOD3",0.801683892732985,0.98778154351988,0.0630997823132909,1,2361.27236619142,0.0836778949027942
"10430","THOP1",0.802014898523751,0.98778154351988,0.0628848511691123,1,2361.27236619142,-0.149907816059922
"6775","SAC3D1",0.802140646696705,0.98778154351988,0.0628033015824163,1,2361.27236619142,0.145916423888725
"12144","ZRSR2",0.802190864982872,0.98778154351988,0.062770749979722,1,2361.27236619142,0.0607979547085092
"1881","SF3B1",0.802305384169196,0.98778154351988,0.0626965519355012,1,2361.27236619142,-0.0312400240968795
"287","AK2",0.80236811710066,0.98778154351988,0.0626559264549054,1,2361.27236619142,-0.0663377309329412
"4745","SDHAF3",0.802423468221915,0.98778154351988,0.0626200930102125,1,2361.27236619142,-0.122677924839392
"7546","ZFC3H1",0.802432820959587,0.98778154351988,0.0626140392707346,1,2361.27236619142,0.0362342366147239
"12108","P2RY8",0.802434368078661,0.98778154351988,0.0626130378981098,1,2361.27236619142,-0.0679442437636434
"1128","RRP15",0.802452557199456,0.98778154351988,0.062601265630053,1,2361.27236619142,-0.172456984494676
"8109","CBLN3",0.802608579302059,0.98778154351988,0.0625003341261564,1,2361.27236619142,-0.369075884296625
"2346","DUSP7",0.802805749563533,0.98778154351988,0.062372907417439,1,2361.27236619142,0.222603117466776
"9358","MAF",0.802912422140773,0.98778154351988,0.062304024914112,1,2361.27236619142,0.0363692925807452
"3786","MGAT4B",0.80294725995636,0.98778154351988,0.0622815375813919,1,2361.27236619142,-0.0803510465183019
"2938","LIMCH1",0.803070313091872,0.98778154351988,0.0622021429789263,1,2361.27236619142,0.264387563675804
"3520","AP3S1",0.803076689682514,0.98778154351988,0.0621980302312414,1,2361.27236619142,-0.048024073392076
"3578","CAMLG",0.803083078420606,0.98778154351988,0.0621939097935865,1,2361.27236619142,0.0690147340885225
"4134","CD2AP",0.803197905512867,0.98778154351988,0.0621198764016168,1,2361.27236619142,-0.0299352881686073
"7285","PLEKHA5",0.803205976489687,0.98778154351988,0.0621146744974826,1,2361.27236619142,0.0837132666257657
"2686","LRRC34",0.803241410780721,0.98778154351988,0.0620918391337463,1,2361.27236619142,0.387289432209781
"1906","CASP10",0.803326406722859,0.98778154351988,0.0620370823102614,1,2361.27236619142,0.0527519247917335
"5167","VDAC3",0.803400958043615,0.98778154351988,0.0619890753298359,1,2361.27236619142,-0.0511944494174067
"196","SYF2",0.803403976612431,0.98778154351988,0.0619871319520193,1,2361.27236619142,-0.0434643893322229
"2896","SLIT2",0.803534805993992,0.98778154351988,0.0619029340762257,1,2361.27236619142,0.455433620908417
"96","EXOSC10",0.803536574891178,0.98778154351988,0.0619017960832758,1,2361.27236619142,0.0754781165406701
"2450","TOMM70",0.803626474496563,0.98778154351988,0.061843975174394,1,2361.27236619142,-0.0796427681421153
"7634","WASHC4",0.803630897738086,0.98778154351988,0.0618411310098031,1,2361.27236619142,-0.0276894126444682
"9611","UBB",0.804090739789959,0.987790453841785,0.0615458292891219,1,2361.27236619142,-0.0257129853231488
"11299","ZNF550",0.804138030896498,0.987790453841785,0.0615155023978871,1,2361.27236619142,-0.355292102548989
"4491","C1GALT1",0.804150486980309,0.987790453841785,0.0615075158671962,1,2361.27236619142,0.0467990350045568
"8014","TUBGCP3",0.804168723094792,0.987790453841785,0.0614958243175255,1,2361.27236619142,0.0508943672928773
"10534","ELAVL1",0.804235400286248,0.987790453841785,0.06145308623443,1,2361.27236619142,0.066231425526945
"4403","TMEM181",0.804283445624916,0.987790453841785,0.0614223003862473,1,2361.27236619142,0.0550679767901577
"11492","MMP24OS",0.804537186061888,0.987790453841785,0.0612598477735398,1,2361.27236619142,-0.0392746153412667
"8404","SLC25A29",0.80456756451475,0.987790453841785,0.0612404138346387,1,2361.27236619142,-0.115128648624323
"4489","ZNF12",0.80457560704948,0.987790453841785,0.0612352693498794,1,2361.27236619142,-0.094541628318766
"10293","IER3IP1",0.804586653355082,0.987790453841785,0.0612282038479627,1,2361.27236619142,-0.049781564134915
"6733","STX5",0.804959866720106,0.987790453841785,0.0609897411402774,1,2361.27236619142,0.0553174004081664
"3982","AGER",0.805137289762661,0.987790453841785,0.0608765507423598,1,2361.27236619142,-0.207920306583096
"7934","ARL11",0.805142016817412,0.987790453841785,0.0608735365534608,1,2361.27236619142,0.0786335527195577
"2516","SLC15A2",0.805158051768791,0.987790453841785,0.0608633125160425,1,2361.27236619142,0.0951596949059318
"8547","ADAL",0.805213152525995,0.987790453841785,0.0608281866927439,1,2361.27236619142,-0.121070299124391
"1607","CIAO1",0.805229497603668,0.987790453841785,0.0608177690440463,1,2361.27236619142,-0.0533339087664868
"317","OSCP1",0.805747572931241,0.987790453841785,0.0604880604500096,1,2361.27236619142,-0.209982027138271
"11580","SLC13A3",0.805826940885506,0.987790453841785,0.0604376337995986,1,2361.27236619142,0.43848792553965
"432","RNF11",0.805940237281911,0.987790453841785,0.0603656892537695,1,2361.27236619142,-0.0636541912458229
"2682","GOLIM4",0.806065141388867,0.987790453841785,0.0602864263279093,1,2361.27236619142,-0.058505910295308
"10196","METTL4",0.806189412771471,0.987790453841785,0.0602076197143739,1,2361.27236619142,-0.0893930322795806
"3899","ZSCAN9",0.806214723612358,0.987790453841785,0.0601915755601484,1,2361.27236619142,-0.127453084590189
"9623","PEMT",0.806238723055859,0.987790453841785,0.0601763647742454,1,2361.27236619142,0.273383891689371
"3832","BMP6",0.806308435914488,0.987790453841785,0.0601321924997921,1,2361.27236619142,0.136203944384892
"11647","RPS21",0.806377797406636,0.987790453841785,0.0600882599259576,1,2361.27236619142,-0.0262586064038485
"9876","HEXIM1",0.806433840436528,0.987790453841785,0.060052775506048,1,2361.27236619142,0.0828153602864061
"3889","BTN3A1",0.806451282318045,0.987790453841785,0.0600417342043352,1,2361.27236619142,-0.0773422004943783
"4398","SNX9",0.806611779866349,0.987790453841785,0.0599401843269884,1,2361.27236619142,-0.0395055454835559
"673","CD58",0.806713500448316,0.987790453841785,0.0598758709294751,1,2361.27236619142,-0.0474733543387391
"12006","MIEF1",0.806780542914781,0.987790453841785,0.0598335029656075,1,2361.27236619142,0.0846079328964369
"6377","PLEKHA1",0.806816853468545,0.987790453841785,0.0598105628873416,1,2361.27236619142,0.069730003281302
"1298","LDAH",0.807096126393752,0.987790453841785,0.0596342811916371,1,2361.27236619142,0.0626593294438242
"11709","MIS18A",0.807120924944322,0.987790453841785,0.0596186412628607,1,2361.27236619142,0.145238276007979
"8427","ZFYVE21",0.80720368526735,0.987790453841785,0.0595664617828571,1,2361.27236619142,-0.0943786273874176
"6313","BORCS7",0.807228814767744,0.987790453841785,0.059550622698009,1,2361.27236619142,0.0489365501196213
"10573","ZGLP1",0.80727690490575,0.987790453841785,0.0595203177806482,1,2361.27236619142,0.119928444592912
"162","HP1BP3",0.807376548229077,0.987790453841785,0.0594575516487414,1,2361.27236619142,-0.0390187491134378
"9719","LRRC37B",0.807442572179459,0.987790453841785,0.0594159819539592,1,2361.27236619142,-0.0653890557751195
"12442","ZNF449",0.807478314611646,0.987790453841785,0.0593934843941875,1,2361.27236619142,-0.115175590208461
"10710","USE1",0.80752185370616,0.987790453841785,0.0593660854347183,1,2361.27236619142,0.0969119384010707
"3902","ZSCAN26",0.807820946184157,0.987790453841785,0.0591780488494607,1,2361.27236619142,-0.0714272933043527
"12255","KANTR",0.807830776839564,0.987790453841785,0.0591718737729954,1,2361.27236619142,0.0728323770896301
"5994","CDNF",0.807899972623824,0.987790453841785,0.0591284184458265,1,2361.27236619142,-0.347179724347465
"5080","REEP4",0.808007530845623,0.987790453841785,0.0590609048635716,1,2361.27236619142,-0.0766088827795482
"6472","NAP1L4",0.808510726255858,0.987790453841785,0.05874559486287,1,2361.27236619142,-0.0467397702479083
"702","LIX1L",0.808527264687525,0.987790453841785,0.0587352467935772,1,2361.27236619142,0.0921933062228163
"1230","SDCCAG8",0.80874020883107,0.987790453841785,0.0586020941960195,1,2361.27236619142,0.0283806795884346
"5904","CARD9",0.808745327720355,0.987790453841785,0.0585988953564485,1,2361.27236619142,-0.148182409033013
"9730","CCL13",0.808784431124828,0.987790453841785,0.0585744623399554,1,2361.27236619142,-0.453604097990744
"172","C1QB",0.808865328979071,0.987790453841785,0.058523931978781,1,2361.27236619142,-0.0391647575746916
"7115","NRGN",0.808921789713476,0.987790453841785,0.058488679190216,1,2361.27236619142,0.394634755245036
"3382","TRIM23",0.808973400308383,0.987790453841785,0.0584564645524873,1,2361.27236619142,0.0817865807086259
"8098","GMPR2",0.809192606010514,0.987790453841785,0.0583197439697691,1,2361.27236619142,0.0610744259687086
"1604","DUSP2",0.809255537637076,0.987790453841785,0.0582805242432624,1,2361.27236619142,-0.228292658837776
"2071","ATG4B",0.809322058616932,0.987790453841785,0.0582390827676793,1,2361.27236619142,0.0585075597006272
"12068","TTC38",0.809349340317891,0.987790453841785,0.0582220912272754,1,2361.27236619142,0.082792879832906
"10569","MRPL4",0.809412645060743,0.987790453841785,0.058182673986261,1,2361.27236619142,0.081192075145485
"3659","ARHGEF37",0.809452690150015,0.987790453841785,0.0581577468613117,1,2361.27236619142,-0.210810855177546
"5775","NEK6",0.809464172416522,0.987790453841785,0.0581506004634174,1,2361.27236619142,-0.0588364753562667
"9734","RFFL",0.809467682078364,0.987790453841785,0.0581484161929705,1,2361.27236619142,0.05585034621921
"294","SMIM12",0.80952676077134,0.987790453841785,0.0581116545384872,1,2361.27236619142,0.0634525296171964
"11819","SLC25A1",0.80954695429632,0.987790453841785,0.0580990919594311,1,2361.27236619142,-0.0995450383695149
"7668","ANKRD13A",0.809552479375521,0.987790453841785,0.0580956550068185,1,2361.27236619142,-0.0554272364339963
"966","CENPL",0.809606118173112,0.987790453841785,0.0580622938356335,1,2361.27236619142,0.16419827118327
"6721","CSKMT",0.809693061194508,0.987790453841785,0.0580082403125762,1,2361.27236619142,0.169049065519207
"638","ATP5PB",0.809727855443954,0.987790453841785,0.0579866157707996,1,2361.27236619142,-0.0525780571613435
"6762","RPS6KA4",0.810051800433343,0.987790453841785,0.0577854894334101,1,2361.27236619142,0.107928069390328
"366","YBX1",0.810132983812613,0.987790453841785,0.057735143376454,1,2361.27236619142,-0.0223359756054639
"5685","SEC61B",0.810161555773533,0.987790453841785,0.0577174299315309,1,2361.27236619142,-0.0332707256826614
"12524","MT-CO1",0.810282750756439,0.987790453841785,0.0576423259645397,1,2361.27236619142,0.0132428955843211
"570","TMED5",0.810435281739747,0.987790453841785,0.0575478767214358,1,2361.27236619142,-0.0406059044781921
"7867","ALOX5AP",0.810530172447745,0.987790453841785,0.0574891604379761,1,2361.27236619142,-0.0978139040979283
"5168","SLC20A2",0.810547645269844,0.987790453841785,0.057478352095116,1,2361.27236619142,0.0651704428693385
"10587","DNM2",0.810572206140249,0.987790453841785,0.0574631610422769,1,2361.27236619142,0.0365316988246214
"440","CC2D1B",0.810586208174459,0.987790453841785,0.0574545016462423,1,2361.27236619142,0.0879190927215115
"10613","ZNF491",0.810602433678041,0.987790453841785,0.0574444680343733,1,2361.27236619142,0.222340261795566
"2232","TCAIM",0.810610909054483,0.987790453841785,0.0574392273550999,1,2361.27236619142,0.0562614076446287
"6310","ARL3",0.810972593930521,0.987790453841785,0.0572158180428783,1,2361.27236619142,0.0624799711392044
"4984","LRRC61",0.811007339217393,0.987790453841785,0.0571943804397683,1,2361.27236619142,-0.351710812371576
"11938","RTCB",0.811211507593576,0.987790453841785,0.0570684957432121,1,2361.27236619142,-0.0298694885682238
"11237","LILRA1",0.811258106417043,0.987790453841785,0.0570397847185574,1,2361.27236619142,-0.158004957952871
"10538","RPS28",0.811351874592007,0.987790453841785,0.0569820342910218,1,2361.27236619142,-0.0188576277286847
"9035","KNOP1",0.811387200574298,0.987790453841785,0.0569602855605621,1,2361.27236619142,-0.111225928952796
"8529","PLA2G4B",0.811396047646552,0.987790453841785,0.0569548394750869,1,2361.27236619142,-0.205966902564075
"7057","SIDT2",0.811420191646071,0.987790453841785,0.0569399782992516,1,2361.27236619142,0.069026945369794
"394","PLK3",0.811454890186534,0.987790453841785,0.05691862415491,1,2361.27236619142,0.107752921912009
"9554","EIF4A1",0.811637806735828,0.987790453841785,0.0568061237873113,1,2361.27236619142,0.0254718904204226
"880","PEX19",0.811648681726216,0.987790453841785,0.0567994389746614,1,2361.27236619142,0.084995311341953
"6645","KBTBD4",0.811673173069337,0.987790453841785,0.0567843857672759,1,2361.27236619142,0.181956632420985
"10783","ZNF93",0.811694768323585,0.987790453841785,0.0567711143431018,1,2361.27236619142,0.124361615987135
"10641","HOOK2",0.811706166772183,0.987790453841785,0.056764110055405,1,2361.27236619142,-0.0989682496419374
"6020","MLLT10",0.811795127090657,0.987790453841785,0.0567094600890859,1,2361.27236619142,-0.0373374417914002
"11287","ZNF543",0.811926514523362,0.987790453841785,0.0566287972341019,1,2361.27236619142,-0.245078868439176
"590","DBT",0.812101329854003,0.987790453841785,0.0565215666774831,1,2361.27236619142,0.0754816347140052
"5259","RMDN1",0.812107778454568,0.987790453841785,0.0565176132023001,1,2361.27236619142,0.0525839116306105
"2180","DYNC1LI1",0.812131926435856,0.987790453841785,0.0565028099787391,1,2361.27236619142,0.0541332614225342
"770","TDRKH",0.812262290123102,0.987790453841785,0.0564229296582095,1,2361.27236619142,-0.173667538463058
"888","LY9",0.812494766322986,0.987790453841785,0.0562806280502088,1,2361.27236619142,-0.145114282686012
"2484","SIDT1",0.812515183576092,0.987790453841785,0.0562681394587811,1,2361.27236619142,0.192528386711528
"6555","GTF2H1",0.812550422680388,0.987790453841785,0.0562465882505899,1,2361.27236619142,0.0535566754402295
"4959","GSTK1",0.812572365597712,0.987790453841785,0.0562331708053007,1,2361.27236619142,-0.0467531033992337
"5394","ZNF696",0.812577650297564,0.987790453841785,0.056229939620169,1,2361.27236619142,-0.244289189678007
"1409","THUMPD2",0.812616047737936,0.987790453841785,0.0562064655003254,1,2361.27236619142,0.0643502294282925
"4063","DNAH8",0.812646911367356,0.987790453841785,0.0561876008978908,1,2361.27236619142,-0.62860319797839
"5717","PTGR1",0.812727326508366,0.987790453841785,0.0561384649118381,1,2361.27236619142,0.0595086556495708
"11796","YBEY",0.812969892850852,0.987790453841785,0.0559903873367492,1,2361.27236619142,0.1042189844203
"6963","PICALM",0.812982026426223,0.987790453841785,0.0559829856713457,1,2361.27236619142,-0.0219376009581768
"152","MICOS10",0.812987256561583,0.987790453841785,0.0559797953686317,1,2361.27236619142,0.0317678677727079
"1237","HNRNPU",0.813100879064675,0.987790453841785,0.0559105110713659,1,2361.27236619142,-0.0258091081064576
"6847","POLD4",0.813180864018401,0.987790453841785,0.055861765320004,1,2361.27236619142,-0.0389896163127743
"611","TMEM167B",0.813233113569287,0.987790453841785,0.0558299346566429,1,2361.27236619142,-0.0653939880047317
"2612","ZBTB38",0.813293709027679,0.987790453841785,0.0557930316233674,1,2361.27236619142,-0.0508855231183181
"10443","FZR1",0.813480814113908,0.987790453841785,0.0556791646823746,1,2361.27236619142,0.0817932009251027
"7740","COQ5",0.813588182996935,0.987790453841785,0.055613878420102,1,2361.27236619142,-0.0944708389240679
"2468","IFT57",0.813593318698441,0.987790453841785,0.0556107566406387,1,2361.27236619142,-0.133103287863127
"2198","DLEC1",0.813745254238335,0.987790453841785,0.0555184431840783,1,2361.27236619142,0.277043460404096
"6992","MTMR2",0.813840066713858,0.987790453841785,0.0554608777468401,1,2361.27236619142,0.0722333137020263
"11810","BID",0.813859364043485,0.987790453841785,0.0554491652245072,1,2361.27236619142,0.0369335491300599
"795","NUP210L",0.813868924053753,0.987790453841785,0.0554433632558315,1,2361.27236619142,0.396732138479685
"10026","KPNA2",0.814179472241229,0.987790453841785,0.0552550658397663,1,2361.27236619142,-0.0979863733202229
"8604","MYO5A",0.814255899206209,0.987790453841785,0.0552087770322194,1,2361.27236619142,-0.021829727085189
"3054","NUDT9",0.814322871999411,0.987790453841785,0.0551682310713053,1,2361.27236619142,0.0778762976955607
"5019","LMBR1",0.814349438988505,0.987790453841785,0.055152151519128,1,2361.27236619142,-0.0531005439829032
"6682","MS4A7",0.814395160982517,0.987790453841785,0.0551244842754639,1,2361.27236619142,-0.0194222270723279
"2124","NUP210",0.814521073752001,0.987790453841785,0.0550483299324233,1,2361.27236619142,0.129588473262111
"3701","RNF145",0.814535492557425,0.987790453841785,0.055039612719679,1,2361.27236619142,-0.0377397535191185
"9677","KIAA0100",0.814571683014814,0.987790453841785,0.0550177361735478,1,2361.27236619142,0.0482076912550997
"499","GADD45A",0.814971695981484,0.987790453841785,0.0547762403574724,1,2361.27236619142,-0.0792026431383607
"5269","OTUD6B",0.814972217623611,0.987790453841785,0.0547759257975176,1,2361.27236619142,-0.102147709326906
"71","ERRFI1",0.815016735933062,0.987790453841785,0.0547490839346603,1,2361.27236619142,-0.244796719598695
"4661","ABHD11",0.815137487579177,0.987790453841785,0.0546763128877825,1,2361.27236619142,0.112140268712663
"8722","FAM219B",0.81530124004158,0.987790453841785,0.0545777089138249,1,2361.27236619142,-0.101612766303695
"6676","STX3",0.815490452423386,0.987790453841785,0.0544638910488751,1,2361.27236619142,0.0549340702780091
"3215","MSMO1",0.815741836075163,0.987790453841785,0.0543128687590323,1,2361.27236619142,0.126005415850574
"11875","SNRPD3",0.815743422696739,0.987790453841785,0.0543119162757029,1,2361.27236619142,-0.0548471896743776
"2519","CCDC58",0.815953392270343,0.987790453841785,0.0541859446730004,1,2361.27236619142,-0.152406257671496
"34","GNB1",0.816134643020239,0.987790453841785,0.0540773269673523,1,2361.27236619142,0.0269123382392076
"1301","UBXN2A",0.816138903464179,0.987790453841785,0.0540747752030433,1,2361.27236619142,0.0515833497833266
"6861","UNC93B1",0.816205130989061,0.987790453841785,0.0540351168321533,1,2361.27236619142,0.0278524133059032
"10123","CANT1",0.816207409432297,0.987790453841785,0.0540337527274756,1,2361.27236619142,0.0785739152488419
"7692","ERP29",0.816230122430304,0.987790453841785,0.0540201554407034,1,2361.27236619142,-0.0309978505337476
"6071","CXCL12",0.816239697555455,0.987790453841785,0.054014423768997,1,2361.27236619142,0.182119301594976
"1551","LOXL3",0.816249721550966,0.987790453841785,0.054008423746818,1,2361.27236619142,0.079414855758677
"2012","SP140",0.816336189185488,0.987790453841785,0.0539566817503431,1,2361.27236619142,-0.0457078796032047
"3476","MCTP1",0.816351612545114,0.987790453841785,0.0539474552007546,1,2361.27236619142,0.034349431516764
"2966","CLOCK",0.816587328913782,0.987790453841785,0.0538065486011501,1,2361.27236619142,0.0459623067270336
"8935","THOC6",0.816618746673898,0.987790453841785,0.0537877823488902,1,2361.27236619142,-0.12878892828136
"8112","GZMB",0.816659138288172,0.987790453841785,0.0537636609601311,1,2361.27236619142,-10
"11275","EDDM13",0.816661131497284,0.987790453841785,0.0537624707871001,1,2361.27236619142,-0.35312920057625
"11528","TGM2",0.816705117559907,0.987790453841785,0.0537362096274644,1,2361.27236619142,0.0680549819529805
"6386","CHST15",0.816729552417057,0.987790453841785,0.0537216241162454,1,2361.27236619142,0.0391727322258998
"2114","HRH1",0.816839019883865,0.987790453841785,0.0536563070460353,1,2361.27236619142,0.11520835013919
"9204","AKTIP",0.816993645311499,0.987790453841785,0.0535641164429493,1,2361.27236619142,-0.151383734947044
"2280","SLC26A6",0.817220835948276,0.987790453841785,0.0534288125811626,1,2361.27236619142,-0.116118996328664
"487","AK4",0.817265239648485,0.987790453841785,0.0534023889217164,1,2361.27236619142,0.125525696496022
"4446","ZFAND2A",0.817440915063909,0.987790453841785,0.0532979158663077,1,2361.27236619142,-0.0736422208028872
"1162","LIN9",0.81744195015867,0.987790453841785,0.0532973006213188,1,2361.27236619142,-0.145443010755918
"8215","L3HYPDH",0.817443979851084,0.987790453841785,0.0532960942130803,1,2361.27236619142,-0.134571259189873
"1340","MPV17",0.817515729806341,0.987790453841785,0.0532534567266748,1,2361.27236619142,-0.0613373363365458
"5526","KIF24",0.817614589739046,0.987790453841785,0.0531947385458097,1,2361.27236619142,-0.343873423011249
"3357","MTREX",0.817639107509035,0.987790453841785,0.0531801814152487,1,2361.27236619142,0.0532076208968698
"1268","KIDINS220",0.817805661246343,0.987790453841785,0.0530813476737446,1,2361.27236619142,0.0370152469340294
"10170","GPS1",0.817861544209519,0.987790453841785,0.0530482081599744,1,2361.27236619142,-0.0923958115720654
"1780","PSMD14",0.817903946790958,0.987790453841785,0.0530230700047993,1,2361.27236619142,-0.0447375473652405
"10217","RAB31",0.817908604920505,0.987790453841785,0.0530203088387891,1,2361.27236619142,-0.020894325019017
"5914","CCDC183",0.817935259069249,0.987790453841785,0.0530045107064186,1,2361.27236619142,0.357705173885636
"5278","FSBP",0.818001430723026,0.987790453841785,0.0529653009405377,1,2361.27236619142,0.356844152688257
"1666","SOWAHC",0.818013266200248,0.987790453841785,0.0529582894833453,1,2361.27236619142,0.156881925744078
"9918","SLC35B1",0.818023250573101,0.987790453841785,0.0529523750192519,1,2361.27236619142,0.0874050633909104
"7433","HNRNPA1",0.818024175772296,0.987790453841785,0.0529518269746516,1,2361.27236619142,0.0406736762497149
"6888","LRTOMT",0.818067743996269,0.987790453841785,0.0529260225840344,1,2361.27236619142,0.355989227118649
"6189","SH2D4B",0.818135912072174,0.987790453841785,0.0528856615900955,1,2361.27236619142,0.355143361126777
"9729","CCL8",0.818253967664077,0.987790453841785,0.0528158015102863,1,2361.27236619142,-0.0778837351073847
"11212","ZNF761",0.818296565297344,0.987790453841785,0.0527906060488392,1,2361.27236619142,0.116180668253492
"7329","ALG10",0.818306815846877,0.987790453841785,0.0527845440433954,1,2361.27236619142,0.203386858322413
"7710","SDS",0.818320957250962,0.987790453841785,0.0527761816524215,1,2361.27236619142,-0.034025025639134
"11911","CASTOR1",0.818588614202876,0.987790453841785,0.0526180366535852,1,2361.27236619142,0.125361084229747
"7613","CHPT1",0.81881671318644,0.987790453841785,0.0524834615928539,1,2361.27236619142,0.0497604549086077
"8235","ZBTB1",0.818830215177682,0.987790453841785,0.0524755013012294,1,2361.27236619142,0.0405276105613527
"10231","SEH1L",0.818905820342515,0.987790453841785,0.052430938937805,1,2361.27236619142,0.102880623566184
"755","TNFAIP8L2",0.818993538903327,0.987790453841785,0.0523792617950262,1,2361.27236619142,0.069227296238035
"9170","PYCARD",0.819025477238648,0.987790453841785,0.0523604528020296,1,2361.27236619142,0.0286733743094642
"639","C1orf162",0.819032588851516,0.987790453841785,0.0523562651441146,1,2361.27236619142,0.0259756074830137
"2096","TADA3",0.819083807882282,0.987790453841785,0.0523261101335734,1,2361.27236619142,0.0499514366859235
"4731","CDK6",0.819112319770593,0.987790453841785,0.0523093278278311,1,2361.27236619142,0.0582090555285603
"6765","SF1",0.819261933210282,0.987790453841785,0.052221310690911,1,2361.27236619142,0.0424011423889241
"8451","TUBGCP5",0.819333000738308,0.987790453841785,0.0521795291968049,1,2361.27236619142,0.10112955832986
"8863","RAB40C",0.819383129172243,0.987790453841785,0.0521500686413628,1,2361.27236619142,0.112885408464647
"550","RBMXL1",0.819408501962784,0.987790453841785,0.0521351603509242,1,2361.27236619142,0.102474727974876
"4133","TNFRSF21",0.819562678417889,0.987790453841785,0.0520446191003063,1,2361.27236619142,-0.0548443568547561
"1493","PLEK",0.819621326809095,0.987790453841785,0.05201019913879,1,2361.27236619142,0.0292322380167248
"10362","MADCAM1",0.819677816172115,0.987790453841785,0.0519770576068118,1,2361.27236619142,0.250402424305291
"819","THBS3",0.819835754875206,0.987790453841785,0.0518844561036987,1,2361.27236619142,0.175840014387346
"3663","HMGXB3",0.819873328070256,0.987790453841785,0.051862439241762,1,2361.27236619142,0.0475119631898104
"9759","DUSP14",0.819888659782638,0.987790453841785,0.0518534566906398,1,2361.27236619142,-0.140609516312209
"1883","HSPD1",0.81991207394635,0.987790453841785,0.0518397403680864,1,2361.27236619142,-0.0497098033001674
"353","ZNF684",0.819916681102053,0.987790453841785,0.0518370416608799,1,2361.27236619142,0.0938230181086724
"10785","ZNF90",0.820034975234473,0.987790453841785,0.0517677744886603,1,2361.27236619142,-0.245215458235224
"939","TIPRL",0.820066322103541,0.987790453841785,0.051749427481866,1,2361.27236619142,-0.0516905355641041
"7385","SMARCD1",0.820167263464093,0.987790453841785,0.0516903707578568,1,2361.27236619142,0.0681925099022532
"6068","ZNF487",0.820418823948471,0.987790453841785,0.0515433471443225,1,2361.27236619142,-0.115387251419373
"11505","SCAND1",0.820484586476309,0.987790453841785,0.051504948777064,1,2361.27236619142,0.0292557488241149
"9975","CLTC",0.820501026108404,0.987790453841785,0.0514953521197402,1,2361.27236619142,-0.0261610567580356
"11630","NPEPL1",0.820513064389094,0.987790453841785,0.0514883253535263,1,2361.27236619142,-0.0587486018439529
"6285","PDZD7",0.820550607098366,0.987790453841785,0.0514664148438787,1,2361.27236619142,-0.326213132949164
"11360","SIRPA",0.820623091905261,0.987790453841785,0.0514241254533945,1,2361.27236619142,0.0274648466278252
"10976","B3GNT8",0.820627666700632,0.987790453841785,0.0514214570201912,1,2361.27236619142,-0.130145249443514
"6446","RPLP2",0.820679400502674,0.987790453841785,0.0513912862677949,1,2361.27236619142,0.024062920831056
"2541","OSBPL11",0.820749886492503,0.987790453841785,0.051350194366278,1,2361.27236619142,-0.0353348738269384
"175","LUZP1",0.820815359293951,0.987790453841785,0.0513120405309917,1,2361.27236619142,-0.0489172895847911
"3124","METTL14",0.8208889371814,0.987790453841785,0.051269181300823,1,2361.27236619142,0.0626444319088397
"4975","ZNF212",0.820999238523276,0.987790453841785,0.051204965865986,1,2361.27236619142,-0.10706695166367
"4715","SRI",0.821096103309496,0.987790453841785,0.0511486078346883,1,2361.27236619142,0.0442613260928788
"2064","PPP1R7",0.821114611225954,0.987790453841785,0.051137843239667,1,2361.27236619142,-0.0486575938592891
"3157","SETD7",0.821236687793128,0.987790453841785,0.0510668707602793,1,2361.27236619142,0.0624325450015283
"95","SRM",0.821356303812681,0.987790453841785,0.0509973790308826,1,2361.27236619142,0.103685665366288
"11930","PATZ1",0.821397861434293,0.987790453841785,0.0509732474912388,1,2361.27236619142,-0.128239679595158
"5580","FAM122A",0.821503466121426,0.987790453841785,0.050911952321446,1,2361.27236619142,-0.128920589074858
"6467","KCNQ1",0.821510256233352,0.987790453841785,0.0509080125244336,1,2361.27236619142,0.0559560959960557
"10570","ICAM1",0.821653529148879,0.987790453841785,0.0508249192582792,1,2361.27236619142,-0.0516695811804246
"93","C1orf127",0.821672151165878,0.987790453841785,0.0508141243788978,1,2361.27236619142,0.186234135653305
"4025","SMIM29",0.821687355218586,0.987790453841785,0.0508053117310192,1,2361.27236619142,-0.0763998789149912
"2666","RSRC1",0.821733513024063,0.987790453841785,0.0507785624364605,1,2361.27236619142,0.0303592713321145
"2079","CRBN",0.821804075778287,0.987790453841785,0.0507376843324535,1,2361.27236619142,-0.0517440128406551
"9942","TOM1L1",0.821820621551685,0.987790453841785,0.0507281016111933,1,2361.27236619142,-0.169201508240209
"10010","MILR1",0.822006649108702,0.987790453841785,0.0506204265373412,1,2361.27236619142,0.0614368425463393
"12418","ZDHHC9",0.822118687800685,0.987790453841785,0.0505556351327267,1,2361.27236619142,-0.241950664125736
"7499","OS9",0.822234178716484,0.987790453841785,0.0504888929482746,1,2361.27236619142,-0.0297699570282116
"2193","GOLGA4",0.822244337957092,0.987790453841785,0.0504830241406158,1,2361.27236619142,0.0266705128273776
"11231","LILRA5",0.822277824201721,0.987790453841785,0.0504636822861314,1,2361.27236619142,0.045139245172646
"10005","SMARCD2",0.82231926291208,0.987790453841785,0.0504397524296591,1,2361.27236619142,0.055167618887496
"3834","BLOC1S5",0.822321334661546,0.987790453841785,0.0504385562007502,1,2361.27236619142,0.0735678014546988
"11878","CRYBB2",0.822327059747533,0.987790453841785,0.0504352506114647,1,2361.27236619142,0.358575398165453
"9317","DDX19B",0.822470307984108,0.987790453841785,0.0503525780059112,1,2361.27236619142,0.0747763344554255
"2086","RAD18",0.822531077447065,0.987790453841785,0.0503175277493312,1,2361.27236619142,-0.0932361901031722
"10227","SPIRE1",0.822604736349264,0.987790453841785,0.0502750603808198,1,2361.27236619142,-0.039951613772778
"1760","STAM2",0.822621168484629,0.987790453841785,0.0502655891519124,1,2361.27236619142,-0.0492348673329556
"3566","HSPA4",0.822635167116458,0.987790453841785,0.0502575212960314,1,2361.27236619142,0.0415254677556918
"9058","USP31",0.822747187019715,0.987790453841785,0.0501929851642533,1,2361.27236619142,-0.114950702176352
"2402","THOC7",0.822848771362858,0.987790453841785,0.0501344987425999,1,2361.27236619142,0.0454841179542907
"11973","LGALS1",0.822853039248695,0.987790453841785,0.0501320423231701,1,2361.27236619142,0.0258759664214299
"7109","GRAMD1B",0.822945027576653,0.987790453841785,0.0500791129877117,1,2361.27236619142,-0.0622805186925622
"11523","SRC",0.823091223997213,0.987790453841785,0.0499950531575465,1,2361.27236619142,0.0613342877831204
"4995","TMEM176B",0.823195582622227,0.987790453841785,0.0499350945182943,1,2361.27236619142,-0.0441667049925163
"9930","RSAD1",0.823332847802034,0.987790453841785,0.0498562871238418,1,2361.27236619142,-0.124302269275201
"6544","SOX6",0.823354966900293,0.987790453841785,0.0498435941056694,1,2361.27236619142,0.235006046287884
"4114","MRPS18A",0.823413145846748,0.987790453841785,0.0498102162862241,1,2361.27236619142,-0.0825994594395791
"12172","ZFX",0.823487471096199,0.987790453841785,0.0497675922519373,1,2361.27236619142,-0.0478311252434596
"7794","NCOR2",0.823493932303247,0.987790453841785,0.049763887784666,1,2361.27236619142,0.0453996882919867
"11654","SLC17A9",0.82381881132266,0.987790453841785,0.0495778082920332,1,2361.27236619142,0.174677235475879
"5468","PDCD1LG2",0.823915504270074,0.987790453841785,0.0495224965525841,1,2361.27236619142,0.0669706612690603
"761","ZNF687",0.824007847387383,0.987790453841785,0.0494697033144148,1,2361.27236619142,-0.10429588126559
"8171","SAV1",0.824063348488095,0.987790453841785,0.0494379871442177,1,2361.27236619142,-0.0784890508198973
"10563","ANGPTL6",0.824097994178905,0.987790453841785,0.0494181942336549,1,2361.27236619142,0.154292680591958
"2095","CAMK1",0.824122938414107,0.987790453841785,0.0494039462913916,1,2361.27236619142,0.0562366317068084
"5539","PIGO",0.824207111765861,0.987790453841785,0.0493558830748708,1,2361.27236619142,-0.163563654411563
"7331","CPNE8",0.82426610748561,0.987790453841785,0.0493222109863644,1,2361.27236619142,-0.0334372086416577
"11766","U2AF1",0.82433651628766,0.987790453841785,0.0492820406076189,1,2361.27236619142,0.137689633175584
"7530","DYRK2",0.824458959376296,0.987790453841785,0.0492122239694964,1,2361.27236619142,-0.0899364142470121
"7900","DGKH",0.824692069689019,0.987790453841785,0.0490794487719785,1,2361.27236619142,0.0517214290052969
"5957","PFKP",0.824733562511263,0.987790453841785,0.0490558349771487,1,2361.27236619142,0.0783939940454175
"9801","SMARCE1",0.824748126200893,0.987790453841785,0.0490475481140584,1,2361.27236619142,0.0499903937128929
"5065","MTUS1",0.824810090178364,0.987790453841785,0.0490122982933293,1,2361.27236619142,-0.13272352238476
"10152","CCDC137",0.824934424341846,0.987790453841785,0.048941607664011,1,2361.27236619142,0.07122357041526
"10069","SLC25A19",0.824947660080892,0.987790453841785,0.0489340855892192,1,2361.27236619142,0.0474136310635465
"8813","CIB1",0.825084485942381,0.987790453841785,0.0488563608744546,1,2361.27236619142,-0.0367139528830655
"6564","HTATIP2",0.825154436530387,0.987790453841785,0.0488166500723498,1,2361.27236619142,-0.0433531260456129
"3780","ADAMTS2",0.825395073474978,0.987790453841785,0.0486801702983339,1,2361.27236619142,0.39463475534098
"10207","EPB41L3",0.825605123324406,0.987790453841785,0.0485612020798958,1,2361.27236619142,-0.0213419780768489
"555","GBP4",0.825656915102561,0.987790453841785,0.0485318916621316,1,2361.27236619142,0.0604853030079781
"718","NOTCH2NLC",0.825664230160963,0.987790453841785,0.0485277526134522,1,2361.27236619142,-0.0755830450378365
"12238","GPKOW",0.825864399680079,0.987790453841785,0.0484145633562771,1,2361.27236619142,0.101574282220573
"8998","TXNDC11",0.825948295780442,0.987790453841785,0.0483671640868243,1,2361.27236619142,-0.0464403440789645
"407","AKR1A1",0.825978476598273,0.987790453841785,0.0483501186063368,1,2361.27236619142,0.0315313557207797
"4017","CUTA",0.826006800357456,0.987790453841785,0.0483341248175269,1,2361.27236619142,0.0454169928219461
"7611","UTP20",0.826027260013565,0.987790453841785,0.0483225734359878,1,2361.27236619142,-0.15295979743777
"10322","ZNF532",0.826052826575118,0.987790453841785,0.0483081407648219,1,2361.27236619142,-0.0716573375229789
"7111","VWA5A",0.826080569889624,0.987790453841785,0.0482924818436579,1,2361.27236619142,-0.118010244968548
"9133","MYLPF",0.826095684409583,0.987790453841785,0.0482839520044577,1,2361.27236619142,0.3568431271084
"6666","TMX2",0.826143058433568,0.987790453841785,0.0482572217167945,1,2361.27236619142,0.0620706700806388
"11170","ZNF175",0.826156899659547,0.987790453841785,0.0482494134172042,1,2361.27236619142,-0.110207640412282
"1687","RABL2A",0.826327368032526,0.987790453841785,0.0481533007950223,1,2361.27236619142,0.136985596007275
"11168","SIGLEC10",0.826373241576117,0.987790453841785,0.04812745375497,1,2361.27236619142,-0.120767062398088
"5909","SEC16A",0.826485431981098,0.987790453841785,0.0480642717116626,1,2361.27236619142,-0.0612695083229038
"5344","ZHX2",0.826565231114632,0.987790453841785,0.0480193578662002,1,2361.27236619142,-0.05022276883831
"2455","IMPG2",0.826591979388186,0.987790453841785,0.0480043078918765,1,2361.27236619142,-0.199232470071091
"9263","KIAA0895L",0.826690751931366,0.987790453841785,0.0479487547235703,1,2361.27236619142,-0.18745169357448
"2437","NSUN3",0.826693066017951,0.987790453841785,0.0479474536036017,1,2361.27236619142,0.0441195227251629
"6191","CCSER2",0.826708026805795,0.987790453841785,0.047939042186828,1,2361.27236619142,0.0405327024227418
"8800","HAPLN3",0.826728560539834,0.987790453841785,0.0479274987466251,1,2361.27236619142,0.355143314656701
"10492","CAPS",0.826757110981428,0.987790453841785,0.0479114509780979,1,2361.27236619142,0.171179785762351
"10375","R3HDM4",0.826807388475009,0.987790453841785,0.0478831976100454,1,2361.27236619142,0.0885591177718791
"11312","ZNF814",0.826837856160871,0.987790453841785,0.0478660805851609,1,2361.27236619142,0.0941045517707165
"3698","THG1L",0.827128011718137,0.987790453841785,0.0477032291960233,1,2361.27236619142,-0.131981159126291
"3548","CDC42SE2",0.827224012424218,0.987790453841785,0.0476494122867624,1,2361.27236619142,0.0292462507582055
"6183","ZCCHC24",0.827367730083177,0.987790453841785,0.0475689052698405,1,2361.27236619142,-0.0969714717386283
"5622","C9orf153",0.827455351358993,0.987790453841785,0.0475198570249354,1,2361.27236619142,-0.346380653879588
"11097","CYTH2",0.827572467298774,0.987790453841785,0.0474543397736497,1,2361.27236619142,-0.0893900282029142
"7145","ZBTB44",0.827817328613742,0.987790453841785,0.0473175118809522,1,2361.27236619142,0.0526871169522313
"10083","TRIM65",0.827838619754685,0.987790453841785,0.0473056242217923,1,2361.27236619142,0.105263865313062
"10078","GALK1",0.827981655488819,0.987790453841785,0.0472258024440332,1,2361.27236619142,0.086420915643755
"7260","SMIM10L1",0.827997593165165,0.987790453841785,0.0472169127179451,1,2361.27236619142,0.0520679930442991
"8927","ELOB",0.828006506071662,0.987790453841785,0.0472119416539964,1,2361.27236619142,0.0227100577085103
"8588","USP8",0.82805447294635,0.987790453841785,0.0471851934258318,1,2361.27236619142,-0.0302474008168253
"9265","E2F4",0.828058019631719,0.987790453841785,0.0471832159688034,1,2361.27236619142,0.0827456043199027
"4463","CARD11",0.828113377930564,0.987790453841785,0.0471523565329904,1,2361.27236619142,-0.334543191939384
"2390","DENND6A",0.82811798850095,0.987790453841785,0.0471497868513913,1,2361.27236619142,-0.0404533534158213
"12073","TBC1D22A",0.828228741135606,0.987790453841785,0.0470880813815027,1,2361.27236619142,-0.0244625623700304
"10644","RNASEH2A",0.828232179843883,0.987790453841785,0.047086166193564,1,2361.27236619142,-0.313500904675999
"12135","OFD1",0.828500843694178,0.987790453841785,0.0469366599667881,1,2361.27236619142,0.0661565833770489
"11611","ZNF217",0.828544938014612,0.987790453841785,0.0469121461090211,1,2361.27236619142,0.0419026793740152
"11018","ZNF225",0.828594681403535,0.987790453841785,0.0468844997470832,1,2361.27236619142,0.147356057050232
"11659","HELZ2",0.828656313944198,0.987790453841785,0.04685025746969,1,2361.27236619142,0.0420142526646143
"7183","VWF",0.828727557776942,0.987790453841785,0.0468106915947545,1,2361.27236619142,0.235292225766641
"10982","RABAC1",0.828768953290699,0.987790453841785,0.0467877102769778,1,2361.27236619142,-0.0356451619223383
"5067","ASAH1",0.828794054166079,0.987790453841785,0.046773778039921,1,2361.27236619142,-0.0195104107551042
"11949","APOL3",0.828809318844279,0.987790453841785,0.0467653064445378,1,2361.27236619142,-0.0713103265496839
"2092","CPNE9",0.828999892487146,0.987790453841785,0.0466596094311699,1,2361.27236619142,-0.309980057656887
"750","C1orf56",0.8291804117329,0.987790453841785,0.0465596042698541,1,2361.27236619142,-0.094118691354504
"4041","SRPK1",0.829292345379573,0.987790453841785,0.0464976509751822,1,2361.27236619142,-0.0646191728448122
"7638","CKAP4",0.829635548866184,0.987790453841785,0.0463079629529905,1,2361.27236619142,0.0708981536548116
"7945","ATP7B",0.829750011971271,0.987790453841785,0.0462447895854026,1,2361.27236619142,0.355989227416906
"6121","CCAR1",0.829785989605144,0.987790453841785,0.0462249424771109,1,2361.27236619142,-0.038852209357004
"5637","ROR2",0.829827388213424,0.987790453841785,0.0462021103959562,1,2361.27236619142,0.267780175375771
"1231","AKT3",0.830048456090473,0.987790453841785,0.0460802873441726,1,2361.27236619142,0.0576102001176378
"4093","PEX6",0.830096976007706,0.987790453841785,0.0460535721680546,1,2361.27236619142,-0.0717466615314226
"10847","LSR",0.830135413055556,0.987790453841785,0.0460324143948735,1,2361.27236619142,-0.313584686962408
"2002","MRPL44",0.830234907350288,0.987790453841785,0.0459776711175294,1,2361.27236619142,0.0595389802754463
"4023","LEMD2",0.8304885686366,0.987790453841785,0.0458382569514098,1,2361.27236619142,0.0692712162401922
"12318","ABCB7",0.830500519543929,0.987790453841785,0.04583169410331,1,2361.27236619142,0.0500057202794183
"1186","GALNT2",0.830515590339424,0.987790453841785,0.0458234186672621,1,2361.27236619142,-0.0461413320666082
"7864","KATNAL1",0.830556368306706,0.987790453841785,0.0458010312346366,1,2361.27236619142,0.107358506618868
"5109","DPYSL2",0.830616759384764,0.987790453841785,0.0457678865557323,1,2361.27236619142,0.0530851256516413
"11972","PDXP",0.830621918199206,0.987790453841785,0.04576505580446,1,2361.27236619142,0.149939671375683
"10977","DMAC2",0.830742113505397,0.987790453841785,0.045699127996668,1,2361.27236619142,-0.0958308266024132
"11214","ZNF331",0.830792960763394,0.987790453841785,0.045671252944665,1,2361.27236619142,0.0368937889780983
"4831","DNAJC2",0.830833333252856,0.987790453841785,0.0456491266146726,1,2361.27236619142,0.0533007425717053
"3096","PPA2",0.830865738489226,0.987790453841785,0.0456313708302566,1,2361.27236619142,0.0369543320887563
"11236","LILRA2",0.830880746294026,0.987790453841785,0.0456231488351349,1,2361.27236619142,0.12303842429183
"6045","ZNF438",0.83088719948467,0.987790453841785,0.0456196137060027,1,2361.27236619142,-0.0240683537976703
"11219","TFPT",0.831072067881011,0.987790453841785,0.0455184015712784,1,2361.27236619142,0.0412778848608024
"11494","EIF6",0.83108364588913,0.987790453841785,0.0455120667297781,1,2361.27236619142,0.0495582252481765
"7857","POLR1D",0.831140559524139,0.987790453841785,0.0454809334585122,1,2361.27236619142,0.0407066973063896
"10868","SDHAF1",0.831228077736101,0.987790453841785,0.0454330803997435,1,2361.27236619142,-0.111630850104603
"1967","CATIP",0.831277353546548,0.987790453841785,0.0454061490428539,1,2361.27236619142,-0.315712517402767
"10314","TCF4",0.831421522480535,0.987790453841785,0.0453274024331563,1,2361.27236619142,0.0285047965647713
"10802","ZNF724",0.831430952517924,0.987790453841785,0.0453222541354985,1,2361.27236619142,0.189717790742102
"10034","ABCA5",0.831641568958116,0.987790453841785,0.0452073484290216,1,2361.27236619142,-0.108187314096355
"2115","ATG7",0.831680371604169,0.987790453841785,0.0451861955551337,1,2361.27236619142,-0.0211324927098825
"3201","GASK1B",0.831700887559042,0.987790453841785,0.04517501357869,1,2361.27236619142,-0.0406523239004111
"2260","CCDC12",0.831790182103459,0.987790453841785,0.0451263614984501,1,2361.27236619142,-0.0541575375120671
"7221","CLSTN3",0.83190773530364,0.987790453841785,0.0450623544772102,1,2361.27236619142,0.355989226706338
"1366","YPEL5",0.832037275531171,0.987790453841785,0.0449918755704899,1,2361.27236619142,-0.0418848159035548
"631","LRIF1",0.832042536146731,0.987790453841785,0.044989014647152,1,2361.27236619142,-0.0526705376708542
"1431","SOCS5",0.832080511057333,0.987790453841785,0.0449683652624621,1,2361.27236619142,-0.0988934212998051
"11100","RPL18",0.832213472484571,0.987790453841785,0.0448961046716735,1,2361.27236619142,0.0190243561854098
"6764","PYGM",0.832250875799224,0.987790453841785,0.0448757880220659,1,2361.27236619142,0.39673182195822
"11653","GID8",0.832345341965973,0.987790453841785,0.0448244974879827,1,2361.27236619142,0.0612320696221227
"5399","MROH6",0.832576876404238,0.987790453841785,0.0446989151327346,1,2361.27236619142,0.148590835944577
"11407","SPTLC3",0.832597883189911,0.987790453841785,0.0446875303333326,1,2361.27236619142,0.0732918125628646
"5023","PTPRN2",0.832725816587839,0.987790453841785,0.0446182284853883,1,2361.27236619142,-0.22680517434162
"11443","APMAP",0.832789473133286,0.987790453841785,0.0445837665032749,1,2361.27236619142,0.0353077986762921
"3702","UBLCP1",0.832921984535617,0.987790453841785,0.0445120729168276,1,2361.27236619142,0.0530494416974105
"5603","PRUNE2",0.832924805565441,0.987790453841785,0.044510547290089,1,2361.27236619142,-0.0942426013600588
"8701","PKM",0.832963426837979,0.987790453841785,0.0444896634630639,1,2361.27236619142,0.0220659108016335
"10048","CD300C",0.833004163287538,0.987790453841785,0.0444676414349319,1,2361.27236619142,0.122405722545391
"4769","ZSCAN21",0.833085919641483,0.987790453841785,0.0444234613251244,1,2361.27236619142,-0.138312327664306
"5906","ENTR1",0.833105530020076,0.987790453841785,0.0444128675323826,1,2361.27236619142,-0.0664667376953071
"6157","MSS51",0.83321418994463,0.987790453841785,0.0443541918754508,1,2361.27236619142,-0.17970296843824
"7623","C12orf73",0.833263509699061,0.987790453841785,0.0443275728918421,1,2361.27236619142,0.0988756991788433
"4334","IFNGR1",0.833345797382492,0.987790453841785,0.0442831789483939,1,2361.27236619142,-0.0263115243240255
"12396","UBE2A",0.833351495653757,0.987790453841785,0.0442801056090686,1,2361.27236619142,-0.0457406254548959
"9042","DCUN1D3",0.833450949915874,0.987790453841785,0.0442264832942296,1,2361.27236619142,-0.155849822300672
"8631","GTF2A2",0.833465960561254,0.987790453841785,0.0442183930174696,1,2361.27236619142,0.0416711483385344
"4962","TCAF2",0.833488135282855,0.987790453841785,0.0442064429377011,1,2361.27236619142,0.166209440920136
"10558","FBXL12",0.833498891387942,0.987790453841785,0.0442006470207428,1,2361.27236619142,0.0850350624821802
"5980","UPF2",0.833556893887172,0.987790453841785,0.0441693992681088,1,2361.27236619142,-0.0396681330597164
"12050","TTLL1",0.833575275122231,0.987790453841785,0.0441594991318367,1,2361.27236619142,-0.160953320716596
"9800","CCR7",0.833687080399074,0.987790453841785,0.0440993057477129,1,2361.27236619142,-10
"174","KDM1A",0.833711835762027,0.987790453841785,0.0440859838268802,1,2361.27236619142,0.0543546518331254
"1229","CEP170",0.833805287778056,0.987790453841785,0.0440357122333616,1,2361.27236619142,-0.0252889531131994
"10766","RFXANK",0.833887363481078,0.987790453841785,0.04399158511175,1,2361.27236619142,0.0626460158535167
"4210","UBE2J1",0.833933153595395,0.987790453841785,0.0439669765838183,1,2361.27236619142,-0.0476609322893372
"7564","PPP1R12A",0.834000245713827,0.987790453841785,0.0439309329114788,1,2361.27236619142,-0.0265914892888147
"1698","TMEM37",0.834029392926665,0.987790453841785,0.0439152790603565,1,2361.27236619142,-0.052369143209689
"3610","CYSTM1",0.834084328601626,0.987790453841785,0.0438857831307254,1,2361.27236619142,-0.0293200133251843
"10398","PCSK4",0.83412015837529,0.987790453841785,0.0438665510686048,1,2361.27236619142,-0.219559333071505
"11348","TBC1D20",0.8342320925279,0.987829730185289,0.0438064974081775,1,2361.27236619142,0.0564973213368373
"6784","MRPL49",0.83439871245254,0.987832369569762,0.0437171838729402,1,2361.27236619142,0.0761180732502086
"4319","SLC18B1",0.834407865143201,0.987832369569762,0.0437122804983047,1,2361.27236619142,-0.0510686453891495
"9150","PHKG2",0.834520556338984,0.987832369569762,0.0436519319205923,1,2361.27236619142,0.0755685891045809
"7906","LACC1",0.834656940101054,0.987832369569762,0.0435789536476358,1,2361.27236619142,-0.0294976841096736
"4311","EPB41L2",0.834694194314212,0.987832369569762,0.0435590301827429,1,2361.27236619142,0.0389895513555205
"171","C1QC",0.834711265045289,0.987832369569762,0.0435499023844647,1,2361.27236619142,0.0247021638284048
"9722","ZNF207",0.834856318374053,0.987832369569762,0.0434723819762244,1,2361.27236619142,-0.0275396649045319
"8034","TEP1",0.834919479445079,0.987832369569762,0.0434386495171939,1,2361.27236619142,-0.0597354585922252
"10341","SOCS6",0.834943235582448,0.987832369569762,0.0434259656026608,1,2361.27236619142,-0.0502363191192972
"3682","ATOX1",0.835210134183874,0.988054928101119,0.0432835954895228,1,2361.27236619142,0.0230955177897917
"11154","POLD1",0.835383594379808,0.988166917290811,0.0431911984139769,1,2361.27236619142,0.0951787703048499
"3221","SH3RF1",0.835595518620922,0.98826781712134,0.0430784524593171,1,2361.27236619142,0.0454992916765793
"10031","PRKAR1A",0.835651896058436,0.98826781712134,0.0430484849441817,1,2361.27236619142,0.0310943698279576
"10203","MYL12B",0.835705302653043,0.98826781712134,0.0430201066166438,1,2361.27236619142,-0.0230685395057667
"7289","RECQL",0.835923073647398,0.988432139035642,0.0429044920336215,1,2361.27236619142,-0.0454251233928903
"9526","SLC16A13",0.836068338635014,0.988506448883245,0.0428274610810221,1,2361.27236619142,-0.213979604322706
"2904","PI4K2B",0.836263620275717,0.988506448883245,0.0427240210829837,1,2361.27236619142,0.046158334307907
"2299","RHOA",0.836310213931541,0.988506448883245,0.0426993598578577,1,2361.27236619142,0.0187662278245089
"5437","PPP1R16A",0.836414032035385,0.988506448883245,0.042644437408963,1,2361.27236619142,0.142304470536462
"1888","PLCL1",0.836419550044796,0.988506448883245,0.0426415192714078,1,2361.27236619142,-0.0530834681443769
"6887","NUMA1",0.83662981732478,0.988506448883245,0.0425303993333659,1,2361.27236619142,-0.0393764713767417
"896","NIT1",0.836662589251884,0.988506448883245,0.0425130939689941,1,2361.27236619142,0.074357279744755
"10182","FOXK2",0.836720284427177,0.988506448883245,0.0424826366913373,1,2361.27236619142,0.0416525746048418
"379","HYI",0.836883405124006,0.988506448883245,0.0423965868465018,1,2361.27236619142,-0.126671693859281
"9613","LRRC75A",0.837128753496194,0.988506448883245,0.0422673312880855,1,2361.27236619142,0.184421573065969
"2164","TOP2B",0.837175949323154,0.988506448883245,0.0422424909531234,1,2361.27236619142,-0.0404836151476971
"11832","DGCR8",0.837323354094689,0.988506448883245,0.0421649571621882,1,2361.27236619142,0.112360874576869
"6291","NPM3",0.837333067522517,0.988506448883245,0.0421598505796026,1,2361.27236619142,-0.129233678607791
"6638","SPI1",0.837379407312394,0.988506448883245,0.0421354930740329,1,2361.27236619142,0.0188583743369525
"1374","SPAST",0.837419508563879,0.988506448883245,0.0421144206409689,1,2361.27236619142,0.0420755918509301
"12031","MEI1",0.83744642946772,0.988506448883245,0.0421002773073584,1,2361.27236619142,0.159327480921787
"5707","KLF4",0.837466109223038,0.988506448883245,0.0420899397947566,1,2361.27236619142,0.31621999632611
"1142","DISP1",0.837481109662436,0.988506448883245,0.0420820611526818,1,2361.27236619142,0.0448679281652555
"12536","AC011043.1",0.837492027027677,0.988506448883245,0.0420763275363034,1,2361.27236619142,0.315563319755709
"10998","PINLYP",0.83757394021375,0.988506448883245,0.042033321095133,1,2361.27236619142,0.229200238870753
"10995","ETHE1",0.837641179513774,0.988506448883245,0.0419980359302648,1,2361.27236619142,-0.0587420219754527
"4274","FRK",0.837895675818785,0.988557988598077,0.0418646237072197,1,2361.27236619142,-0.335643269228963
"10983","ZNF574",0.838050048806203,0.988557988598077,0.0417838059398555,1,2361.27236619142,0.156139366537326
"5578","PGM5",0.838108104674933,0.988557988598077,0.0417534334217937,1,2361.27236619142,0.355989227121238
"11161","SIGLEC7",0.838129021507466,0.988557988598077,0.0417424933872151,1,2361.27236619142,-0.0539246310261785
"6445","PIDD1",0.83823126375943,0.988557988598077,0.0416890395812941,1,2361.27236619142,-0.174502053417275
"2899","ADGRA3",0.838323997880613,0.988557988598077,0.0416405876235742,1,2361.27236619142,0.39779614894721
"7863","UBL3",0.838379880755922,0.988557988598077,0.041611403968192,1,2361.27236619142,-0.0359285854882077
"5579","PIP5K1B",0.838416316092764,0.988557988598077,0.0415923821191767,1,2361.27236619142,-0.190677831185538
"7991","CLYBL",0.838469664921661,0.988557988598077,0.0415645383905433,1,2361.27236619142,0.0553121211497427
"2187","CLASP2",0.838537153550274,0.988557988598077,0.0415293287542025,1,2361.27236619142,-0.0290301621553817
"11634","ATP5F1E",0.83855194025248,0.988557988598077,0.0415216164275732,1,2361.27236619142,-0.0165479169553188
"6174","COMTD1",0.838718273117326,0.988661139502245,0.0414349132851424,1,2361.27236619142,0.10553468304982
"7647","PRDM4",0.838875412039432,0.988669445741499,0.0413530892946523,1,2361.27236619142,0.0527625782712612
"7280","PTPRO",0.838927306200644,0.988669445741499,0.0413260859240861,1,2361.27236619142,-0.0494062441974377
"8246","ATP6V1D",0.839101472001729,0.988669445741499,0.0412355250632643,1,2361.27236619142,-0.0380022933601611
"11105","HSD17B14",0.839217743539493,0.988669445741499,0.0411751250119591,1,2361.27236619142,0.0574269366590196
"10833","UBA2",0.839333249471705,0.988669445741499,0.0411151683089224,1,2361.27236619142,0.0475882779178515
"5280","DPY19L4",0.839355941183967,0.988669445741499,0.0411033948629442,1,2361.27236619142,-0.0637086420416385
"9778","FBXL20",0.839414507128028,0.988669445741499,0.0410730164182605,1,2361.27236619142,0.0332780552922798
"8829","SV2B",0.839517857047009,0.988669445741499,0.0410194368236638,1,2361.27236619142,-0.315742497830024
"9114","TMEM219",0.8396806856858,0.988669445741499,0.0409350955936583,1,2361.27236619142,-0.0220488115142409
"6872","CPT1A",0.839709535525114,0.988669445741499,0.0409201615089328,1,2361.27236619142,-0.0511487479081527
"4703","SEMA3C",0.839710391388722,0.988669445741499,0.0409197185154799,1,2361.27236619142,0.0597996630944963
"1770","UPP2",0.839865270361621,0.988669445741499,0.0408395945329365,1,2361.27236619142,0.204780661961489
"8908","TSC2",0.839907952558177,0.988669445741499,0.0408175279951554,1,2361.27236619142,0.0754338340722273
"3398","AK6",0.84017307879583,0.988669445741499,0.040680597714987,1,2361.27236619142,-0.0670581349029915
"8173","PYGL",0.840182369187552,0.988669445741499,0.0406758038297551,1,2361.27236619142,-0.0386528384297162
"1557","MRPL19",0.84048443360342,0.988669445741499,0.0405200973368197,1,2361.27236619142,-0.0617783982331849
"682","PHGDH",0.840587594206833,0.988669445741499,0.0404669918527337,1,2361.27236619142,-0.341951635736877
"343","MFSD2A",0.840665397072588,0.988669445741499,0.0404269641073397,1,2361.27236619142,0.229583208137898
"2715","DNAJC19",0.840689326436148,0.988669445741499,0.0404146571560728,1,2361.27236619142,-0.0576532179956579
"10972","TMEM91",0.840794238343274,0.988669445741499,0.0403607236198963,1,2361.27236619142,-0.0528324167924342
"9902","NFE2L1",0.840795904289835,0.988669445741499,0.0403598674855625,1,2361.27236619142,-0.0446242928518868
"4521","FAM126A",0.840798518660154,0.988669445741499,0.0403585239728024,1,2361.27236619142,-0.0719454008795305
"6282","MRPL43",0.840804005319414,0.988669445741499,0.0403557044797459,1,2361.27236619142,-0.0547864028458923
"10941","DYRK1B",0.840976147749539,0.988669445741499,0.0402672956949991,1,2361.27236619142,-0.113110967368817
"8521","NUSAP1",0.841009867519773,0.988669445741499,0.0402499897322476,1,2361.27236619142,-0.151836512291197
"11525","CTNNBL1",0.841051869807036,0.988669445741499,0.0402284383536148,1,2361.27236619142,0.0364544635053887
"9002","NPIPB2",0.841161222754267,0.988669445741499,0.0401723575039935,1,2361.27236619142,-0.182618315116441
"10195","YES1",0.841230871065103,0.988669445741499,0.0401366600937474,1,2361.27236619142,-0.173755162739316
"6032","APBB1IP",0.841269292144886,0.988669445741499,0.0401169748915515,1,2361.27236619142,0.0260851680505804
"10222","MPPE1",0.841339955814256,0.988669445741499,0.0400807831751782,1,2361.27236619142,0.0596381107659489
"5205","ASPH",0.841382444543415,0.988669445741499,0.04005902995788,1,2361.27236619142,0.0338070635718639
"8316","FLVCR2",0.841384608575748,0.988669445741499,0.0400579221892313,1,2361.27236619142,-0.052837668271015
"2793","NCBP2",0.841569606403478,0.988669445741499,0.0399632806481765,1,2361.27236619142,0.0507649486926778
"2893","FAM184B",0.841767712851087,0.988669445741499,0.0398620620408521,1,2361.27236619142,0.181094403221444
"8977","RBFOX1",0.841854284948998,0.988669445741499,0.0398178716285406,1,2361.27236619142,0.216699638076993
"5458","RFX3",0.842019677354223,0.988669445741499,0.039733518523854,1,2361.27236619142,-0.0380477635523916
"3281","SEMA5A",0.842106835393319,0.988669445741499,0.0396891037717204,1,2361.27236619142,-0.175373831539383
"1576","USP39",0.842232277105894,0.988669445741499,0.0396252254199134,1,2361.27236619142,-0.0578463806353536
"2384","HESX1",0.842431668475724,0.988669445741499,0.0395237999491777,1,2361.27236619142,-0.0428976442322576
"623","CSF1",0.842603396921512,0.988669445741499,0.0394365542147244,1,2361.27236619142,-0.296080034925446
"5979","PROSER2",0.842622778212204,0.988669445741499,0.0394267139445536,1,2361.27236619142,-0.294177517924904
"572","DR1",0.842728625904428,0.988669445741499,0.0393729954646632,1,2361.27236619142,-0.0488781725893317
"6949","GAB2",0.842764825169334,0.988669445741499,0.0393546328068104,1,2361.27236619142,-0.0236045237841106
"12402","RNF113A",0.842794469305407,0.988669445741499,0.0393395986585961,1,2361.27236619142,0.0810648578671949
"4387","MTRF1L",0.842888051466161,0.988669445741499,0.0392921576588421,1,2361.27236619142,0.0646638783866681
"535","MCOLN2",0.84297771540396,0.988669445741499,0.0392467308871754,1,2361.27236619142,-0.0911193036625147
"10218","VAPA",0.843107507047105,0.988669445741499,0.0391810224381225,1,2361.27236619142,0.0239321961458285
"3219","PALLD",0.843134174333396,0.988669445741499,0.0391675289154741,1,2361.27236619142,0.102785618633822
"8214","GPR135",0.84317386143903,0.988669445741499,0.0391474518962338,1,2361.27236619142,-0.173281178045371
"3849","PHACTR1",0.843218982554985,0.988669445741499,0.039124632402431,1,2361.27236619142,-0.0695050570581798
"7933","RCBTB1",0.843304084882507,0.988669445741499,0.0390816116785423,1,2361.27236619142,-0.0719389578585031
"12392","PGRMC1",0.843395139825065,0.988669445741499,0.0390356090332531,1,2361.27236619142,-0.07206492675915
"5730","FKBP15",0.843408733916793,0.988669445741499,0.0390287434609905,1,2361.27236619142,0.0269086374076598
"4482","RAC1",0.843506805815986,0.988669445741499,0.0389792317301941,1,2361.27236619142,-0.0174986549660051
"4150","ZNF451",0.844202976086918,0.988669445741499,0.0386287075324237,1,2361.27236619142,0.038727712474071
"12291","OPHN1",0.84432826750148,0.988669445741499,0.0385657974645089,1,2361.27236619142,-0.0615803682164297
"1948","IKZF2",0.844335419599036,0.988669445741499,0.0385622079315789,1,2361.27236619142,-0.127082788394118
"3303","ADAMTS12",0.844338962344295,0.988669445741499,0.0385604299439195,1,2361.27236619142,0.314912492274132
"4505","TSPAN13",0.844348030822959,0.988669445741499,0.0385558789658339,1,2361.27236619142,0.356843127042722
"3522","SEMA6A",0.844535834439536,0.988669445741499,0.0384616932056821,1,2361.27236619142,0.314913065369918
"2626","SLC9A9",0.844576743974358,0.988669445741499,0.0384411924502097,1,2361.27236619142,-0.0291314824028883
"4702","CD36",0.844607723402481,0.988669445741499,0.0384256716869828,1,2361.27236619142,-0.0267052656117091
"10369","FSTL3",0.844643948145427,0.988669445741499,0.0384075271367457,1,2361.27236619142,-0.293317674565534
"5728","SLC46A2",0.844647810243427,0.988669445741499,0.0384055929194937,1,2361.27236619142,-0.205469257854467
"8216","JKAMP",0.84465080083059,0.988669445741499,0.038404095207344,1,2361.27236619142,-0.0434384945490725
"9514","MIS12",0.844661936699445,0.988669445741499,0.0383985185337429,1,2361.27236619142,0.0938835263822744
"4055","PIM1",0.844754843210899,0.988669445741499,0.0383520087545389,1,2361.27236619142,0.206687985057888
"4569","AOAH",0.844808032053917,0.988669445741499,0.0383253951465386,1,2361.27236619142,-0.0226908570721107
"7939","DLEU7",0.844813680258603,0.988669445741499,0.0383225695700938,1,2361.27236619142,0.0933422854344737
"9952","SCPEP1",0.844867529345622,0.988669445741499,0.0382956364036017,1,2361.27236619142,-0.0319920547958736
"483","EFCAB7",0.844912224012056,0.988669445741499,0.038273289378909,1,2361.27236619142,-0.169654885650324
"5084","PPP3CC",0.845062668612776,0.988669445741499,0.0381981178753059,1,2361.27236619142,-0.0396025508899129
"6021","DNAJC1",0.845076081013032,0.988669445741499,0.0381914199284495,1,2361.27236619142,0.0346615542916986
"8809","ARPIN",0.845108066292531,0.988669445741499,0.0381754494314907,1,2361.27236619142,0.0429365853558411
"6895","PDE2A",0.845155988895087,0.988669445741499,0.038151527795483,1,2361.27236619142,0.135312842368847
"5248","IMPA1",0.845198372887175,0.988669445741499,0.0381303773664345,1,2361.27236619142,0.0538097999724265
"6041","WAC",0.845199268781964,0.988669445741499,0.0381299303633685,1,2361.27236619142,0.0234498186102239
"4687","SSC4D",0.845348786144765,0.988669445741499,0.0380553673885117,1,2361.27236619142,-0.214165582512419
"7106","JHY",0.84536632411858,0.988669445741499,0.0380466263214375,1,2361.27236619142,0.220497532872199
"6166","CAMK2G",0.845401449751088,0.988669445741499,0.0380291225579376,1,2361.27236619142,0.0616170200703837
"4864","LSMEM1",0.845473766711779,0.988669445741499,0.0379930988191346,1,2361.27236619142,-0.205193899415238
"11250","PPP6R1",0.845530459896569,0.988669445741499,0.0379648702480931,1,2361.27236619142,0.0421027179181873
"4345","CITED2",0.845560368315851,0.988669445741499,0.037949982687989,1,2361.27236619142,0.0450732303457702
"1954","PECR",0.845585515183337,0.988669445741499,0.0379374676380121,1,2361.27236619142,-0.142933962528482
"5104","DOCK5",0.845587541173345,0.988669445741499,0.0379364594400216,1,2361.27236619142,0.0304300116555782
"6893","INPPL1",0.845701779833748,0.988669445741499,0.037879633093626,1,2361.27236619142,-0.0492145136289569
"10819","NUDT19",0.845745977574364,0.988669445741499,0.0378576594357727,1,2361.27236619142,-0.0887622746919811
"4891","LEP",0.845833081701319,0.988669445741499,0.037814373507819,1,2361.27236619142,-0.352706756634722
"10495","MLLT1",0.845962224072212,0.988669445741499,0.0377502441914603,1,2361.27236619142,0.0813010517103609
"105","KIAA2013",0.84600419917481,0.988669445741499,0.0377294124228972,1,2361.27236619142,-0.0418423667735501
"1382","FAM98A",0.846207656010339,0.988669445741499,0.0376285236396658,1,2361.27236619142,-0.0670393188497237
"11093","KDELR1",0.846365375485838,0.988669445741499,0.0375504112172245,1,2361.27236619142,-0.0322366159560116
"4523","NUP42",0.846517766906485,0.988669445741499,0.0374750175637146,1,2361.27236619142,0.049277621869789
"4305","CENPW",0.846606492010215,0.988669445741499,0.037431158188472,1,2361.27236619142,0.0998838204842661
"330","SF3A3",0.846808197176174,0.988669445741499,0.0373315486381892,1,2361.27236619142,-0.0537415733415761
"3634","RELL2",0.846812924493379,0.988669445741499,0.0373292157633654,1,2361.27236619142,0.170194754973619
"2773","XXYLT1",0.846846039560386,0.988669445741499,0.0373128759916839,1,2361.27236619142,-0.074243271272015
"7927","CYSLTR2",0.846993149888737,0.988669445741499,0.037240333064417,1,2361.27236619142,-0.0929101806149717
"5059","MICU3",0.847023026521188,0.988669445741499,0.0372256092680803,1,2361.27236619142,0.105379179850009
"10146","ACTG1",0.847254426604629,0.988669445741499,0.0371116729817342,1,2361.27236619142,-0.0234225945282833
"4477","PMS2",0.847282871710754,0.988669445741499,0.0370976797404558,1,2361.27236619142,-0.079082383098484
"10489","DUS3L",0.847287616710112,0.988669445741499,0.0370953457591696,1,2361.27236619142,0.146453356605463
"7495","DDIT3",0.847297258847242,0.988669445741499,0.0370906031969868,1,2361.27236619142,-0.051643643486097
"8982","PMM2",0.847621821492362,0.988669445741499,0.0369311478743562,1,2361.27236619142,-0.0666340032043987
"6273","CHUK",0.847666611170765,0.988669445741499,0.0369091709920911,1,2361.27236619142,0.0582792352167167
"2843","NOP14",0.84772319774276,0.988669445741499,0.0368814154434069,1,2361.27236619142,-0.0903456459607049
"1362","WDR43",0.847766017160608,0.988669445741499,0.0368604198386464,1,2361.27236619142,0.0580580758730702
"6410","LRRC27",0.847867944030366,0.988669445741499,0.0368104670695795,1,2361.27236619142,-0.0781019819715771
"2375","SELENOK",0.847870710114851,0.988669445741499,0.0368091119441664,1,2361.27236619142,-0.0364195674687884
"168","CDC42",0.847930668703157,0.988669445741499,0.0367797441408129,1,2361.27236619142,-0.0201209865321674
"65","DNAJC11",0.847933014136346,0.988669445741499,0.0367785955912048,1,2361.27236619142,0.0650371410499903
"2852","STX18",0.848009777363945,0.988669445741499,0.0367410151964329,1,2361.27236619142,-0.0437017573229173
"9256","CBFB",0.848097204897304,0.988669445741499,0.0366982382154156,1,2361.27236619142,0.0376224202626603
"11051","VASP",0.848143401755361,0.988669445741499,0.0366756452163623,1,2361.27236619142,-0.0419640706974343
"10357","HSBP1L1",0.8481897954449,0.988669445741499,0.0366529632131298,1,2361.27236619142,0.0566304840706487
"10508","TRIP10",0.84827898671815,0.988669445741499,0.0366093777844451,1,2361.27236619142,-0.103308587029341
"8222","MNAT1",0.848368228240831,0.988669445741499,0.0365657947019481,1,2361.27236619142,-0.053365566621667
"269","KPNA6",0.848402842650446,0.988669445741499,0.0365488972275365,1,2361.27236619142,-0.0394324311560191
"11811","MICAL3",0.848429634559894,0.988669445741499,0.0365358211874644,1,2361.27236619142,0.109825320142725
"2890","QDPR",0.848513730527122,0.988669445741499,0.0364947931218386,1,2361.27236619142,-0.0607953799074743
"6134","EIF4EBP2",0.848535605084362,0.988669445741499,0.0364841250537775,1,2361.27236619142,0.0472955125743385
"3965","HSPA1B",0.848578237284435,0.988669445741499,0.0364633382738297,1,2361.27236619142,-0.0999543567100885
"3160","SCOC",0.84859504622287,0.988669445741499,0.0364551441913826,1,2361.27236619142,0.0487167390257544
"1738","MCM6",0.848772222388219,0.988669445741499,0.0363688317540661,1,2361.27236619142,-0.116541385596974
"4285","DCBLD1",0.848914679124103,0.988669445741499,0.0362995099867324,1,2361.27236619142,-0.069716869855074
"10813","URI1",0.848998501937896,0.988669445741499,0.0362587524657174,1,2361.27236619142,-0.0381192305776319
"9517","KIAA0753",0.849032205774498,0.988669445741499,0.0362423711942805,1,2361.27236619142,0.0741489052511944
"9077","IL21R",0.849036519106933,0.988669445741499,0.036240275037104,1,2361.27236619142,0.193479451410216
"10905","ZNF573",0.849038120934041,0.988669445741499,0.0362394966105757,1,2361.27236619142,0.0954489441088658
"7508","CTDSP2",0.849079238344724,0.988669445741499,0.0362195180915378,1,2361.27236619142,0.0570206845605496
"5907","PMPCA",0.849080948387159,0.988669445741499,0.0362186873234703,1,2361.27236619142,-0.0695807135613756
"531","GNG5",0.849268880782466,0.988669445741499,0.0361274466903263,1,2361.27236619142,0.0200426203676838
"72","RERE",0.84932558043402,0.988669445741499,0.0360999425859127,1,2361.27236619142,-0.0200612441535491
"5108","BNIP3L",0.849394100237681,0.988669445741499,0.0360667191933474,1,2361.27236619142,-0.0233990156147903
"1318","DTNB",0.849407901828339,0.988669445741499,0.0360600290941892,1,2361.27236619142,-0.0381285312764403
"8795","MRPL46",0.84960044504071,0.988669445741499,0.0359667639129842,1,2361.27236619142,0.076630265348038
"9247","CMTM4",0.84962937909588,0.988669445741499,0.0359527594831728,1,2361.27236619142,-0.0861183520092414
"10346","CNDP1",0.849672888950743,0.988669445741499,0.0359317055096673,1,2361.27236619142,-0.28092225715201
"1882","COQ10B",0.849731739749081,0.988669445741499,0.0359032383741199,1,2361.27236619142,-0.0510396447817596
"9857","G6PC3",0.849774278140168,0.988669445741499,0.03588266910467,1,2361.27236619142,0.0838936197206419
"799","UBAP2L",0.849841051359011,0.988669445741499,0.0358503934944282,1,2361.27236619142,-0.0424135263624358
"5692","TMEFF1",0.850021144738586,0.98867888071522,0.0357634182649686,1,2361.27236619142,-0.277499162320185
"2005","RHBDD1",0.85002344105486,0.98867888071522,0.0357623099765312,1,2361.27236619142,0.0544217827332948
"6726","TTC9C",0.850095087255305,0.98867888071522,0.035727739765582,1,2361.27236619142,-0.0553808175603595
"9366","GAN",0.850231119933876,0.98867888071522,0.035662149897384,1,2361.27236619142,-0.120384207504367
"3488","ERAP2",0.850243340125481,0.98867888071522,0.0356562608333094,1,2361.27236619142,-0.0638114329764682
"3038","HPSE",0.850334842091522,0.988693607887055,0.0356121808882557,1,2361.27236619142,-0.0532549473859787
"11723","GART",0.850432266634657,0.988715217935036,0.0355652788493831,1,2361.27236619142,-0.0576279836997001
"2698","NCEH1",0.850565884025564,0.988723385769618,0.0355010049282895,1,2361.27236619142,-0.0263440724046435
"11646","ADRM1",0.850638299993638,0.988723385769618,0.0354661958556239,1,2361.27236619142,0.0422969237919612
"8509","RPUSD2",0.850675809939732,0.988723385769618,0.0354481724396727,1,2361.27236619142,-0.162848426489826
"10800","ZNF257",0.85080109836552,0.988777367676952,0.0353880061082776,1,2361.27236619142,0.224093154333465
"9433","RFLNB",0.850960825193554,0.988832791247262,0.0353113784035263,1,2361.27236619142,-0.0816068414249159
"11173","SPACA6",0.851006484006993,0.988832791247262,0.0352894897455807,1,2361.27236619142,0.0580842241581764
"5530","RPP25L",0.851270230410535,0.988976251320321,0.035163188241458,1,2361.27236619142,-0.0815389612530676
"4244","AFG1L",0.851340483168498,0.988976251320321,0.0351295854977452,1,2361.27236619142,-0.0572571222669746
"6588","CSTF3",0.851408828821204,0.988976251320321,0.0350969109023076,1,2361.27236619142,-0.0456257357772795
"5463","RCL1",0.851501257280907,0.988976251320321,0.0350527478620036,1,2361.27236619142,-0.147344579402689
"9455","SMYD4",0.851651599589568,0.988976251320321,0.0349809746044363,1,2361.27236619142,0.0725235158220841
"4695","GSAP",0.851892151059887,0.988976251320321,0.0348662939339923,1,2361.27236619142,-0.026892683575739
"5226","XKR9",0.851907063927853,0.988976251320321,0.0348591907778907,1,2361.27236619142,0.31556332014502
"2047","ILKAP",0.851976956547629,0.988976251320321,0.0348259101659787,1,2361.27236619142,0.0521073695600282
"5303","SPAG1",0.852277163436717,0.988976251320321,0.0346831483608045,1,2361.27236619142,0.104127138645995
"6620","MAPK8IP1",0.852349429768344,0.988976251320321,0.0346488277933984,1,2361.27236619142,0.287066225441312
"5294","LAPTM4B",0.852377259060246,0.988976251320321,0.0346356158552502,1,2361.27236619142,-0.269113196395523
"10469","LRG1",0.852532998898287,0.988976251320321,0.0345617265789204,1,2361.27236619142,0.21203539933777
"6197","MINPP1",0.852551776741117,0.988976251320321,0.0345528231253671,1,2361.27236619142,0.0852363248666346
"7918","LRCH1",0.852634805761663,0.988976251320321,0.0345134694060054,1,2361.27236619142,0.0360645758329212
"9429","CENPBD1",0.852683317501215,0.988976251320321,0.0344904867677179,1,2361.27236619142,-0.0837425915412081
"5212","DNAJC5B",0.852850747237015,0.988976251320321,0.0344112270593427,1,2361.27236619142,0.0935483800526302
"11663","TNFRSF6B",0.852971643099659,0.988976251320321,0.0343540546974692,1,2361.27236619142,-0.269959650991635
"11627","RAB22A",0.852999503321614,0.988976251320321,0.034340886406085,1,2361.27236619142,-0.0442724791577757
"9238","SETD6",0.853004231564983,0.988976251320321,0.0343386518342911,1,2361.27236619142,-0.191666066556807
"7358","PFKM",0.853099439043008,0.988976251320321,0.0342936727022711,1,2361.27236619142,-0.157180455175292
"10261","RNF125",0.853230324197378,0.988976251320321,0.0342318880330646,1,2361.27236619142,0.0758264392149785
"2227","GASK1A",0.853241506267795,0.988976251320321,0.034226612179764,1,2361.27236619142,-0.299340222246541
"1453","MTIF2",0.853243276396076,0.988976251320321,0.0342257770476559,1,2361.27236619142,-0.0494613863802494
"5687","STX17",0.853258987017736,0.988976251320321,0.0342183653660994,1,2361.27236619142,0.0366229418140844
"9026","ARL6IP1",0.853383121214206,0.988976251320321,0.0341598327010006,1,2361.27236619142,-0.0240279184095181
"11322","ZNF274",0.853484281380786,0.988976251320321,0.0341121712372926,1,2361.27236619142,0.046739402999579
"140","PADI4",0.853497168722415,0.988976251320321,0.0341061018562062,1,2361.27236619142,0.292379461916586
"8239","CHURC1",0.853505483924759,0.988976251320321,0.0341021860515644,1,2361.27236619142,-0.0243945903361769
"2703","ZMAT3",0.853920616989882,0.988976251320321,0.0339069865934625,1,2361.27236619142,0.0395134858714684
"2695","PLD1",0.853976868510332,0.988976251320321,0.0338805811657751,1,2361.27236619142,0.0337059030451121
"9377","DNAAF1",0.854036826292715,0.988976251320321,0.0338524476635332,1,2361.27236619142,0.205917183899293
"9362","CENPN",0.854060038203998,0.988976251320321,0.0338415593712025,1,2361.27236619142,-0.127433594777038
"5188","LYPLA1",0.854108009479205,0.988976251320321,0.0338190626417921,1,2361.27236619142,-0.0303765131010306
"117","FHAD1",0.854152324079165,0.988976251320321,0.0337982876272568,1,2361.27236619142,0.089520192829992
"7336","LRRK2",0.854206155743472,0.988976251320321,0.033773059818702,1,2361.27236619142,0.0384073662475004
"5355","TATDN1",0.854273931717937,0.988976251320321,0.0337413109599014,1,2361.27236619142,-0.0591597166529534
"2795","PIGZ",0.854368447788838,0.988976251320321,0.0336970617856173,1,2361.27236619142,0.133731359071559
"10544","MYO1F",0.854401973751224,0.988976251320321,0.0336813732938461,1,2361.27236619142,-0.0203654415105553
"7644","CRY1",0.854414728385816,0.988976251320321,0.0336754057473998,1,2361.27236619142,0.0922354934786911
"1242","CNST",0.854527915503679,0.988976251320321,0.0336224725184277,1,2361.27236619142,0.0495672724779754
"5783","RABEPK",0.854588205886942,0.988976251320321,0.0335942946089844,1,2361.27236619142,0.0855315014504072
"5511","TOPORS",0.854904740212389,0.988976251320321,0.0334465563019924,1,2361.27236619142,0.0511610391195442
"2141","EAF1",0.855145596893597,0.988976251320321,0.0333343649640442,1,2361.27236619142,-0.0605483590589357
"1180","RAB4A",0.855163812107857,0.988976251320321,0.0333258882166985,1,2361.27236619142,-0.036786995380802
"2052","HDAC4",0.855206425680342,0.988976251320321,0.0333060616460038,1,2361.27236619142,0.0390169450725755
"7098","ARHGEF12",0.855401379091346,0.988976251320321,0.0332154345332213,1,2361.27236619142,-0.0527735006053348
"8319","IFT43",0.855445827747512,0.988976251320321,0.0331947897454773,1,2361.27236619142,0.0732692892951272
"9904","SNX11",0.855449725264385,0.988976251320321,0.0331929798065423,1,2361.27236619142,-0.0450136313160212
"426","CMPK1",0.855474138403411,0.988976251320321,0.0331816439299162,1,2361.27236619142,0.0355121818673621
"9950","TRIM25",0.85557890908329,0.988976251320321,0.0331330179405269,1,2361.27236619142,-0.0300918451389082
"1290","GEN1",0.855590127115313,0.988976251320321,0.0331278136299261,1,2361.27236619142,-0.0739400213483978
"7355","VDR",0.855658551832501,0.988976251320321,0.0330960789275048,1,2361.27236619142,-0.0881864274544066
"10828","CEBPG",0.855743802494224,0.988976251320321,0.0330565625000675,1,2361.27236619142,0.0619805361026092
"10500","KHSRP",0.855909377748679,0.988976251320321,0.0329798827092842,1,2361.27236619142,-0.0442579091233792
"181","PITHD1",0.855938981816495,0.988976251320321,0.0329661824201024,1,2361.27236619142,0.0351485635353779
"6400","ADAM12",0.856106252914442,0.988976251320321,0.0328888272665877,1,2361.27236619142,0.134257232715951
"3274","ICE1",0.856164400960863,0.988976251320321,0.0328619584657301,1,2361.27236619142,0.0411840456665054
"2353","DNAH1",0.856337615891785,0.988976251320321,0.0327819872554881,1,2361.27236619142,0.0830027078266266
"10438","GNA15",0.856358961905638,0.988976251320321,0.0327721390266084,1,2361.27236619142,0.0409600327989471
"12352","ARMCX2",0.856374828147196,0.988976251320321,0.0327648199436392,1,2361.27236619142,0.166950401575969
"8053","RAB2B",0.856387633625646,0.988976251320321,0.0327589134035491,1,2361.27236619142,-0.055206051863687
"12093","ODF3B",0.856410486649512,0.988976251320321,0.0327483737891412,1,2361.27236619142,0.0433762550700259
"9081","XPO6",0.856506737303529,0.988976251320321,0.0327040030509674,1,2361.27236619142,-0.0339233038924824
"900","PPOX",0.856564615201809,0.988976251320321,0.032677336784516,1,2361.27236619142,0.123102264579003
"8402","DEGS2",0.856620819970601,0.988976251320321,0.0326514521334,1,2361.27236619142,0.27642080695199
"11284","AURKC",0.856621200604114,0.988976251320321,0.0326512768718241,1,2361.27236619142,0.276421066734655
"11130","PRRG2",0.856621853336682,0.988976251320321,0.0326509763241723,1,2361.27236619142,0.276421200903828
"130","CPLANE2",0.856648279003804,0.988976251320321,0.0326388099491178,1,2361.27236619142,0.277385713639805
"5282","CCNE2",0.85664884043705,0.988976251320321,0.0326385514906939,1,2361.27236619142,0.277385713641485
"8478","CHRM5",0.856650109089598,0.988976251320321,0.0326379674644447,1,2361.27236619142,0.277385713639791
"12325","ATP7A",0.856859924658265,0.988986291138001,0.0325414527641432,1,2361.27236619142,0.0645133172056873
"2821","CTBP1",0.856982748921959,0.988986291138001,0.0324850223480646,1,2361.27236619142,-0.0559070774429058
"2025","DIS3L2",0.857035241595541,0.988986291138001,0.0324609205207928,1,2361.27236619142,0.0415604119920469
"8572","SLC30A4",0.857097662505665,0.988986291138001,0.0324322721982058,1,2361.27236619142,-0.170978331137718
"4485","GRID2IP",0.857229772835606,0.988986291138001,0.0323716827031667,1,2361.27236619142,-0.260131485261486
"4952","SSBP1",0.857246335568709,0.988986291138001,0.0323640906958796,1,2361.27236619142,-0.0332325344395615
"7797","DHX37",0.857271173736748,0.988986291138001,0.0323527071266964,1,2361.27236619142,-0.109117714628835
"3878","KIAA0319",0.85728968750189,0.988986291138001,0.0323442234362883,1,2361.27236619142,0.142204867253285
"1099","PLXNA2",0.857454956786774,0.989085965145597,0.0322685418340172,1,2361.27236619142,0.0899667009507676
"6237","TCTN3",0.857651253603049,0.989163737667837,0.0321787707095463,1,2361.27236619142,-0.093720215611905
"4192","ME1",0.857703085773248,0.989163737667837,0.0321550881861822,1,2361.27236619142,-0.0385905363927017
"3364","GPBP1",0.857873855069615,0.989163737667837,0.032077126019327,1,2361.27236619142,0.0228740010104057
"11668","ZBTB46",0.857876035597582,0.989163737667837,0.0320761311634086,1,2361.27236619142,0.070096817396093
"11073","TMEM160",0.857937763928148,0.989163737667837,0.0320479745001837,1,2361.27236619142,0.0318430074630685
"1468","XPO1",0.858039523488134,0.989163737667837,0.0320015859097867,1,2361.27236619142,-0.0264351564761397
"2959","SPATA18",0.85813960798276,0.989163737667837,0.0319559947433999,1,2361.27236619142,0.206311548705068
"3493","ST8SIA4",0.858246957603874,0.989163737667837,0.0319071313945466,1,2361.27236619142,-0.0213373592349435
"7467","RNF41",0.858298987818415,0.989163737667837,0.0318834621874223,1,2361.27236619142,0.0680579504404267
"7067","IL10RA",0.858311122980735,0.989163737667837,0.0318779430508824,1,2361.27236619142,-0.0208304274176574
"7584","CRADD",0.858404289658035,0.989180207351045,0.0318355867695192,1,2361.27236619142,0.0434876993572874
"4581","MPLKIP",0.858825438949487,0.989511002996811,0.031644482531317,1,2361.27236619142,-0.046558916412099
"7044","NCAM1",0.858849156177362,0.989511002996811,0.0316337380568011,1,2361.27236619142,0.395678083265
"1294","LAPTM4A",0.85896563196772,0.989519088993778,0.0315809990403215,1,2361.27236619142,0.0210789084566286
"4956","EPHB6",0.859216631630821,0.989519088993778,0.0314675033107007,1,2361.27236619142,-0.10278041443083
"7855","MTIF3",0.859291126397722,0.989519088993778,0.0314338592065381,1,2361.27236619142,0.0366743332181492
"495","MIER1",0.859299574675961,0.989519088993778,0.0314300448787926,1,2361.27236619142,-0.0258465155959458
"1562","TRABD2A",0.859350003374723,0.989519088993778,0.03140728170355,1,2361.27236619142,-0.13101796915857
"1457","PNPT1",0.859400077365023,0.989519088993778,0.031384687056881,1,2361.27236619142,0.0280793457744083
"2062","MTERF4",0.85940849352685,0.989519088993778,0.0313808902956575,1,2361.27236619142,-0.0546758909332131
"6890","ANAPC15",0.859957419609773,0.989584423894814,0.031133766187483,1,2361.27236619142,0.0815676723805715
"518","ST6GALNAC3",0.860001625630621,0.989584423894814,0.0311139086598388,1,2361.27236619142,0.155714421783507
"7661","UBE3B",0.860152096769057,0.989584423894814,0.0310463653562372,1,2361.27236619142,0.0543733634703963
"734","TARS2",0.860213079775683,0.989584423894814,0.0310190129262716,1,2361.27236619142,-0.0757017295282188
"9921","TAC4",0.860303237641341,0.989584423894814,0.0309785975987147,1,2361.27236619142,0.275944988126005
"3609","IGIP",0.860340689677054,0.989584423894814,0.0309618168515249,1,2361.27236619142,-0.151152042491297
"2735","EIF4G1",0.860379272895518,0.989584423894814,0.0309445341684095,1,2361.27236619142,-0.0343684444519548
"10210","PTPRM",0.860528146278636,0.989584423894814,0.0308778955431443,1,2361.27236619142,-0.0319720109591776
"1332","OST4",0.860536131231375,0.989584423894814,0.0308743234151771,1,2361.27236619142,-0.0214984095051831
"4713","DBF4",0.860861942492612,0.989584423894814,0.0307287509789935,1,2361.27236619142,0.0681524409460482
"10109","TNRC6C",0.860931391254238,0.989584423894814,0.0306977671248863,1,2361.27236619142,0.0778107791095625
"5116","ZNF395",0.860949239759858,0.989584423894814,0.0306898067987314,1,2361.27236619142,0.0776183716110251
"7685","SH2B3",0.86109731142206,0.989584423894814,0.0306238087515706,1,2361.27236619142,0.025405108433661
"6105","RTKN2",0.861452038191671,0.989584423894814,0.0304659987959804,1,2361.27236619142,0.396731761100124
"3022","BMP2K",0.861555812899213,0.989584423894814,0.0304199111883347,1,2361.27236619142,-0.0201012087029132
"509","NEGR1",0.86166682831998,0.989584423894814,0.0303706476885196,1,2361.27236619142,0.107091425539554
"8456","ATP10A",0.86171543964447,0.989584423894814,0.0303490891847423,1,2361.27236619142,-0.0426752577447158
"11340","UBE2M",0.861755059762644,0.989584423894814,0.030331524000023,1,2361.27236619142,-0.0333556749555062
"5899","NACC2",0.861848576325448,0.989584423894814,0.0302900851389789,1,2361.27236619142,0.0608096038432859
"9981","HEATR6",0.861874005183253,0.989584423894814,0.0302788222042668,1,2361.27236619142,0.0791782200117979
"5347","C8orf76",0.861975178725903,0.989584423894814,0.0302340318494705,1,2361.27236619142,-0.0456968706485166
"9347","BCAR1",0.862012341874026,0.989584423894814,0.0302175879970778,1,2361.27236619142,0.315563319451695
"9758","TADA2A",0.862046603663122,0.989584423894814,0.0302024320130079,1,2361.27236619142,0.0732144151213747
"11115","SNRNP70",0.862120269452856,0.989584423894814,0.0301698586087284,1,2361.27236619142,-0.0359654282139745
"6670","ZFP91",0.862184254288943,0.989584423894814,0.0301415806031624,1,2361.27236619142,0.0311670191179652
"2420","RYBP",0.862298740503489,0.989584423894814,0.0300910176685308,1,2361.27236619142,0.0360905003853253
"10727","COLGALT1",0.862300720278936,0.989584423894814,0.030090143683598,1,2361.27236619142,0.0321109473630357
"7659","ACACB",0.862336701793945,0.989584423894814,0.0300742616845599,1,2361.27236619142,0.0731392529038334
"2221","SEC22C",0.862340171791247,0.989584423894814,0.0300727302793813,1,2361.27236619142,-0.0593245823759159
"3235","AGA",0.862391269647667,0.989584423894814,0.0300501840413085,1,2361.27236619142,-0.0784632694238948
"7926","RCBTB2",0.862531226428936,0.989584423894814,0.0299884745979473,1,2361.27236619142,-0.0199846025245878
"5118","FZD3",0.862532968759528,0.989584423894814,0.029987706784998,1,2361.27236619142,-0.0888116451636651
"534","SSX2IP",0.862555520644519,0.989584423894814,0.0299777694989249,1,2361.27236619142,0.108410796156905
"788","DENND4B",0.862574112171937,0.989584423894814,0.0299695785844488,1,2361.27236619142,-0.0406329157420168
"4042","SLC26A8",0.862601139573253,0.989584423894814,0.0299576731124231,1,2361.27236619142,-0.280361141215504
"10028","ARSG",0.862618351628036,0.989584423894814,0.029950092534548,1,2361.27236619142,0.0526514620331207
"11481","MAP1LC3A",0.862702423631804,0.989584423894814,0.0299130795223644,1,2361.27236619142,0.132048931208721
"151","CAPZB",0.862731107951246,0.989584423894814,0.0299004565368035,1,2361.27236619142,-0.015768695759391
"11393","GPCPD1",0.86274240105415,0.989584423894814,0.0298954875821132,1,2361.27236619142,-0.0282100723996202
"3379","ADAMTS6",0.86277670885887,0.989584423894814,0.0298803947885305,1,2361.27236619142,-0.0448699670505452
"4805","AP1S1",0.862778525560074,0.989584423894814,0.0298795956892379,1,2361.27236619142,-0.0459417403258434
"431","CDKN2C",0.862830895721057,0.989584423894814,0.0298565647342137,1,2361.27236619142,-0.146289844710647
"5525","UBAP1",0.862858278868495,0.989584423894814,0.0298445260206764,1,2361.27236619142,-0.0321994133248631
"3421","GCNT4",0.863017000079596,0.989675950804518,0.0297747951465166,1,2361.27236619142,-0.27853751926958
"4486","ZDHHC4",0.863198234990538,0.989755088445913,0.0296952760419511,1,2361.27236619142,0.0622143195735699
"5528","C9orf24",0.86337657894025,0.989755088445913,0.0296171322591844,1,2361.27236619142,-0.256373155292274
"7438","GTSF1",0.863408033109171,0.989755088445913,0.0296033611917145,1,2361.27236619142,0.27690145999386
"10838","ZNF599",0.863527321418079,0.989755088445913,0.0295511650925791,1,2361.27236619142,-0.250485707871468
"7407","ACVR1B",0.863659227435818,0.989755088445913,0.0294935031611511,1,2361.27236619142,-0.0534473632757348
"3845","NEDD9",0.863684043231952,0.989755088445913,0.0294826615626752,1,2361.27236619142,0.315563321251104
"7317","IPO8",0.863750975909233,0.989755088445913,0.0294534300465267,1,2361.27236619142,0.0443295097520929
"6538","RRAS2",0.86378343974183,0.989755088445913,0.0294392574882493,1,2361.27236619142,-0.269828762441604
"12103","CRLF2",0.863833514417635,0.989755088445913,0.0294174035448702,1,2361.27236619142,0.15899279377908
"1718","UGGT1",0.863962184100807,0.989755088445913,0.0293612869216548,1,2361.27236619142,-0.0456624824446752
"540","ZNHIT6",0.864026018248213,0.989755088445913,0.0293334674438934,1,2361.27236619142,-0.0638029755732587
"3970","CFB",0.864075622578824,0.989755088445913,0.0293118588155976,1,2361.27236619142,-0.0714928330252148
"12163","YY2",0.864127051547546,0.989755088445913,0.0292894639919149,1,2361.27236619142,-0.256914341976089
"4309","ARHGAP18",0.86419091128959,0.989755088445913,0.0292616684288878,1,2361.27236619142,-0.0167573337667166
"10338","CCDC102B",0.864279276777026,0.989765903575991,0.029223228904662,1,2361.27236619142,-0.0700323941177043
"9507","SCIMP",0.864532145684007,0.989965087566027,0.029113373057922,1,2361.27236619142,-0.0369083001731057
"11990","JOSD1",0.864738804020778,0.989994817002008,0.0290237509241267,1,2361.27236619142,0.0478003621065235
"12194","MAOA",0.864758879984293,0.989994817002008,0.0290150520979986,1,2361.27236619142,0.0521496626551142
"5610","FRMD3",0.864794930249342,0.989994817002008,0.0289994350452975,1,2361.27236619142,-0.0569842343881722
"12101","GTPBP6",0.865013680408238,0.99012983424035,0.0289047647631912,1,2361.27236619142,0.0688655537078019
"4722","AKAP9",0.865157675073295,0.99012983424035,0.0288425339405471,1,2361.27236619142,0.0239203603365378
"5797","NIBAN2",0.865160192111778,0.99012983424035,0.0288414467542824,1,2361.27236619142,0.0390604092637677
"10631","ZNF490",0.865228678210668,0.99012983424035,0.0288118735940844,1,2361.27236619142,0.0580638763667542
"11259","ZNF628",0.86557061886281,0.990383358105181,0.0286644527791391,1,2361.27236619142,-0.175967427152204
"3856","CD83",0.865647564017599,0.990383358105181,0.0286313330387216,1,2361.27236619142,0.0444887100998497
"4547","CHN2",0.865715478101863,0.990383358105181,0.0286021169313679,1,2361.27236619142,-0.0832732617908414
"5209","ARMC1",0.865837153845826,0.990383358105181,0.0285498113411164,1,2361.27236619142,0.0513933603464197
"6797","PCNX3",0.865845079201436,0.990383358105181,0.0285464061219042,1,2361.27236619142,-0.0722411065221074
"132","SZRD1",0.865978030229967,0.990445095952031,0.0284893133426037,1,2361.27236619142,-0.0314148589048689
"5398","GSDMD",0.866259303363076,0.990498065447966,0.0283687207314805,1,2361.27236619142,0.0443354083534737
"4407","RSPH3",0.866278824320845,0.990498065447966,0.02836036110701,1,2361.27236619142,0.0388241136891771
"6990","FAM76B",0.866279349308264,0.990498065447966,0.0283601363047105,1,2361.27236619142,0.051022442597709
"2752","EIF4A2",0.866340266318375,0.990498065447966,0.0283340575505105,1,2361.27236619142,-0.0315620842400575
"6891","FOLR3",0.866572473033218,0.990516237160357,0.0282347622884725,1,2361.27236619142,-0.247255871131957
"10689","AKAP8L",0.866732297742258,0.990516237160357,0.0281665228401426,1,2361.27236619142,-0.0371953265765996
"4644","TMEM248",0.866880565060551,0.990516237160357,0.0281032938858964,1,2361.27236619142,0.0333153745460748
"10787","ZNF737",0.866923047756406,0.990516237160357,0.0280851905014942,1,2361.27236619142,0.0968099612810378
"7883","SUPT20H",0.866956156939137,0.990516237160357,0.0280710856615864,1,2361.27236619142,-0.0363683733186184
"9531","ACADVL",0.867074511178518,0.990516237160357,0.028020695362382,1,2361.27236619142,0.0277528610377158
"11541","SRSF6",0.867119658845354,0.990516237160357,0.0280014856306724,1,2361.27236619142,-0.0623250160279492
"4988","GIMAP8",0.867187353252587,0.990516237160357,0.0279726952489552,1,2361.27236619142,0.0465544388742451
"7294","C2CD5",0.867221358857458,0.990516237160357,0.0279582384343302,1,2361.27236619142,0.0277952112236284
"7720","FBXO21",0.867258889474248,0.990516237160357,0.0279422874892972,1,2361.27236619142,-0.0542304827088853
"3386","NLN",0.86734565432243,0.990516237160357,0.0279054293389873,1,2361.27236619142,0.0442239067195816
"1432","MCFD2",0.867496714691962,0.990516237160357,0.027841317784655,1,2361.27236619142,-0.0342044241052442
"6294","ARMH3",0.867534914456204,0.990516237160357,0.0278251174222122,1,2361.27236619142,0.0257940735097866
"10171","DUS1L",0.867636027943945,0.990516237160357,0.0277822589985527,1,2361.27236619142,0.0579080156046805
"9321","COG4",0.867701128656689,0.990516237160357,0.0277546830796109,1,2361.27236619142,0.0448322700976416
"10691","RASAL3",0.867735258717173,0.990516237160357,0.0277402315982992,1,2361.27236619142,0.0795536535002025
"3229","FBXO8",0.867904202099931,0.990516237160357,0.0276687538970437,1,2361.27236619142,0.0549692545781396
"3751","UIMC1",0.867960129102183,0.990516237160357,0.0276451128017882,1,2361.27236619142,0.0365124924165458
"6462","MRPL23",0.867989079547111,0.990516237160357,0.0276328791384551,1,2361.27236619142,-0.0686720160269197
"11055","SNRPD2",0.86799557152402,0.990516237160357,0.0276301361891314,1,2361.27236619142,0.0295671811488364
"11391","PCNA",0.868160833792876,0.990516237160357,0.0275603577236516,1,2361.27236619142,-0.0454353402183811
"10935","PLEKHG2",0.868418429169311,0.990516237160357,0.0274517743414705,1,2361.27236619142,0.0552703281315193
"8151","FKBP3",0.868441593972409,0.990516237160357,0.0274420205455693,1,2361.27236619142,0.0353833238016854
"4137","CENPQ",0.868563533193025,0.990516237160357,0.0273907060482235,1,2361.27236619142,0.0897886163153548
"9306","COG8",0.86857480262234,0.990516237160357,0.0273859661343687,1,2361.27236619142,-0.123431612820652
"10898","ZNF569",0.868620806718394,0.990516237160357,0.0273666212158371,1,2361.27236619142,-0.0839036869695982
"12202","JADE3",0.868626142100421,0.990516237160357,0.0273643781193635,1,2361.27236619142,-0.1342447411412
"6292","OGA",0.868674232887308,0.990516237160357,0.0273441640966213,1,2361.27236619142,0.0267244048826004
"4322","TBPL1",0.868776079105326,0.990516237160357,0.0273013803600561,1,2361.27236619142,-0.0709085953907091
"406","PRDX1",0.868841857975097,0.990516237160357,0.0272737661476065,1,2361.27236619142,-0.0181522014195707
"1545","CCDC142",0.869029909317896,0.990516237160357,0.0271949006688894,1,2361.27236619142,-0.0992270483862716
"11414","DSTN",0.869083794517216,0.990516237160357,0.0271723237696545,1,2361.27236619142,-0.0302339777523625
"3862","FAM8A1",0.869284816244963,0.990516237160357,0.0270881843649699,1,2361.27236619142,0.0541315015466084
"2765","MB21D2",0.869302596845264,0.990516237160357,0.0270807485897944,1,2361.27236619142,-0.0321875681281165
"1248","ZNF496",0.869371027791192,0.990516237160357,0.0270521408261658,1,2361.27236619142,-0.0540949639943637
"3612","HBEGF",0.869413979391248,0.990516237160357,0.0270341927116581,1,2361.27236619142,0.0404866465533617
"12333","APOOL",0.869515270048162,0.990516237160357,0.0269918907729226,1,2361.27236619142,0.0493001863767225
"10930","GMFG",0.869529844441162,0.990516237160357,0.0269858068798366,1,2361.27236619142,0.0197748529165006
"6406","GLRX3",0.869535713646007,0.990516237160357,0.0269833570545938,1,2361.27236619142,0.0385193580512615
"10468","PLIN5",0.869556756774844,0.990516237160357,0.0269745745227708,1,2361.27236619142,-0.244844364555774
"11758","C2CD2",0.869627365687414,0.990516237160357,0.0269451160097434,1,2361.27236619142,-0.0603780891889159
"6277","SCD",0.869726042043739,0.990516237160357,0.0269039752590017,1,2361.27236619142,-0.076522370468504
"2711","NDUFB5",0.869923947855901,0.990516237160357,0.026821560436712,1,2361.27236619142,0.0289648398791445
"9802","KRT10",0.869970247473071,0.990516237160357,0.0268022984130968,1,2361.27236619142,0.0598849541737694
"10501","SLC25A23",0.870200129390637,0.990516237160357,0.0267067658717662,1,2361.27236619142,0.163832338350223
"3262","PDCD6",0.870200584863327,0.990516237160357,0.0267065767637926,1,2361.27236619142,0.0240332328402069
"10483","SAFB",0.870344619910931,0.990516237160357,0.0266468092469545,1,2361.27236619142,0.028748842560115
"7512","USP15",0.870557732700746,0.990516237160357,0.0265585039228716,1,2361.27236619142,-0.0149918441378314
"7521","GNS",0.870642619119499,0.990516237160357,0.0265233723222367,1,2361.27236619142,0.0181600657741814
"9915","ZNF652",0.870663991969593,0.990516237160357,0.0265145305881186,1,2361.27236619142,-0.0292396311355263
"8208","ACTR10",0.870671222513543,0.990516237160357,0.0265115397269967,1,2361.27236619142,0.0357785566137283
"8141","SEC23A",0.870681394776441,0.990516237160357,0.0265073323387314,1,2361.27236619142,-0.0355569521039552
"6453","AP2A2",0.870816814734724,0.990516237160357,0.0264513534271768,1,2361.27236619142,-0.0212589144739893
"5647","ZNF484",0.870964034415777,0.990516237160357,0.0263905657366226,1,2361.27236619142,0.0950785684750774
"234","THEMIS2",0.871071813651132,0.990516237160357,0.0263461086958896,1,2361.27236619142,-0.0215271895509718
"5781","SCAI",0.871101124008369,0.990516237160357,0.0263340253411659,1,2361.27236619142,-0.0663452875840002
"1537","SLC4A5",0.871109058920001,0.990516237160357,0.0263307546198283,1,2361.27236619142,-0.0891295034667215
"7028","SIK2",0.871274785371598,0.990516237160357,0.0262624908501657,1,2361.27236619142,0.0306720609633363
"1611","NEURL3",0.871314375321047,0.990516237160357,0.0262461969563057,1,2361.27236619142,0.178697571818373
"10282","SIGLEC15",0.871338910496947,0.990516237160357,0.0262361017060329,1,2361.27236619142,0.117155402737497
"9552","TNFSF13",0.87136577850988,0.990516237160357,0.02622504887205,1,2361.27236619142,0.0403743038632041
"539","BCL10",0.871488511469895,0.990516237160357,0.0261745899675204,1,2361.27236619142,-0.0427842260864742
"5490","DENND4C",0.871575186187397,0.990516237160357,0.0261389856408314,1,2361.27236619142,0.0234843010179905
"3631","PCDHGA10",0.871747230255736,0.990516237160357,0.0260683868681673,1,2361.27236619142,-0.166904763200834
"2863","BLOC1S4",0.871753840115385,0.990516237160357,0.0260656764475477,1,2361.27236619142,-0.0609689275245701
"9232","KIFC3",0.87175546562748,0.990516237160357,0.0260650099167407,1,2361.27236619142,0.0444667583696346
"7532","RAP1B",0.871806467702811,0.990516237160357,0.026044101284241,1,2361.27236619142,0.0166298866494857
"188","SRSF10",0.871933902290154,0.990516237160357,0.025991896269928,1,2361.27236619142,0.0317839260051543
"8403","YY1",0.871994199236751,0.990516237160357,0.0259672136745767,1,2361.27236619142,-0.0225110226727931
"5105","GNRH1",0.872086050388586,0.990516237160357,0.0259296374637938,1,2361.27236619142,-0.233531819944584
"1451","CLHC1",0.872142424439279,0.990516237160357,0.0259065887213197,1,2361.27236619142,-0.095980803066622
"10728","MAP1S",0.872193364505703,0.990516237160357,0.0258857707264104,1,2361.27236619142,0.0556117006964753
"4901","IRF5",0.872220717810099,0.990516237160357,0.0258745956231826,1,2361.27236619142,0.0377678697706002
"11386","SMOX",0.872328692336935,0.990516237160357,0.0258305071512826,1,2361.27236619142,0.0364855967405179
"8467","MTMR10",0.872454948836039,0.990516237160357,0.0257790026429243,1,2361.27236619142,0.0398566835954409
"1184","TAF5L",0.87251339475884,0.990516237160357,0.0257551783288137,1,2361.27236619142,-0.0677022061473209
"4763","ZNF655",0.872609013905717,0.990516237160357,0.0257162254527013,1,2361.27236619142,-0.0312486480692354
"11662","RTEL1",0.872888168825763,0.990516237160357,0.0256026776264521,1,2361.27236619142,0.0924214057549708
"7985","FARP1",0.872929900978785,0.990516237160357,0.0255857249792249,1,2361.27236619142,0.064554859556464
"5832","ENDOG",0.87307086570474,0.990516237160357,0.0255285041451003,1,2361.27236619142,-0.0750458831231196
"4219","UFL1",0.873095981290441,0.990516237160357,0.0255183160444225,1,2361.27236619142,0.0351434944874647
"2116","VGLL4",0.87319270026655,0.990516237160357,0.0254791016098859,1,2361.27236619142,0.0309395596437524
"6643","NDUFS3",0.873252661379868,0.990516237160357,0.0254548060740387,1,2361.27236619142,-0.0377936544438582
"7322","ETFBKMT",0.873378681769315,0.990516237160357,0.0254037828329611,1,2361.27236619142,-0.139135669370736
"4950","AGK",0.873399684548927,0.990516237160357,0.025395284312892,1,2361.27236619142,0.0652389898730552
"1447","ACYP2",0.873419954821727,0.990516237160357,0.0253870835753288,1,2361.27236619142,-0.0283406113999497
"328","MTF1",0.873438461374871,0.990516237160357,0.0253795975711004,1,2361.27236619142,0.0439267318082567
"3002","AREG",0.873520211732158,0.990516237160357,0.0253465426377579,1,2361.27236619142,-0.210529032829681
"10683","ADGRE2",0.873522534858981,0.990516237160357,0.0253456036275633,1,2361.27236619142,0.0302580799082874
"3189","TMEM154",0.873598144070366,0.990516237160357,0.0253150520444399,1,2361.27236619142,0.152777951998959
"3558","RAD50",0.873623648730288,0.990516237160357,0.0253047505804411,1,2361.27236619142,0.0342334183284956
"12382","NXT2",0.873696186703985,0.990516237160357,0.0252754638678681,1,2361.27236619142,-0.0792948221590483
"2460","RPL24",0.873868545086361,0.990516237160357,0.025205945079038,1,2361.27236619142,0.0157840057542748
"4986","ZNF775",0.873942569983557,0.990516237160357,0.0251761181091714,1,2361.27236619142,0.11454020002842
"1262","RNASEH1",0.873972900359569,0.990516237160357,0.0251639022705784,1,2361.27236619142,0.0448133702513043
"10936","RPS16",0.87400421838934,0.990516237160357,0.0251512918343591,1,2361.27236619142,0.0154529788807087
"9632","ALKBH5",0.874017437239176,0.990516237160357,0.025145970139152,1,2361.27236619142,-0.0382999758238979
"6521","ZNF143",0.874127474695042,0.990541058369283,0.0251016932395451,1,2361.27236619142,-0.0460757923505588
"1681","SLC20A1",0.874264754247413,0.990541058369283,0.0250465107301763,1,2361.27236619142,0.059047896869663
"7368","ARF3",0.874276291770162,0.990541058369283,0.0250418758067871,1,2361.27236619142,0.0291343590211402
"2926","RPL9",0.874384703182402,0.990574395899775,0.0249983455921267,1,2361.27236619142,0.0138316905819131
"8594","CYP19A1",0.874469994485802,0.990581537426289,0.0249641260278729,1,2361.27236619142,0.10090435692474
"10807","ZNF254",0.874592881450675,0.990587373307498,0.0249148650170836,1,2361.27236619142,0.0373162529026357
"1937","CCNYL1",0.874652584856064,0.990587373307498,0.0248909500441885,1,2361.27236619142,0.0352642815566596
"6869","PPP6R3",0.874829818365398,0.990587373307498,0.0248200261871337,1,2361.27236619142,0.02249502106826
"4344","TXLNB",0.874912177049785,0.990587373307498,0.0247871038526449,1,2361.27236619142,-0.096793801671899
"9542","KCTD11",0.875022097144486,0.990587373307498,0.024743198912166,1,2361.27236619142,-0.115557282508311
"6618","SLC35C1",0.875024485617259,0.990587373307498,0.0247422453368289,1,2361.27236619142,0.0985694860753791
"3034","LIN54",0.875104964196008,0.990587373307498,0.0247101260257292,1,2361.27236619142,0.0431689352151683
"9060","GGA2",0.875161623992083,0.990587373307498,0.0246875257056451,1,2361.27236619142,-0.0240217018474634
"11865","SMARCB1",0.875186037496777,0.990587373307498,0.0246777909731665,1,2361.27236619142,-0.0487115736419764
"3951","APOM",0.875373327245274,0.990709127927923,0.0246031757816997,1,2361.27236619142,-0.227828267559214
"6776","NAALADL1",0.875512017480438,0.990709127927923,0.0245479969593186,1,2361.27236619142,0.238797920081101
"5169","SMIM19",0.875658334187142,0.990709127927923,0.024489852690952,1,2361.27236619142,-0.0403436267753199
"9241","GOT2",0.875838640767461,0.990709127927923,0.0244182984539533,1,2361.27236619142,-0.0656693610294622
"4899","KCP",0.875884415583791,0.990709127927923,0.0244001498961549,1,2361.27236619142,0.100438588007355
"11733","RUNX1",0.875959738403258,0.990709127927923,0.0243703013452818,1,2361.27236619142,-0.0254418773179924
"3733","BOD1",0.875997160621648,0.990709127927923,0.0243554788135291,1,2361.27236619142,-0.066872429013934
"5170","THAP1",0.87625470997463,0.990709127927923,0.0242535916043076,1,2361.27236619142,0.0848919883455081
"12408","CUL4B",0.876381328806469,0.990709127927923,0.0242035810615182,1,2361.27236619142,0.0434369957773731
"2524","DTX3L",0.876444730085689,0.990709127927923,0.0241785593689465,1,2361.27236619142,-0.0231529482279447
"10909","KCNK6",0.876479758353641,0.990709127927923,0.0241647409381801,1,2361.27236619142,-0.0553730965793425
"8799","ISG20",0.876599402520568,0.990709127927923,0.0241175725745988,1,2361.27236619142,0.0267164638208062
"10586","QTRT1",0.876618433858437,0.990709127927923,0.024110074034617,1,2361.27236619142,-0.120144023732911
"1258","TMEM18",0.876699689513923,0.990709127927923,0.0240780719145631,1,2361.27236619142,0.0721591950822909
"1108","TRAF5",0.876934751661509,0.990709127927923,0.0239856164484328,1,2361.27236619142,-0.0535568305047047
"6675","PATL1",0.877112705688737,0.990709127927923,0.0239157440669976,1,2361.27236619142,-0.0300903587369704
"562","CDC7",0.877112746353734,0.990709127927923,0.0239157281121029,1,2361.27236619142,0.174688318893494
"337","NDUFS5",0.8771246604732,0.990709127927923,0.0239110538469223,1,2361.27236619142,-0.0183316766701503
"2522","KPNA1",0.877126224796962,0.990709127927923,0.0239104401506932,1,2361.27236619142,-0.0278510857175069
"1174","GUK1",0.877223509757782,0.990709127927923,0.0238722903575762,1,2361.27236619142,-0.0178693411019183
"7423","PRR13",0.877272809598864,0.990709127927923,0.0238529695866494,1,2361.27236619142,0.0194857218943422
"11114","RUVBL2",0.877350058131132,0.990709127927923,0.0238227117361263,1,2361.27236619142,0.0971580448494956
"8364","GPR68",0.877457782012284,0.990709127927923,0.0237805496742289,1,2361.27236619142,-0.169704501757312
"3346","EMB",0.877653094702497,0.990709127927923,0.0237042037109322,1,2361.27236619142,0.0423006495292943
"8585","DTWD1",0.877702187837051,0.990709127927923,0.0236850334111858,1,2361.27236619142,-0.0404237850809741
"6286","SFXN3",0.877709246349537,0.990709127927923,0.023682277796672,1,2361.27236619142,-0.0359814613262174
"5473","RANBP6",0.877737708569918,0.990709127927923,0.0236711679268261,1,2361.27236619142,-0.0710084040928064
"4718","CLDN12",0.877786208016429,0.990709127927923,0.0236522429248015,1,2361.27236619142,0.084432813638145
"9486","MED11",0.877798722741706,0.990709127927923,0.0236473608028147,1,2361.27236619142,-0.0505525604961388
"11265","ZNF865",0.878263204152482,0.990709127927923,0.0234665266820941,1,2361.27236619142,-0.0868088566647975
"5545","CD72",0.878309338034672,0.990709127927923,0.0234486044021732,1,2361.27236619142,-0.0419634215281457
"9332","ZNF821",0.878346159723989,0.990709127927923,0.0234343047894517,1,2361.27236619142,0.056723335901461
"6920","SPCS2",0.878367536021849,0.990709127927923,0.0234260054044724,1,2361.27236619142,-0.023718791420503
"3378","CWC27",0.878405181923005,0.990709127927923,0.023411392975075,1,2361.27236619142,-0.0369177576518555
"11675","TCEA2",0.878487871346934,0.990709127927923,0.023379313074051,1,2361.27236619142,-0.0781207258565321
"5272","TRIQK",0.878561311925617,0.990709127927923,0.0233508401955189,1,2361.27236619142,0.0500599299638669
"3052","HSD17B13",0.878628890284042,0.990709127927923,0.0233246557816148,1,2361.27236619142,-0.227916273771714
"5602","GCNT1",0.878685615272533,0.990709127927923,0.0233026882996097,1,2361.27236619142,0.0313352375680868
"8770","STARD5",0.87870890398437,0.990709127927923,0.0232936725127654,1,2361.27236619142,0.103987803328719
"5361","NSMCE2",0.878759543520159,0.990709127927923,0.0232740745295132,1,2361.27236619142,-0.0212541317816907
"9718","SUZ12",0.878886561365848,0.990709127927923,0.0232249545449322,1,2361.27236619142,-0.0284766344983344
"4058","CMTR1",0.87925984513795,0.990709127927923,0.0230809065638376,1,2361.27236619142,0.0321085058369499
"4760","ZNF394",0.879667232267739,0.990709127927923,0.0229242214496137,1,2361.27236619142,0.0397892928089136
"2985","RUFY3",0.879667263391803,0.990709127927923,0.0229242094998456,1,2361.27236619142,0.0299504863650429
"2246","CDCP1",0.879757965991171,0.990709127927923,0.0228893986922214,1,2361.27236619142,0.0485304105080657
"1594","THNSL2",0.879815264608929,0.990709127927923,0.0228674219641833,1,2361.27236619142,0.174111178278874
"4445","GPR146",0.87987037589851,0.990709127927923,0.0228462943661698,1,2361.27236619142,0.114962082706844
"5501","TUSC1",0.879953791963353,0.990709127927923,0.0228143347798357,1,2361.27236619142,-0.106187555210154
"9806","NT5C3B",0.880042162126764,0.990709127927923,0.0227805020650854,1,2361.27236619142,0.0820988907326853
"9092","TUFM",0.880134521891559,0.990709127927923,0.022745169364051,1,2361.27236619142,0.0356790757935609
"3240","RWDD4",0.88015493690409,0.990709127927923,0.0227373632811848,1,2361.27236619142,-0.0480400429943497
"7086","VPS11",0.880236713311723,0.990709127927923,0.0227061081952138,1,2361.27236619142,-0.0560247899166579
"6148","MCU",0.88033830057436,0.990709127927923,0.0226673119842128,1,2361.27236619142,-0.0272586804043778
"147","EMC1",0.880365566171166,0.990709127927923,0.02265690501781,1,2361.27236619142,-0.0650267327444598
"6969","RAB38",0.880483427538015,0.990709127927923,0.0226119467948229,1,2361.27236619142,-0.0503088651136708
"7269","HEBP1",0.880528697022538,0.990709127927923,0.0225946908848839,1,2361.27236619142,-0.027739915516497
"8047","ARHGEF40",0.880533174067146,0.990709127927923,0.0225929846823457,1,2361.27236619142,-0.0443111914853307
"5420","MAF1",0.88058880155571,0.990709127927923,0.0225717905305119,1,2361.27236619142,0.0353745455228482
"8037","PIP4P1",0.88059527983061,0.990709127927923,0.022569322959781,1,2361.27236619142,0.0494317416720761
"6227","EXOC6",0.880675481301091,0.990709127927923,0.0225387856950908,1,2361.27236619142,0.0321178984627776
"11569","CTSA",0.880694614488607,0.990709127927923,0.0225315037246667,1,2361.27236619142,0.0207627049596027
"6094","ZWINT",0.880825228065664,0.990709127927923,0.0224818251592592,1,2361.27236619142,0.137208130277977
"9393","FBXO31",0.880995327432604,0.990709127927923,0.0224172123076853,1,2361.27236619142,0.115386285508581
"4115","VEGFA",0.881014676772464,0.990709127927923,0.0224098684141242,1,2361.27236619142,-0.052247925451785
"4582","SUGCT",0.881055139448378,0.990709127927923,0.0223945150915151,1,2361.27236619142,-0.12701667256331
"567","RPL5",0.881111326319792,0.990709127927923,0.0223732042367619,1,2361.27236619142,0.0188211736931488
"8815","TTLL13P",0.881333906005121,0.990709127927923,0.0222888849512886,1,2361.27236619142,-0.217861138142741
"10872","WDR62",0.881443429171734,0.990709127927923,0.0222474543137305,1,2361.27236619142,0.238798175360049
"9318","DDX19A",0.881482792787458,0.990709127927923,0.0222325733931346,1,2361.27236619142,0.0520488498543992
"5696","GRIN3A",0.881493020739577,0.990709127927923,0.0222287076772397,1,2361.27236619142,-0.0716143097189377
"3194","TLR2",0.881591938349553,0.990709127927923,0.02219133890212,1,2361.27236619142,-0.0266510187946827
"1069","MDM4",0.881633200815742,0.990709127927923,0.022175760399063,1,2361.27236619142,0.0263769601969538
"12319","UPRT",0.881645632455044,0.990709127927923,0.022171067972201,1,2361.27236619142,-0.0617839643704403
"5827","SET",0.881695372678956,0.990709127927923,0.0221522981838719,1,2361.27236619142,0.02302122781129
"820","MTX1",0.881778879995029,0.990709127927923,0.0221208044394799,1,2361.27236619142,0.044467020938724
"9463","MNT",0.881871732181594,0.990709127927923,0.0220858132790971,1,2361.27236619142,-0.0642424191059868
"39","PEX10",0.881936615415687,0.990709127927923,0.0220613789644901,1,2361.27236619142,-0.0985712918891736
"9767","MLLT6",0.88214171700939,0.990709127927923,0.0219842308544637,1,2361.27236619142,0.0363223950758351
"11921","DUSP18",0.882202590005795,0.990709127927923,0.0219613603066005,1,2361.27236619142,-0.0541506535033426
"8999","ZC3H7A",0.882203954614197,0.990709127927923,0.0219608477499993,1,2361.27236619142,0.0299614170605085
"8345","SEL1L",0.88230469145099,0.990709127927923,0.0219230271602143,1,2361.27236619142,0.0284456852369053
"1528","ALMS1",0.882602683359988,0.990709127927923,0.0218113442138679,1,2361.27236619142,-0.0673664442851138
"923","PBX1",0.882674676259855,0.990709127927923,0.0217844060510974,1,2361.27236619142,-0.231293567065465
"4476","CCZ1",0.882700286395166,0.990709127927923,0.0217748274019323,1,2361.27236619142,-0.0495438605512484
"10809","POP4",0.882721774010022,0.990709127927923,0.0217667923096617,1,2361.27236619142,-0.0402435362406881
"10481","TINCR",0.882767967777843,0.990709127927923,0.021749523712442,1,2361.27236619142,-0.153300814768613
"5925","ABCA2",0.882897685058803,0.990709127927923,0.0217010689908699,1,2361.27236619142,0.129779999242868
"8703","CELF6",0.882961016154314,0.990709127927923,0.0216774322873931,1,2361.27236619142,0.0497532667186645
"12143","CA5B",0.883359078394452,0.990709127927923,0.0215291670434776,1,2361.27236619142,-0.0465890582003486
"11520","MROH8",0.883378881275224,0.990709127927923,0.021521804685574,1,2361.27236619142,0.108541211806546
"9795","RAPGEFL1",0.883395785641222,0.990709127927923,0.0215155209613428,1,2361.27236619142,-0.220953329107795
"1338","CAD",0.883532723716135,0.990709127927923,0.0214646526162346,1,2361.27236619142,-0.0999856300940639
"11815","TMEM191B",0.883573473147805,0.990709127927923,0.0214495273100358,1,2361.27236619142,0.161567761489821
"9054","POLR3E",0.883676181372266,0.990709127927923,0.0214114284010267,1,2361.27236619142,0.0948767061101449
"8323","VASH1",0.883827878805442,0.990709127927923,0.0213552205552636,1,2361.27236619142,0.055907678537749
"622","GSTM3",0.88386265748186,0.990709127927923,0.0213423447829089,1,2361.27236619142,0.0623500308188142
"10278","KIAA1328",0.883897960539746,0.990709127927923,0.0213292789296876,1,2361.27236619142,0.036865365003094
"12169","APOO",0.883912644033774,0.990709127927923,0.0213238456920859,1,2361.27236619142,0.0767853799197085
"3563","LEAP2",0.883957583711178,0.990709127927923,0.0213072213483672,1,2361.27236619142,-0.212574373044968
"4665","EIF4H",0.883977413919941,0.990709127927923,0.0212998877489741,1,2361.27236619142,0.0274326591420416
"7853","RPL21",0.884057765815333,0.990709127927923,0.0212701852399101,1,2361.27236619142,-0.0146093922686597
"2536","ITGB5",0.884086143444078,0.990709127927923,0.0212597003546472,1,2361.27236619142,0.0202365003170714
"6910","UCP3",0.884194508641708,0.990709127927923,0.0212196861777979,1,2361.27236619142,0.160101003023919
"4575","STARD3NL",0.884479977720061,0.990709127927923,0.0211144601077931,1,2361.27236619142,-0.0385277706443138
"9658","MTRNR2L1",0.884526969623573,0.990709127927923,0.0210971641360697,1,2361.27236619142,0.0298369396540406
"216","RPS6KA1",0.884568170927598,0.990709127927923,0.0210820054224423,1,2361.27236619142,-0.0295439095627537
"9438","MRM3",0.88458368784027,0.990709127927923,0.0210762979083551,1,2361.27236619142,-0.0978455446938389
"8640","RPS27L",0.884583696097129,0.990709127927923,0.0210762948714831,1,2361.27236619142,-0.0136120765280417
"5496","IFNB1",0.884589522469371,0.990709127927923,0.0210741519878837,1,2361.27236619142,-0.263399196180354
"8879","TPSAB1",0.884596626026272,0.990709127927923,0.0210715395185543,1,2361.27236619142,-0.0788718647553395
"9593","TMEM220",0.884648286992818,0.990709127927923,0.0210525451809442,1,2361.27236619142,-0.084143400703316
"9009","NOMO1",0.884703293871621,0.990709127927923,0.021032330255095,1,2361.27236619142,0.0833057523930097
"9466","CLUH",0.88478012117055,0.990709127927923,0.0210041129587169,1,2361.27236619142,-0.0841716111248046
"8386","IFI27L1",0.884900291656479,0.990709127927923,0.0209600152643457,1,2361.27236619142,-0.0588328097756098
"5598","NMRK1",0.885100711925219,0.990709127927923,0.0208865744028185,1,2361.27236619142,0.0295164136798602
"12500","MPP1",0.885211257017844,0.990709127927923,0.0208461231914555,1,2361.27236619142,0.018219830519309
"3383","SHLD3",0.885222303045528,0.990709127927923,0.0208420833735795,1,2361.27236619142,-0.150337669108304
"7482","NACA",0.885375894174387,0.990709127927923,0.0207859525375704,1,2361.27236619142,0.0123691812277508
"3161","ELMOD2",0.885400453212207,0.990709127927923,0.0207769844486268,1,2361.27236619142,-0.0516814215342782
"10046","CD300A",0.885434199404386,0.990709127927923,0.020764664758835,1,2361.27236619142,-0.0317994717616193
"8647","SNX1",0.885468829964247,0.990709127927923,0.0207520260911002,1,2361.27236619142,-0.022622863045677
"4131","MEP1A",0.8855905042936,0.990709127927923,0.0207076513238005,1,2361.27236619142,0.0717969804299971
"312","THRAP3",0.885644033180497,0.990709127927923,0.0206881446324799,1,2361.27236619142,-0.0211743172411039
"1384","FEZ2",0.885664190243291,0.990709127927923,0.0206808015424646,1,2361.27236619142,0.0223150423943772
"12134","TRAPPC2",0.885683124691311,0.990709127927923,0.020673905055036,1,2361.27236619142,0.0652502784058307
"2901","DHX15",0.885695537376957,0.990709127927923,0.0206693846238672,1,2361.27236619142,0.0319532934446822
"9199","CYLD",0.885744513978547,0.990709127927923,0.020651553328924,1,2361.27236619142,-0.0237760488834093
"8035","OSGEP",0.885768452112577,0.990709127927923,0.0206428408423939,1,2361.27236619142,0.0445117672506583
"74","SLC2A5",0.88604434259235,0.990709127927923,0.0205425635738706,1,2361.27236619142,0.0325015410258621
"1383","CRIM1",0.886086300885905,0.990709127927923,0.0205273349199147,1,2361.27236619142,-0.116495391856908
"6512","TRIM66",0.886144830582585,0.990709127927923,0.0205061013441571,1,2361.27236619142,-0.0507054656116171
"6611","HSD17B12",0.886362401332889,0.990709127927923,0.0204272686951327,1,2361.27236619142,0.034548418365289
"11956","IFT27",0.886422945132939,0.990709127927923,0.0204053593473896,1,2361.27236619142,-0.0640012530943237
"10956","SPTBN4",0.886597335168548,0.990709127927923,0.0203423188163221,1,2361.27236619142,0.16465780470002
"12024","PHF5A",0.886637381192012,0.990709127927923,0.020327856565488,1,2361.27236619142,0.0556281589430125
"11184","ZNF841",0.886728911252927,0.990709127927923,0.0202948210334573,1,2361.27236619142,-0.105346824114378
"11689","CXADR",0.886763325838176,0.990709127927923,0.0202824070230974,1,2361.27236619142,0.178559261923371
"671","MAB21L3",0.886808804282018,0.990709127927923,0.0202660080074818,1,2361.27236619142,0.229866030828624
"3137","NUDT6",0.886808862806404,0.990709127927923,0.0202659869086056,1,2361.27236619142,0.0859486678530451
"5522","UBE2R2",0.886818035534644,0.990709127927923,0.0202626801477125,1,2361.27236619142,0.0177004421832754
"11199","ZNF28",0.886822450455698,0.990709127927923,0.0202610886704781,1,2361.27236619142,-0.0824182425811005
"108","MIIP",0.886944667016821,0.990709127927923,0.0202170577340923,1,2361.27236619142,0.0360912481699331
"7792","ZNF664",0.887022598348547,0.990709127927923,0.0201890069414548,1,2361.27236619142,-0.0701995915292471
"138","SDHB",0.887135147232775,0.990709127927923,0.0201485308864664,1,2361.27236619142,0.0259870441711778
"1807","DYNC1I2",0.887287245359447,0.990709127927923,0.0200938975317282,1,2361.27236619142,0.0241290090436824
"5503","PLAA",0.887334597589769,0.990709127927923,0.0200769041460476,1,2361.27236619142,0.0343449380420615
"3292","RETREG1",0.887408814601703,0.990709127927923,0.0200502844982046,1,2361.27236619142,0.167442346152368
"3310","PRLR",0.887505907539762,0.990709127927923,0.0200154870670765,1,2361.27236619142,0.0550544375438606
"481","ALG6",0.887540692128248,0.990709127927923,0.0200030280137844,1,2361.27236619142,-0.0771351050064521
"2975","NOA1",0.887580251211635,0.990709127927923,0.0199888636527106,1,2361.27236619142,-0.0669179365241222
"559","LRRC8D",0.887615750198781,0.990709127927923,0.0199761573890465,1,2361.27236619142,-0.02276856369508
"5182","PCMTD1",0.887630892106504,0.990709127927923,0.0199707388522133,1,2361.27236619142,0.0192085974604502
"11534","MAFB",0.887800693981784,0.990709127927923,0.0199100265322061,1,2361.27236619142,-0.0131505103338995
"11929","PIK3IP1",0.887823805413071,0.990709127927923,0.019901770374686,1,2361.27236619142,-0.0541167154808068
"6534","MICAL2",0.887917458166531,0.990709127927923,0.019868332429597,1,2361.27236619142,0.0497865381170222
"11240","KIR2DL4",0.887998160271038,0.990709127927923,0.019839541406327,1,2361.27236619142,-0.153945174639286
"10566","EIF3G",0.888085165343814,0.990709127927923,0.0198085256049509,1,2361.27236619142,0.022614659899811
"773","S100A11",0.888212593960327,0.990709127927923,0.0197631441681153,1,2361.27236619142,0.0100300996093634
"8854","FAM234A",0.888287252263174,0.990709127927923,0.0197365805965647,1,2361.27236619142,0.0389405451154118
"3764","DOK3",0.888412808903579,0.990709127927923,0.0196919483740321,1,2361.27236619142,-0.0314476357579464
"11457","HCK",0.888449433211836,0.990709127927923,0.0196789390606274,1,2361.27236619142,-0.0272295810856189
"1357","FOSL2",0.888526036568578,0.990709127927923,0.0196517429689972,1,2361.27236619142,0.0356297322658759
"8962","HMOX2",0.888558670357429,0.990709127927923,0.0196401629888954,1,2361.27236619142,0.0449217413577357
"7494","ARHGAP9",0.888624562520451,0.990709127927923,0.0196167920034916,1,2361.27236619142,0.0405537341438262
"5332","UTP23",0.888627040382436,0.990709127927923,0.0196159134189007,1,2361.27236619142,-0.046380462339517
"2444","ST3GAL6",0.888658979772376,0.990709127927923,0.0196045903484099,1,2361.27236619142,-0.0348614840804485
"8597","LYSMD2",0.888787868064842,0.990709127927923,0.0195589310652892,1,2361.27236619142,-0.0293533250283594
"7922","MED4",0.888890944454372,0.990709127927923,0.0195224548279768,1,2361.27236619142,-0.0261572679725538
"2945","GNPDA2",0.888904710856756,0.990709127927923,0.0195175858590496,1,2361.27236619142,0.0712008703572868
"11975","TRIOBP",0.888959998440768,0.990709127927923,0.0194980377102574,1,2361.27236619142,-0.0342953756985954
"5931","ANAPC2",0.888992112746567,0.990709127927923,0.0194866875713117,1,2361.27236619142,0.108566302197818
"2652","P2RY1",0.888995679341265,0.990709127927923,0.0194854272398387,1,2361.27236619142,-0.121914405991384
"12216","ZNF630",0.889059550906105,0.990709127927923,0.0194628639101301,1,2361.27236619142,0.0877361383824523
"4511","MACC1",0.889258654969782,0.990709127927923,0.0193926137308873,1,2361.27236619142,-0.0606493279603895
"6357","PDZD8",0.889424635302877,0.990709127927923,0.0193341496006837,1,2361.27236619142,0.0371452924085345
"4096","KLHDC3",0.8895343512973,0.990709127927923,0.0192955531459005,1,2361.27236619142,-0.0413287158117458
"6753","FKBP2",0.889609437131773,0.990709127927923,0.019269161721388,1,2361.27236619142,0.070407977671537
"6730","TMEM223",0.889714008906818,0.990709127927923,0.0192324371495598,1,2361.27236619142,0.0671860269546279
"3641","ARHGAP26",0.889782146477344,0.990709127927923,0.0192085271205846,1,2361.27236619142,-0.0148288059296491
"10708","HAUS8",0.889808683588531,0.990709127927923,0.0191992191331745,1,2361.27236619142,-0.0475045424345138
"5516","SMU1",0.889838084759844,0.990709127927923,0.0191889092510121,1,2361.27236619142,0.0270539041780316
"2332","MAPKAPK3",0.889965257108265,0.990709127927923,0.0191443472055128,1,2361.27236619142,0.0374828733068834
"9414","ANKRD11",0.890119799650219,0.990709127927923,0.019090265520041,1,2361.27236619142,-0.0165907457255238
"358","SCMH1",0.890182164834525,0.990709127927923,0.019068463093755,1,2361.27236619142,-0.066663202172112
"10407","SCAMP4",0.890209326400929,0.990709127927923,0.0190589715710983,1,2361.27236619142,-0.0359667564961483
"3567","C5orf15",0.890295910188053,0.990709127927923,0.0190287312147511,1,2361.27236619142,-0.0417197632258543
"6515","TMEM9B",0.890295924742083,0.990709127927923,0.0190287261336499,1,2361.27236619142,-0.0301178457181569
"8516","SPINT1",0.890516428396353,0.990709127927923,0.0189518232685958,1,2361.27236619142,0.0694899773910283
"7758","RHOF",0.890583040494312,0.990709127927923,0.0189286228354221,1,2361.27236619142,0.0929135624988056
"5984","CDC123",0.890620949903572,0.990709127927923,0.0189154257717407,1,2361.27236619142,0.0351844475266591
"9208","LPCAT2",0.890679990584972,0.990709127927923,0.0188948818055606,1,2361.27236619142,-0.0219731519376667
"4201","SLC35A1",0.890699680075955,0.990709127927923,0.0188880331222692,1,2361.27236619142,0.0395444167390977
"2055","ANKMY1",0.890729368893246,0.990709127927923,0.0188777087203304,1,2361.27236619142,-0.044199669975663
"7159","ERC1",0.890833663198546,0.990709127927923,0.0188414627642749,1,2361.27236619142,-0.017165101192602
"12398","SEPTIN6",0.890923592427156,0.990709127927923,0.0188102376712115,1,2361.27236619142,-0.0296425788484819
"125","FBLIM1",0.891012659539095,0.990709127927923,0.018779337925169,1,2361.27236619142,0.14838710098493
"1858","ANKAR",0.891027990119084,0.990709127927923,0.0187740219503385,1,2361.27236619142,0.0392916719971196
"8422","TRMT61A",0.891234710512399,0.990709127927923,0.0187024152194566,1,2361.27236619142,0.10350365738352
"10546","ZNF558",0.891271656006995,0.990709127927923,0.018689632198176,1,2361.27236619142,-0.100755635919982
"2170","AZI2",0.891411928319987,0.990709127927923,0.0186411389694236,1,2361.27236619142,-0.0234723769020289
"256","PUM1",0.891493375024838,0.990709127927923,0.0186130116560018,1,2361.27236619142,-0.0159669380174136
"90","DFFA",0.891499932462074,0.990709127927923,0.0186107480106241,1,2361.27236619142,-0.0482118045721138
"8673","SNAPC5",0.891513912738116,0.990709127927923,0.0186059224490061,1,2361.27236619142,-0.0439298652567084
"576","GCLM",0.891839319979861,0.990709127927923,0.0184937819220465,1,2361.27236619142,-0.0517613733975229
"87","KIF1B",0.891889455090915,0.990709127927923,0.0184765352557512,1,2361.27236619142,-0.0201965458865775
"1617","ANKRD23",0.891897020585363,0.990709127927923,0.0184739334088442,1,2361.27236619142,0.104285948936717
"4809","FIS1",0.891907657161029,0.990709127927923,0.0184702757029079,1,2361.27236619142,0.0216369696595805
"11657","PPDPF",0.891990898502356,0.990709127927923,0.0184416634056196,1,2361.27236619142,-0.0235356238852026
"8740","ETFA",0.891993915749549,0.990709127927923,0.0184406267204803,1,2361.27236619142,-0.025409796320942
"12449","ARHGEF6",0.892039624653841,0.990709127927923,0.0184249253921476,1,2361.27236619142,-0.0358745716034159
"4775","CNPY4",0.892065864764623,0.990709127927923,0.01841591480766,1,2361.27236619142,-0.117478212177982
"9094","ATP2A1",0.892168144786322,0.990709127927923,0.0183808143226716,1,2361.27236619142,0.206707601040748
"5567","TRMT10B",0.892291667549177,0.990709127927923,0.0183384692035423,1,2361.27236619142,-0.0481031174489054
"6703","FADS1",0.892307660762635,0.990709127927923,0.0183329901698585,1,2361.27236619142,-0.0571074500964454
"11833","TRMT2A",0.892381553213808,0.990709127927923,0.0183076865538875,1,2361.27236619142,-0.071380065037741
"9679","SUPT6H",0.892744131867784,0.990709127927923,0.018183783540258,1,2361.27236619142,0.0237368714967813
"1226","KMO",0.892761887281546,0.990709127927923,0.0181777270331795,1,2361.27236619142,-0.0301447879395344
"5657","MFSD14B",0.892881291740087,0.990709127927923,0.018137023940794,1,2361.27236619142,-0.0283624102336301
"1981","RETREG2",0.892934252991202,0.990709127927923,0.0181189851577007,1,2361.27236619142,0.0397517096531707
"8077","PABPN1",0.892955932092669,0.990709127927923,0.0181116038174139,1,2361.27236619142,-0.0260408738922439
"6154","MRPS16",0.893012262597042,0.990709127927923,0.0180924314614256,1,2361.27236619142,-0.0307604242244734
"4324","SGK1",0.89303034259379,0.990709127927923,0.0180862800395368,1,2361.27236619142,0.0320238535174579
"9397","SLC7A5",0.893287698014427,0.990709127927923,0.0179988345335847,1,2361.27236619142,-0.124735835588129
"2725","MAP6D1",0.89343691724225,0.990709127927923,0.0179482308817789,1,2361.27236619142,-0.203476888207318
"1800","UBR3",0.893614909127412,0.990709127927923,0.0178879645980718,1,2361.27236619142,0.0210419117199676
"9281","CENPT",0.893619539192908,0.990709127927923,0.0178863982806158,1,2361.27236619142,0.082979992547672
"777","S100A8",0.893743899318844,0.990709127927923,0.0178443542715076,1,2361.27236619142,0.0377400980053216
"9165","VKORC1",0.893828978100338,0.990709127927923,0.0178156196149414,1,2361.27236619142,0.0245630231982087
"424","EFCAB14",0.893877435879132,0.990709127927923,0.0177992639338845,1,2361.27236619142,-0.0224976571654573
"7074","IFT46",0.893879037156435,0.990709127927923,0.0177987235942645,1,2361.27236619142,-0.0804763725931668
"6217","PCGF5",0.893960446137927,0.990709127927923,0.0177712637136782,1,2361.27236619142,-0.0225345328383669
"9064","PALB2",0.893973517902511,0.990709127927923,0.0177668565164886,1,2361.27236619142,0.0596034762688697
"11465","MAPRE1",0.893977727069691,0.990709127927923,0.0177654374975058,1,2361.27236619142,-0.0260355752756533
"198","RHD",0.894101566890702,0.990709127927923,0.0177237137060325,1,2361.27236619142,-0.100445219083041
"3259","FRG1",0.894110932478853,0.990709127927923,0.0177205603068992,1,2361.27236619142,-0.0278856510832325
"8475","FMN1",0.894178153421691,0.990709127927923,0.0176979353542684,1,2361.27236619142,-0.0196815642614538
"1796","PHOSPHO2",0.894183361116337,0.990709127927923,0.0176961831833826,1,2361.27236619142,0.20201084560922
"2913","C4orf19",0.894183787948073,0.990709127927923,0.0176960395763152,1,2361.27236619142,0.202010903598767
"3133","CCNA2",0.894266339385924,0.990709127927923,0.0176682763840869,1,2361.27236619142,0.202193111497436
"1524","SMYD5",0.894267279953721,0.990709127927923,0.0176679601859087,1,2361.27236619142,0.202193111263103
"6856","PITPNM1",0.894416077700808,0.990709127927923,0.0176179739192163,1,2361.27236619142,0.0610807637214142
"7314","FAR2",0.894421941758011,0.990709127927923,0.0176160054571513,1,2361.27236619142,0.0438150335099886
"2053","NDUFA10",0.894490029146629,0.990709127927923,0.0175931578977156,1,2361.27236619142,-0.0321254374787422
"4474","RNF216",0.894693653227651,0.990820675028812,0.0175249193603434,1,2361.27236619142,0.0238364936685433
"694","RNF115",0.894748755657547,0.990820675028812,0.0175064766197814,1,2361.27236619142,0.024028344517487
"5095","TNFRSF10D",0.89489332323928,0.990893269180983,0.0174581369228474,1,2361.27236619142,-0.0525089466821948
"8483","SLC12A6",0.894975633141207,0.990896920210459,0.0174306449780966,1,2361.27236619142,0.0263637688423815
"5242","TPD52",0.895073773857126,0.990918096569758,0.0173978942643925,1,2361.27236619142,0.0592291941110498
"4227","CCNC",0.895282559653045,0.991061751311576,0.0173283242125241,1,2361.27236619142,-0.0294548005038814
"9622","MED9",0.895387150473578,0.991066312030703,0.017293526542158,1,2361.27236619142,-0.0868737809500677
"2273","CCDC51",0.895455040781692,0.991066312030703,0.0172709582817416,1,2361.27236619142,0.0999174515520679
"1978","NHEJ1",0.895850532857952,0.991066312030703,0.0171397858390909,1,2361.27236619142,-0.0884618126828847
"12264","GNL3L",0.895921195103461,0.991066312030703,0.0171164029199594,1,2361.27236619142,-0.0469994913902794
"9271","ZDHHC1",0.895941486941967,0.991066312030703,0.0171096911263478,1,2361.27236619142,-0.136528989639953
"2308","IP6K1",0.896008561713076,0.991066312030703,0.0170875147859771,1,2361.27236619142,-0.0302018931635184
"2039","COPS8",0.896027232950382,0.991066312030703,0.0170813442818454,1,2361.27236619142,-0.0502075108898276
"2607","COPB2",0.896088078351914,0.991066312030703,0.0170612438485125,1,2361.27236619142,-0.0250978118246542
"6727","ZBTB3",0.896178607436193,0.991066312030703,0.0170313596097395,1,2361.27236619142,-0.114205457846941
"621","GSTM2",0.89631631995957,0.991066312030703,0.0169859508985038,1,2361.27236619142,0.202561756230863
"12430","MBNL3",0.896379522475323,0.991066312030703,0.0169651314215853,1,2361.27236619142,-0.0468590013293815
"12039","NDUFA6",0.896414437052538,0.991066312030703,0.0169536358132647,1,2361.27236619142,0.0230752557565929
"5491","RPS6",0.896432893158509,0.991066312030703,0.0169475607497123,1,2361.27236619142,-0.0150882566559588
"10061","ARMC7",0.896446892260547,0.991066312030703,0.0169429535044117,1,2361.27236619142,0.0622491297733087
"10194","ENOSF1",0.896472071100893,0.991066312030703,0.0169346684978311,1,2361.27236619142,0.0224480385882222
"11019","ZNF234",0.896609444758005,0.991073362090503,0.0168895024786386,1,2361.27236619142,0.0580053288733278
"6229","FFAR4",0.8967087280216,0.991073362090503,0.0168568980835732,1,2361.27236619142,0.201829929580978
"9660","KSR1",0.896715528238653,0.991073362090503,0.0168546660800932,1,2361.27236619142,-0.0678788444714956
"4941","PARP12",0.896840133602139,0.9911237324202,0.0168137940469914,1,2361.27236619142,-0.0196648690616452
"4616","GRB10",0.897022541060693,0.991168433043239,0.0167540532249305,1,2361.27236619142,0.0816951474153947
"5404","TSTA3",0.897038650429851,0.991168433043239,0.0167487823915856,1,2361.27236619142,0.0530073832493359
"2561","RAB43",0.897350999481726,0.991326736986482,0.0166467513809807,1,2361.27236619142,-0.0451777814662411
"5139","ZNF703",0.897465828084591,0.991326736986482,0.0166093214816812,1,2361.27236619142,0.0797713227419984
"11279","ZFP28",0.897507047870495,0.991326736986482,0.0165958957943721,1,2361.27236619142,0.201830389709512
"11017","ZNF224",0.897575642340728,0.991326736986482,0.0165735661373165,1,2361.27236619142,-0.0392359340674015
"12468","ZFP92",0.897665180905775,0.991326736986482,0.016544441511247,1,2361.27236619142,-0.194427642460789
"9308","TMED6",0.897670504704332,0.991326736986482,0.0165427106345688,1,2361.27236619142,0.201830217939665
"6673","MPEG1",0.897735248541223,0.991326736986482,0.0165216684444016,1,2361.27236619142,-0.0209659777178136
"8156","RPL36AL",0.897819542398862,0.991332530482842,0.0164942927622495,1,2361.27236619142,0.0119660572347722
"5096","TNFRSF10A",0.898009932253629,0.991404214552704,0.0164325457381972,1,2361.27236619142,0.0669389857264533
"6808","FIBP",0.89804257055408,0.991404214552704,0.0164219723389703,1,2361.27236619142,-0.0316252184299228
"6252","EXOSC1",0.898339492625544,0.991587142751179,0.0163259412623048,1,2361.27236619142,-0.0373469242394739
"10329","ZCCHC2",0.898366407458647,0.991587142751179,0.0163172505656486,1,2361.27236619142,0.0182989431136451
"2447","FILIP1L",0.899040777958915,0.991914152661554,0.0161002663903274,1,2361.27236619142,-0.065260797918754
"367","P3H1",0.899108367766786,0.991914152661554,0.0160786001917289,1,2361.27236619142,-0.0471310262222573
"11478","AHCY",0.899178165960827,0.991914152661554,0.01605624164242,1,2361.27236619142,0.0504354807533036
"789","CRTC2",0.899232242621612,0.991914152661554,0.0160389300598226,1,2361.27236619142,-0.0593454469602105
"10098","CYGB",0.89925262058836,0.991914152661554,0.0160324089145591,1,2361.27236619142,0.0879889212421029
"8538","LRRC57",0.899307180128223,0.991914152661554,0.0160149559694499,1,2361.27236619142,0.0492175125546137
"11377","ATRN",0.899359874800653,0.991914152661554,0.0159981087407259,1,2361.27236619142,0.0227844406063073
"3237","WWC2",0.899381015913855,0.991914152661554,0.0159913521611211,1,2361.27236619142,0.0301071863833183
"11594","SPATA2",0.899559284147498,0.991914152661554,0.0159344363047358,1,2361.27236619142,-0.109399493567043
"1089","MAPKAPK2",0.899627427562372,0.991914152661554,0.0159127073296947,1,2361.27236619142,-0.0258310420735246
"285","S100PBP",0.899710246013162,0.991914152661554,0.0158863191835779,1,2361.27236619142,0.0286767994842502
"9278","C16orf86",0.899741211336642,0.991914152661554,0.0158764585273205,1,2361.27236619142,0.0676924060792045
"4002","HLA-DPB1",0.89979891768091,0.991914152661554,0.0158580907074901,1,2361.27236619142,-0.0212114407979804
"760","PSMD4",0.899808650504962,0.991914152661554,0.0158549938324428,1,2361.27236619142,-0.0227261537245703
"6491","FAM160A2",0.89989048286618,0.991914152661554,0.0158289678465307,1,2361.27236619142,0.0541506465170173
"933","RCSD1",0.899928173908234,0.991914152661554,0.0158169878822875,1,2361.27236619142,0.0160179623207641
"2814","PCGF3",0.900666009238396,0.992579434260169,0.0155833972074448,1,2361.27236619142,0.0342851181610792
"9028","COQ7",0.900690053574732,0.992579434260169,0.0155758147246947,1,2361.27236619142,-0.076590359000999
"4757","CPSF4",0.900913439005614,0.992640623801702,0.0155054587622779,1,2361.27236619142,0.0540139333223406
"10243","RBBP8",0.901129058213443,0.992640623801702,0.0154377021847054,1,2361.27236619142,-0.0431612170029485
"8100","TGM1",0.901140477048514,0.992640623801702,0.0154341181095375,1,2361.27236619142,0.0684315791867254
"12532","MT-ND5",0.901161838588037,0.992640623801702,0.0154274144127228,1,2361.27236619142,-0.010069152980106
"12082","TUBGCP6",0.90117805492864,0.992640623801702,0.0154223263739912,1,2361.27236619142,-0.069596511600617
"11631","GNAS",0.901220488207175,0.992640623801702,0.0154090165413932,1,2361.27236619142,0.0113301503402044
"1339","UCN",0.901524849650202,0.992868943313282,0.015313720018852,1,2361.27236619142,0.136393659035969
"2790","CEP19",0.901642057153128,0.992868943313282,0.0152771020224069,1,2361.27236619142,0.07748586132797
"6569","SVIP",0.901835594579684,0.992868943313282,0.0152167344216911,1,2361.27236619142,0.0515462900128332
"2129","LSM3",0.901864293151422,0.992868943313282,0.0152077931805593,1,2361.27236619142,-0.0218672808336001
"12034","SEPTIN3",0.901886490279939,0.992868943313282,0.0152008793392192,1,2361.27236619142,0.20201099447288
"8219","PCNX4",0.901902798997282,0.992868943313282,0.0151958006052848,1,2361.27236619142,-0.024566338392957
"436","TXNDC12",0.902197794740823,0.993041833784835,0.0151040840356731,1,2361.27236619142,0.0232515951586393
"11139","FUZ",0.902218216581167,0.993041833784835,0.0150977451500564,1,2361.27236619142,-0.0751046453685323
"448","CPT2",0.902299686827531,0.993044350373327,0.0150724704400372,1,2361.27236619142,0.0358994191037148
"2476","ATG3",0.902477755317393,0.99310038962052,0.0150173026491404,1,2361.27236619142,0.020265198371012
"4355","PLAGL1",0.902693611620006,0.99310038962052,0.0149505653863017,1,2361.27236619142,0.0237254036856473
"3996","TAP1",0.902790104598978,0.99310038962052,0.0149207810052392,1,2361.27236619142,-0.0233400733252371
"6787","CDC42EP2",0.903018375664336,0.99310038962052,0.0148504408156868,1,2361.27236619142,-0.130525483918541
"491","PDE4B",0.903046458467223,0.99310038962052,0.0148417989404359,1,2361.27236619142,0.0134960440724715
"6937","MYO7A",0.903050361303437,0.99310038962052,0.0148405981290182,1,2361.27236619142,-0.0479158384732379
"5770","ZBTB6",0.903208260211986,0.99310038962052,0.0147920576717029,1,2361.27236619142,-0.0603744857745491
"3426","POC5",0.903366806828106,0.99310038962052,0.014743399284219,1,2361.27236619142,-0.0486927149302712
"10189","METRNL",0.903383677862993,0.99310038962052,0.014738226306298,1,2361.27236619142,0.0188150715337895
"11111","BAX",0.903516376754216,0.99310038962052,0.0146975704325494,1,2361.27236619142,0.013567829010939
"8432","SIVA1",0.903616980766358,0.99310038962052,0.0146667856610927,1,2361.27236619142,-0.0225250151190598
"1393","QPCT",0.903642966193978,0.99310038962052,0.0146588394563965,1,2361.27236619142,0.130482943078516
"10270","INO80C",0.903794860822374,0.99310038962052,0.0146124346000601,1,2361.27236619142,-0.0615488328583119
"9353","TERF2IP",0.903885998212351,0.99310038962052,0.0145846273275166,1,2361.27236619142,0.0213718491453337
"4270","TUBE1",0.904002331710364,0.99310038962052,0.014549171414531,1,2361.27236619142,0.0707843857612599
"10085","FBF1",0.9040751002122,0.99310038962052,0.0145270154184971,1,2361.27236619142,0.0817125239000899
"465","TTC4",0.904183829023274,0.99310038962052,0.0144939424184433,1,2361.27236619142,-0.0512019078510548
"5327","ENY2",0.904186501867722,0.99310038962052,0.0144931298773512,1,2361.27236619142,-0.0152032455227609
"4070","TREML1",0.904313760682739,0.99310038962052,0.0144544701093943,1,2361.27236619142,-0.0581972027230783
"4555","GGCT",0.904360187087249,0.99310038962052,0.0144403793398907,1,2361.27236619142,-0.0392781677227796
"7188","LTBR",0.904399131891466,0.99310038962052,0.014428564669617,1,2361.27236619142,-0.0332023168391099
"1745","GTDC1",0.904492706309626,0.99310038962052,0.0144001970853756,1,2361.27236619142,0.0245733351278708
"7228","C3AR1",0.904513483197327,0.99310038962052,0.0143939023025552,1,2361.27236619142,0.020292418719072
"1804","METTL8",0.9046653826372,0.99310038962052,0.0143479236707867,1,2361.27236619142,-0.0396650105389809
"10072","CASKIN2",0.904730426337328,0.99310038962052,0.0143282583253072,1,2361.27236619142,-0.0900020026312518
"8990","CIITA",0.904776473165907,0.99310038962052,0.0143143447734941,1,2361.27236619142,0.0357978912448216
"9315","PDPR",0.904793066406292,0.99310038962052,0.014309332625133,1,2361.27236619142,0.0313637258346247
"10595","KANK2",0.904906094620009,0.99310038962052,0.0142752150467281,1,2361.27236619142,-0.199820569401545
"11311","ZNF587B",0.904962543496737,0.99310038962052,0.014258191412025,1,2361.27236619142,-0.0524250176014792
"8480","PGBD4",0.90503894621837,0.99310038962052,0.0142351665807662,1,2361.27236619142,0.140009479116222
"8837","LRRC28",0.90512055457588,0.99310038962052,0.0142105938147558,1,2361.27236619142,-0.0309801893181589
"7716","C12orf49",0.90531163527825,0.99310038962052,0.014153142484439,1,2361.27236619142,-0.0401823434029078
"10432","ZNF555",0.905512168223293,0.99310038962052,0.0140929761071579,1,2361.27236619142,-0.101042020023511
"6126","SUPV3L1",0.905560382996847,0.99310038962052,0.0140785294943909,1,2361.27236619142,0.0602458517397081
"7359","ASB8",0.905649703681498,0.99310038962052,0.0140517861505353,1,2361.27236619142,0.0337254746610996
"7123","STT3A",0.905671063804125,0.99310038962052,0.0140453945750251,1,2361.27236619142,0.0476518404205861
"7722","RFC5",0.905814283548791,0.99310038962052,0.0140025771086485,1,2361.27236619142,-0.0874647190728944
"10482","SAFB2",0.905836813335544,0.99310038962052,0.01399584755961,1,2361.27236619142,0.0243641631724199
"7097","OAF",0.905880617952854,0.99310038962052,0.0139827680059639,1,2361.27236619142,-0.0872402127000094
"1599","ZNF2",0.906040686092257,0.99310038962052,0.0139350262250365,1,2361.27236619142,0.0797139075981387
"5822","CERCAM",0.906115847449525,0.99310038962052,0.0139126372263963,1,2361.27236619142,0.103160003413797
"7679","TCTN1",0.906159058386728,0.99310038962052,0.0138997738530295,1,2361.27236619142,-0.0800964241827167
"3172","ABCE1",0.906228265091572,0.99310038962052,0.0138791844209781,1,2361.27236619142,-0.0469611930031279
"12139","MOSPD2",0.906253315592046,0.99310038962052,0.0138717355526434,1,2361.27236619142,-0.0282501994625299
"3854","RANBP9",0.906336733067053,0.99310038962052,0.013846945641026,1,2361.27236619142,-0.0240432442296751
"1445","ERLEC1",0.90639203273343,0.99310038962052,0.0138305241378441,1,2361.27236619142,-0.0290461835983646
"4723","CYP51A1",0.906421873509373,0.99310038962052,0.0138216668785484,1,2361.27236619142,-0.0540612078586983
"6306","MFSD13A",0.906428312587982,0.99310038962052,0.0138197560257466,1,2361.27236619142,0.0383008166847388
"7652","TMEM119",0.906472056640633,0.99310038962052,0.0138067781414598,1,2361.27236619142,0.131137624520347
"6792","LTBP3",0.906489050804705,0.99310038962052,0.0138017380191868,1,2361.27236619142,0.0727921409396187
"7807","MMP17",0.906516012108417,0.99310038962052,0.0137937437605796,1,2361.27236619142,0.09005920010718
"4868","FOXP2",0.906530581853662,0.99310038962052,0.0137894246829111,1,2361.27236619142,0.202376767906419
"3879","TDP2",0.90654758475207,0.99310038962052,0.0137843851845161,1,2361.27236619142,0.0170890724391543
"2794","NCBP2AS2",0.906846013669292,0.993153996257122,0.0136960856835885,1,2361.27236619142,-0.0386953929910249
"1889","SATB2",0.906888571974979,0.993153996257122,0.013683516914182,1,2361.27236619142,0.0851284617869447
"11336","SLC27A5",0.906917107376497,0.993153996257122,0.0136750928128019,1,2361.27236619142,-0.101537054212858
"10128","CCDC40",0.907124177569287,0.993153996257122,0.013614041186926,1,2361.27236619142,0.133860662703361
"7771","CCDC62",0.907177003853046,0.993153996257122,0.0135984882926018,1,2361.27236619142,-0.170719904984809
"2355","PHF7",0.907216206803489,0.993153996257122,0.0135869521474722,1,2361.27236619142,-0.0536613714515274
"11106","PLEKHA4",0.907260595170056,0.993153996257122,0.0135738960938516,1,2361.27236619142,-0.123257296097808
"5462","AK3",0.907270598053524,0.993153996257122,0.0135709548007072,1,2361.27236619142,-0.0321758434953378
"6416","ZNF511",0.907535334678233,0.993153996257122,0.0134932278477046,1,2361.27236619142,0.0311485813330499
"11512","RAB5IF",0.907785727793119,0.993153996257122,0.0134199203437962,1,2361.27236619142,-0.0151870299823043
"11870","DDT",0.907796981563346,0.993153996257122,0.0134166303333657,1,2361.27236619142,0.0227586478766394
"12427","ENOX2",0.907804021000993,0.993153996257122,0.0134145725799011,1,2361.27236619142,-0.0283607211195089
"3147","PGRMC2",0.908065592202359,0.993153996257122,0.0133382240178535,1,2361.27236619142,0.0349219724014452
"12360","NXF3",0.908170889748436,0.993153996257122,0.0133075516344788,1,2361.27236619142,0.123800910713278
"390","TMEM53",0.90823771785499,0.993153996257122,0.0132881036681656,1,2361.27236619142,0.0503470711029585
"1622","ANKRD36B",0.908269168913307,0.993153996257122,0.0132789559323237,1,2361.27236619142,0.0677490914914391
"377","MED8",0.908275500311928,0.993153996257122,0.0132771147915992,1,2361.27236619142,-0.0311345296427726
"4179","PHIP",0.908334322185548,0.993153996257122,0.0132600158521644,1,2361.27236619142,-0.0134214612067902
"11431","CRNKL1",0.908344258023362,0.993153996257122,0.0132571287040647,1,2361.27236619142,-0.0409666513969929
"1956","XRCC5",0.908413735956582,0.993153996257122,0.0132369487605909,1,2361.27236619142,-0.0147661990011051
"6314","AS3MT",0.908539948935184,0.993153996257122,0.0132003299021554,1,2361.27236619142,0.0942866292703807
"2204","EXOG",0.90857245667701,0.993153996257122,0.0131909065769542,1,2361.27236619142,0.0446625424941475
"5267","C8orf88",0.908701514823618,0.993153996257122,0.0131535289096943,1,2361.27236619142,-0.167894137004827
"7292","CMAS",0.908791737659155,0.993153996257122,0.0131274305890094,1,2361.27236619142,-0.0315955375793969
"2631","PLSCR1",0.908866624435513,0.993153996257122,0.0131057883971783,1,2361.27236619142,-0.0111714186575109
"3456","RPS23",0.909138175464362,0.993153996257122,0.0130274621768961,1,2361.27236619142,-0.0106126762528042
"5999","RPP38",0.909185572642028,0.993153996257122,0.0130138153050886,1,2361.27236619142,-0.0379241464512319
"2154","PP2D1",0.909248154509448,0.993153996257122,0.0129958074667554,1,2361.27236619142,-0.166506572467566
"7299","KRAS",0.909624095540724,0.993153996257122,0.0128878967993635,1,2361.27236619142,0.0235183270070914
"11714","SYNJ1",0.909942635280753,0.993153996257122,0.0127968193014749,1,2361.27236619142,0.0204884575148624
"6145","DDIT4",0.909969145482394,0.993153996257122,0.0127892541974061,1,2361.27236619142,-0.0238383008448918
"257","NKAIN1",0.910075009886031,0.993153996257122,0.012759066706418,1,2361.27236619142,-0.192586965420849
"1695","STEAP3",0.910150140516134,0.993153996257122,0.0127376649407878,1,2361.27236619142,0.103876741357263
"5115","PNOC",0.910208640035862,0.993153996257122,0.012721013323341,1,2361.27236619142,-0.176887236685542
"1885","MOB4",0.910308237146351,0.993153996257122,0.0126926888414256,1,2361.27236619142,0.0268520306375445
"8954","CREBBP",0.910384574619887,0.993153996257122,0.0126710008235962,1,2361.27236619142,-0.0163133730487674
"5194","LYN",0.91042276755554,0.993153996257122,0.0126601569880746,1,2361.27236619142,-0.01169038392875
"3149","SCLT1",0.910463016743295,0.993153996257122,0.0126487344234897,1,2361.27236619142,0.0156860131031515
"8568","SHF",0.910630382458621,0.993153996257122,0.0126012926640726,1,2361.27236619142,0.125185824319695
"1964","AAMP",0.910655753848634,0.993153996257122,0.012594108726955,1,2361.27236619142,0.0368550932095871
"3225","GALNT7",0.910671093295122,0.993153996257122,0.0125897663518334,1,2361.27236619142,-0.027222033402772
"5160","GOLGA7",0.91084721658203,0.993153996257122,0.0125399627260368,1,2361.27236619142,0.0249353673646436
"9905","SKAP1",0.910974440872016,0.993153996257122,0.0125040487861573,1,2361.27236619142,-0.190995401837969
"9070","SLC5A11",0.910984407594336,0.993153996257122,0.0125012374987457,1,2361.27236619142,0.103510144173634
"6409","STK32C",0.911016775256084,0.993153996257122,0.0124921098438924,1,2361.27236619142,-0.0333230686017492
"11583","ZMYND8",0.911036688115162,0.993153996257122,0.0124864961103826,1,2361.27236619142,-0.0185889019802094
"10474","FEM1A",0.911058106950762,0.993153996257122,0.0124804592454735,1,2361.27236619142,-0.0676529760198951
"3460","VCAN",0.911062792752004,0.993153996257122,0.012479138756838,1,2361.27236619142,0.0319424577339218
"9770","PSMB3",0.911141374254292,0.993153996257122,0.0124570045282578,1,2361.27236619142,-0.017832956910567
"4942","KDM7A",0.911257955310515,0.993153996257122,0.0124242035256243,1,2361.27236619142,0.0221975003478499
"1939","PLEKHM3",0.911353099420996,0.993153996257122,0.0123974664210263,1,2361.27236619142,-0.0277145831770985
"4980","ZNF467",0.911424346466068,0.993153996257122,0.0123774638880369,1,2361.27236619142,0.0456350383190338
"3998","HLA-DMA",0.91165481987436,0.993153996257122,0.0123128707026754,1,2361.27236619142,0.0155404637622564
"3999","BRD2",0.911682232777103,0.993153996257122,0.0123051992619087,1,2361.27236619142,0.0193673696525635
"5844","IER5L",0.91176202343508,0.993153996257122,0.012282883794119,1,2361.27236619142,-0.0234283848191629
"3441","JMY",0.911764156901896,0.993153996257122,0.0122822873977934,1,2361.27236619142,0.042173326213206
"6867","C11orf24",0.911858632120845,0.993153996257122,0.0122558921798887,1,2361.27236619142,-0.0501620753098075
"4050","CDKN1A",0.91190270576529,0.993153996257122,0.0122435883753723,1,2361.27236619142,0.0179164831375633
"6772","BATF2",0.911982164169886,0.993153996257122,0.0122214221987228,1,2361.27236619142,-0.0344590101424628
"12486","DNASE1L1",0.91233745042269,0.993153996257122,0.0121225581392521,1,2361.27236619142,0.0402321008588554
"12292","YIPF6",0.912372174277409,0.993153996257122,0.0121129174728836,1,2361.27236619142,0.031018459463861
"2063","PASK",0.912521046351744,0.993153996257122,0.0120716288992867,1,2361.27236619142,0.165977097829647
"2183","TMPPE",0.912522257275722,0.993153996257122,0.012071293350941,1,2361.27236619142,0.165976581675982
"11736","CBR3",0.912555972136967,0.993153996257122,0.0120619528214895,1,2361.27236619142,0.0875985563892291
"12183","RPGR",0.912577448087412,0.993153996257122,0.0120560049271021,1,2361.27236619142,-0.0512198547028123
"9564","CYB5D1",0.91263582253712,0.993153996257122,0.0120398452717333,1,2361.27236619142,0.166028434487483
"10677","DNAJB1",0.912746229178382,0.993153996257122,0.0120093116614149,1,2361.27236619142,-0.0344909519271232
"8370","ATXN3",0.912794835519247,0.993153996257122,0.0119958817279579,1,2361.27236619142,0.025423052320048
"5441","C8orf82",0.912813147604467,0.993153996257122,0.0119908240701817,1,2361.27236619142,0.0405361437302354
"1899","CLK1",0.912861079828111,0.993153996257122,0.0119775906663359,1,2361.27236619142,0.0253426329376147
"560","ZNF326",0.912862457667458,0.993153996257122,0.0119772103738552,1,2361.27236619142,-0.0260026718919161
"8612","C15orf65",0.912863416905977,0.993153996257122,0.0119769456214902,1,2361.27236619142,0.166133542693409
"8949","NAA60",0.91299239624416,0.993153996257122,0.0119413739507025,1,2361.27236619142,0.0283681119347441
"3074","RAP1GDS1",0.913067129697735,0.993153996257122,0.0119207874415271,1,2361.27236619142,0.020970525858267
"3094","CENPE",0.913138312960614,0.993153996257122,0.0119011956001977,1,2361.27236619142,0.0785001601856476
"4088","BICRAL",0.913156416366346,0.993153996257122,0.0118962155821585,1,2361.27236619142,-0.0233280421951042
"9615","ZNF624",0.913197135191458,0.993153996257122,0.0118850182016531,1,2361.27236619142,0.0590633276877411
"7395","HIGD1C",0.913222372983355,0.993153996257122,0.0118780806706496,1,2361.27236619142,-0.159313804479838
"11957","PVALB",0.913247399652899,0.993153996257122,0.0118712031981511,1,2361.27236619142,-0.179082493034125
"4776","MBLAC1",0.913459468263417,0.993153996257122,0.0118130064137557,1,2361.27236619142,0.116882558304606
"6905","RAB6A",0.913480495949462,0.993153996257122,0.0118072437900586,1,2361.27236619142,-0.0173237944289166
"6539","COPB1",0.913514434919378,0.993153996257122,0.0117979458382179,1,2361.27236619142,-0.0187310902202455
"2583","NPHP3",0.913543874743474,0.993153996257122,0.011789883477887,1,2361.27236619142,0.023531148074644
"5715","ECPAS",0.913569895022158,0.993153996257122,0.0117827599120277,1,2361.27236619142,0.0174440067802821
"4580","CDK13",0.913653365744763,0.993153996257122,0.0117599228514048,1,2361.27236619142,-0.0155731955126276
"9000","RSL1D1",0.913872660028408,0.993153996257122,0.0117000321135734,1,2361.27236619142,-0.0224599878585609
"418","UQCRH",0.913918206673104,0.993153996257122,0.0116876124199201,1,2361.27236619142,0.0149769568984949
"10345","CNDP2",0.913925350880593,0.993153996257122,0.011685664937382,1,2361.27236619142,0.0176322890336011
"373","SLC2A1",0.913932133321953,0.993153996257122,0.0116838162227554,1,2361.27236619142,0.102363464288458
"1304","FKBP1B",0.913943862318295,0.993153996257122,0.011680619556876,1,2361.27236619142,0.0586944231607504
"1749","MBD5",0.914023658541467,0.993153996257122,0.0116588833315126,1,2361.27236619142,0.0140016111508289
"817","KRTCAP2",0.91415469742325,0.993153996257122,0.0116232332042284,1,2361.27236619142,-0.0188027576157412
"3501","MAN2A1",0.914207426303708,0.993153996257122,0.0116089034915224,1,2361.27236619142,-0.0228522426279756
"3626","TAF7",0.914354617494707,0.993153996257122,0.0115689498156421,1,2361.27236619142,-0.0182665010844025
"5523","UBAP2",0.914389008770501,0.993153996257122,0.0115596246653767,1,2361.27236619142,-0.029002152889315
"11075","SAE1",0.914457996522176,0.993153996257122,0.0115409301915705,1,2361.27236619142,-0.0358822778242125
"7936","KPNA3",0.914477904626041,0.993153996257122,0.0115355382889952,1,2361.27236619142,0.0198245560713303
"4014","ZBTB22",0.914677175257673,0.993153996257122,0.0114816381297374,1,2361.27236619142,0.0811333641778633
"7879","SPART",0.915034957145084,0.993153996257122,0.0113851830794387,1,2361.27236619142,-0.0179308667738246
"6366","RGS10",0.915111663761285,0.993153996257122,0.0113645571759985,1,2361.27236619142,-0.0143773683294384
"514","TYW3",0.91511669804674,0.993153996257122,0.0113632041511922,1,2361.27236619142,0.0369781917742881
"49","LRRC47",0.915341492913625,0.993153996257122,0.0113028708547325,1,2361.27236619142,-0.0422754239412382
"2340","PARP3",0.915397521017037,0.993153996257122,0.0112878586066656,1,2361.27236619142,0.0933905000866407
"7962","TBC1D4",0.915500180027747,0.993153996257122,0.0112603781858443,1,2361.27236619142,-0.0481701565351434
"8033","PARP2",0.915604929650076,0.993153996257122,0.0112323730466097,1,2361.27236619142,0.0453828347317893
"11307","ZNF671",0.915667796298573,0.993153996257122,0.0112155823825415,1,2361.27236619142,-0.078155300524901
"7137","KCNJ5",0.915766587193884,0.993153996257122,0.0111892225927806,1,2361.27236619142,0.0576785354638929
"8153","MIS18BP1",0.915775289574403,0.993153996257122,0.0111869020910178,1,2361.27236619142,0.0198945315566384
"9703","BLMH",0.915857567142088,0.993153996257122,0.0111649746903312,1,2361.27236619142,0.034218390270844
"2840","SH3BP2",0.915973670605125,0.993153996257122,0.0111340695145725,1,2361.27236619142,-0.0210490362384221
"11020","ZNF226",0.916019480022137,0.993153996257122,0.0111218875808884,1,2361.27236619142,-0.0401289146376379
"8608","RAB27A",0.916026498378485,0.993153996257122,0.0111200218101939,1,2361.27236619142,-0.0308330364239091
"4000","HLA-DOA",0.916049176477308,0.993153996257122,0.0111139941111942,1,2361.27236619142,0.103301511197939
"8732","PTPN9",0.91605538802921,0.993153996257122,0.0111123434072148,1,2361.27236619142,0.0184764008430993
"11943","HMGXB4",0.916186118553042,0.993153996257122,0.0110776308630986,1,2361.27236619142,-0.0267496223266023
"8352","ZC3H14",0.916216923183924,0.993153996257122,0.0110694593805187,1,2361.27236619142,0.0263620195926922
"3156","RAB33B",0.916378969935954,0.993153996257122,0.0110265237586265,1,2361.27236619142,0.0597221189259289
"2022","PTMA",0.916455173172012,0.993153996257122,0.0110063622429655,1,2361.27236619142,-0.00748776589731153
"3895","ZNF391",0.916457748433231,0.993153996257122,0.0110056812175501,1,2361.27236619142,-0.15414509656984
"5127","RBPMS",0.916679366055753,0.993153996257122,0.0109471544368768,1,2361.27236619142,0.166028469516643
"609","WDR47",0.916806926388016,0.993153996257122,0.0109135386804773,1,2361.27236619142,0.0375361108250295
"9982","USP32",0.916861783790988,0.993153996257122,0.0108990982713801,1,2361.27236619142,0.0167545267491954
"1124","PTPN14",0.91690558889923,0.993153996257122,0.0108875741568474,1,2361.27236619142,-0.175845996920543
"11269","CCDC106",0.917024306245114,0.993153996257122,0.01085637333798,1,2361.27236619142,0.0393391214458811
"9385","KIAA0513",0.917362985802954,0.993153996257122,0.0107676116344282,1,2361.27236619142,-0.0365567270900215
"6341","GPAM",0.917456264517277,0.993153996257122,0.0107432296757745,1,2361.27236619142,0.0908047433400982
"10574","FDX2",0.917527699755215,0.993153996257122,0.0107245762320629,1,2361.27236619142,0.0452014570476869
"7449","ORMDL2",0.917654541948957,0.993153996257122,0.0106914950794034,1,2361.27236619142,0.0369463935911585
"4325","ALDH8A1",0.917737727784703,0.993153996257122,0.0106698277906754,1,2361.27236619142,0.157155052752643
"3070","SMARCAD1",0.917745217116363,0.993153996257122,0.010667878145717,1,2361.27236619142,-0.0320128491952246
"6737","PLAAT3",0.917866708733404,0.993153996257122,0.0106362762377923,1,2361.27236619142,-0.0591102968143767
"387","DMAP1",0.91797743091743,0.993153996257122,0.0106075168935061,1,2361.27236619142,-0.0444035795426449
"10136","RPTOR",0.91813093962575,0.993153996257122,0.0105677091272798,1,2361.27236619142,0.0225146032104347
"9179","VPS35",0.918171328620171,0.993153996257122,0.0105572480492301,1,2361.27236619142,-0.0171903614224467
"8948","ZNF597",0.918193792127702,0.993153996257122,0.0105514320835725,1,2361.27236619142,0.0779607178111063
"2618","GK5",0.918382594503578,0.993153996257122,0.0105026137739213,1,2361.27236619142,-0.0384221252059077
"8004","MYO16",0.918425030335059,0.993153996257122,0.0104916569571408,1,2361.27236619142,0.166028432610825
"4675","GTF2IRD2B",0.918440695577029,0.993153996257122,0.0104876136943355,1,2361.27236619142,0.0590542643927632
"8671","TIPIN",0.918502570100572,0.993153996257122,0.0104716513248302,1,2361.27236619142,-0.0561369256550637
"8917","RNPS1",0.918588031319411,0.993153996257122,0.0104496242678674,1,2361.27236619142,-0.0265292877550785
"9163","ZNF646",0.918620299837306,0.993153996257122,0.0104413133679229,1,2361.27236619142,0.047065671812239
"7248","CLEC7A",0.918777993154267,0.993153996257122,0.0104007468087626,1,2361.27236619142,-0.0153339518542218
"1974","RNF25",0.918827238329399,0.993153996257122,0.0103880948490663,1,2361.27236619142,0.0587056639876704
"7315","ERGIC2",0.918897370788944,0.993153996257122,0.0103700900045869,1,2361.27236619142,-0.0264286550739153
"7977","TGDS",0.918938043040042,0.993153996257122,0.0103596555980934,1,2361.27236619142,-0.0449351705632372
"10391","FAM174C",0.919092466081565,0.993153996257122,0.0103200869143875,1,2361.27236619142,-0.0278098866974152
"7112","TBRG1",0.919133675614445,0.993153996257122,0.0103095404943572,1,2361.27236619142,-0.0188161464452435
"4524","GPNMB",0.919183343301671,0.993153996257122,0.0102968366867439,1,2361.27236619142,-0.00899121043986761
"12450","RBMX",0.919214390957308,0.993153996257122,0.0102888994573403,1,2361.27236619142,-0.0192346758760175
"4241","SEC63",0.91921555061773,0.993153996257122,0.0102886030539276,1,2361.27236619142,-0.0192308197287903
"1344","ZNF513",0.919227485115629,0.993153996257122,0.0102855529064806,1,2361.27236619142,0.0770885576317687
"8951","SLX4",0.919259902020285,0.993153996257122,0.0102772702939771,1,2361.27236619142,-0.0696719308683229
"10117","DNAH17",0.919488380991277,0.993153996257122,0.0102189888501843,1,2361.27236619142,0.0383833988421637
"11030","NECTIN2",0.919628392358079,0.993153996257122,0.0101833568512453,1,2361.27236619142,-0.0184348313758084
"6429","IFITM1",0.919683472408101,0.993153996257122,0.01016935655985,1,2361.27236619142,0.0683522698718082
"6044","MAP3K8",0.919761617135822,0.993153996257122,0.0101495103621673,1,2361.27236619142,0.0221889283901779
"11649","MRGBP",0.919763183318943,0.993153996257122,0.0101491128031846,1,2361.27236619142,0.0406444388663921
"12395","CXorf56",0.919900724750214,0.993153996257122,0.0101142300437836,1,2361.27236619142,-0.0563471490434766
"6584","PRRG4",0.919900767015782,0.993153996257122,0.0101142193338661,1,2361.27236619142,0.0512626319982749
"1813","RAPGEF4",0.919925371191265,0.993153996257122,0.010107985711258,1,2361.27236619142,-0.0916744081194531
"6433","RNH1",0.92018114653926,0.993153996257122,0.0100432983819713,1,2361.27236619142,-0.0173316699823673
"4545","CREB5",0.920204850175478,0.993153996257122,0.0100373141901275,1,2361.27236619142,0.0580300123697976
"8737","FBXO22",0.920208918336949,0.993153996257122,0.0100362873280137,1,2361.27236619142,0.0289684258391602
"1489","WDR92",0.920311556235994,0.993153996257122,0.010010397609979,1,2361.27236619142,-0.0478498603001116
"9290","DPEP3",0.92031337486728,0.993153996257122,0.010009939176991,1,2361.27236619142,-0.147919202806912
"1354","MRPL33",0.920385195103344,0.993153996257122,0.00999184350838801,1,2361.27236619142,-0.0202260329662276
"9336","DHX38",0.920413722910367,0.993153996257122,0.0099846602932344,1,2361.27236619142,-0.0356530713140658
"6093","CSTF2T",0.920515460113362,0.993153996257122,0.00995906441525115,1,2361.27236619142,-0.053103198305278
"844","BGLAP",0.920520322232996,0.993153996257122,0.00995784199408553,1,2361.27236619142,-0.0872197912113159
"2300","TCTA",0.920534643067502,0.993153996257122,0.00995424192830247,1,2361.27236619142,0.0407355961876603
"6214","KIF20B",0.920582644122212,0.993153996257122,0.00994217990108354,1,2361.27236619142,-0.0405149816902643
"5552","RGP1",0.920645706975278,0.993153996257122,0.00992634426879009,1,2361.27236619142,0.0566580293177797
"1697","DBI",0.920719599842692,0.993153996257122,0.00990780534348638,1,2361.27236619142,0.0133223447033089
"2576","NUDT16",0.920768481866649,0.993153996257122,0.00989555098713981,1,2361.27236619142,0.0314940582250176
"11413","SNRPB2",0.920804536636677,0.993153996257122,0.00988651723440468,1,2361.27236619142,-0.0209243946755647
"10434","ZNF77",0.920854480745273,0.993153996257122,0.00987401030193026,1,2361.27236619142,-0.103532964748609
"1587","CHMP3",0.921034164161272,0.993153996257122,0.00982908035105224,1,2361.27236619142,-0.0134715270596344
"10403","ATP8B3",0.921120808660222,0.993153996257122,0.00980745181373744,1,2361.27236619142,0.0867706205317591
"4684","MDH2",0.921192711938157,0.993153996257122,0.00978952130257877,1,2361.27236619142,0.0229800468846081
"12259","HSD17B10",0.92124083098271,0.993153996257122,0.00977753111554948,1,2361.27236619142,-0.0423871382501737
"8161","KLHDC2",0.921314451464745,0.993153996257122,0.00975920090078984,1,2361.27236619142,0.0346939800835445
"1391","NDUFAF7",0.921353294103947,0.993153996257122,0.00974953676004961,1,2361.27236619142,0.037859161794329
"3604","DNAJC18",0.921409504501347,0.993153996257122,0.00973556003931173,1,2361.27236619142,0.0669299437699087
"12215","ZNF182",0.921492203929136,0.993153996257122,0.00971501522144489,1,2361.27236619142,-0.0574481451398672
"8266","SRSF5",0.921509826684147,0.993153996257122,0.00971064007534634,1,2361.27236619142,-0.0129959029643023
"6161","SEC24C",0.921646022180145,0.993153996257122,0.00967686080450498,1,2361.27236619142,-0.0338820638264691
"2283","PRKAR2A",0.921652525389396,0.993153996257122,0.00967524936196871,1,2361.27236619142,-0.0204827279182372
"10567","DNMT1",0.921700670472286,0.993153996257122,0.0096633236149904,1,2361.27236619142,-0.0157944042628385
"6508","SYT9",0.921712960620452,0.993153996257122,0.00966028048139888,1,2361.27236619142,-0.10362228321477
"303","PSMB2",0.921714969237438,0.993153996257122,0.00965978317865212,1,2361.27236619142,0.0160364551554178
"12537","AL354822.1",0.921722299851419,0.993153996257122,0.00965796834076307,1,2361.27236619142,-0.0656308350045284
"8583","FAM227B",0.921970846600374,0.993237975859175,0.00959653755792939,1,2361.27236619142,-0.0614076070998613
"9858","HDAC5",0.922066046402467,0.993237975859175,0.0095730603972108,1,2361.27236619142,0.0332035948876944
"4468","WIPI2",0.922099505911751,0.993237975859175,0.00956481586365546,1,2361.27236619142,0.0187609215144321
"8130","BAZ1A",0.922183484549852,0.993237975859175,0.00954413904345199,1,2361.27236619142,0.0128391055425937
"12225","SUV39H1",0.922223678813378,0.993237975859175,0.00953425059581373,1,2361.27236619142,-0.101752213985965
"9492","AC233723.1",0.922326327254755,0.993237975859175,0.00950902087594444,1,2361.27236619142,0.0664097222922441
"7604","APAF1",0.92235463414847,0.993237975859175,0.00950206932662412,1,2361.27236619142,-0.0262070984773915
"2870","AFAP1",0.922595723244177,0.993305129490035,0.00944296715010014,1,2361.27236619142,0.109516497264006
"7060","RNF214",0.922628509947541,0.993305129490035,0.00943494397751047,1,2361.27236619142,0.0283276550281473
"2335","RBM15B",0.922834066005551,0.993305129490035,0.00938472117593343,1,2361.27236619142,-0.0415459398749453
"11926","SELENOM",0.922932427836443,0.993305129490035,0.00936073662576512,1,2361.27236619142,0.0245587033386991
"5794","ZNF79",0.923046013064021,0.993305129490035,0.00933307853909942,1,2361.27236619142,0.0525942194489206
"9201","AC007906.2",0.92322203162592,0.993305129490035,0.00929029948408452,1,2361.27236619142,0.0858090344222149
"9132","TBC1D10B",0.923223569680802,0.993305129490035,0.00928992611666842,1,2361.27236619142,0.0294469766585334
"11422","DZANK1",0.923271638537042,0.993305129490035,0.00927826107478926,1,2361.27236619142,-0.0787578633288035
"6572","LIN7C",0.923555814700661,0.993305129490035,0.00920945013239283,1,2361.27236619142,0.0294516917839792
"4740","PON2",0.923569548535273,0.993305129490035,0.00920613114399899,1,2361.27236619142,-0.0395558315397272
"8253","VTI1B",0.923574744977832,0.993305129490035,0.00920487550265314,1,2361.27236619142,-0.0149637418629662
"3184","RPS3A",0.923695903660925,0.993305129490035,0.00917562384683577,1,2361.27236619142,-0.00922399756289586
"1753","RBM43",0.923780460493246,0.993305129490035,0.00915523690560961,1,2361.27236619142,-0.0249535635693728
"10599","CCDC159",0.923894216597532,0.993305129490035,0.00912784601728352,1,2361.27236619142,-0.0450304052358018
"11747","PSMG1",0.923934753578306,0.993305129490035,0.00911809528347709,1,2361.27236619142,0.0483207362332653
"1500","AAK1",0.923954435182745,0.993305129490035,0.00911336298197425,1,2361.27236619142,-0.0115103353756827
"7334","C12orf40",0.923961925123023,0.993305129490035,0.00911156240483695,1,2361.27236619142,0.162950762844345
"6360","CACUL1",0.923991017553678,0.993305129490035,0.00910457030480097,1,2361.27236619142,0.0145366429576748
"9696","TAOK1",0.924036686169177,0.993305129490035,0.00909359973268655,1,2361.27236619142,-0.0110153148476387
"7126","PUS3",0.92404481932801,0.993305129490035,0.00909164667515794,1,2361.27236619142,-0.0710427100727695
"6346","CASP7",0.924080292302068,0.993305129490035,0.00908313084107123,1,2361.27236619142,-0.0258929959019703
"464","MROH7",0.924309023116627,0.993465843238397,0.00902831716425252,1,2361.27236619142,0.0333130983693224
"205","PAQR7",0.924604824803774,0.993511273903924,0.0089576786439078,1,2361.27236619142,0.101705100007437
"9154","BCL7C",0.924629548610964,0.993511273903924,0.00895178718448037,1,2361.27236619142,0.0221227589691668
"311","MAP7D1",0.924759525080714,0.993511273903924,0.00892084712885164,1,2361.27236619142,-0.0196572181429473
"4483","DAGLB",0.924787101725291,0.993511273903924,0.00891428963645883,1,2361.27236619142,-0.0238549340138093
"4092","CNPY3",0.924813260830932,0.993511273903924,0.0089080714709718,1,2361.27236619142,0.0184259706082817
"721","BOLA1",0.924826617618564,0.993511273903924,0.00890489733209706,1,2361.27236619142,-0.0580539315799258
"3938","TCF19",0.924913476306338,0.993519478060623,0.00888426994750558,1,2361.27236619142,-0.148213720975765
"12316","CHIC1",0.925008714689894,0.993536681305752,0.00886168027013111,1,2361.27236619142,-0.055377139956721
"43","MMEL1",0.92510554203562,0.993555588136398,0.00883874344554243,1,2361.27236619142,0.101257621518951
"1572","VAMP8",0.925434176928258,0.993712812842715,0.0087611187610697,1,2361.27236619142,0.00827750342379073
"4947","NDUFB2",0.92557164961069,0.993712812842715,0.00872874969658627,1,2361.27236619142,0.0134356936208954
"7223","CD163L1",0.925620570121956,0.993712812842715,0.00871724554146418,1,2361.27236619142,0.0215225501761348
"5136","TTI2",0.925751627897493,0.993712812842715,0.00868646368358828,1,2361.27236619142,-0.0446651708354433
"6083","WDFY4",0.925776082180405,0.993712812842715,0.00868072612632778,1,2361.27236619142,0.0189190239393886
"1649","IL1R2",0.925777993841646,0.993712812842715,0.00868027768563953,1,2361.27236619142,0.0328235477635246
"6481","TRIM21",0.925806594789433,0.993712812842715,0.00867356982258984,1,2361.27236619142,0.0257042460773276
"7895","KBTBD7",0.92603482681456,0.993823623229908,0.00862013560674763,1,2361.27236619142,0.0570471069188365
"504","SRSF11",0.926127315936107,0.993823623229908,0.0085985292519391,1,2361.27236619142,-0.0122330567803366
"2241","KIAA1143",0.926396634481435,0.993823623229908,0.00853576957048905,1,2361.27236619142,-0.0344572520543885
"5352","TMEM65",0.926450667650864,0.993823623229908,0.00852320606769352,1,2361.27236619142,0.0215731181748073
"4796","GNB2",0.926561756756973,0.993823623229908,0.00849740553851457,1,2361.27236619142,-0.0149359722924367
"4184","BCKDHB",0.926591559562877,0.993823623229908,0.00849049052432775,1,2361.27236619142,0.0398404000365801
"4747","TECPR1",0.92678695246423,0.993823623229908,0.00844522467981796,1,2361.27236619142,-0.0370025765747586
"5192","TMEM68",0.926823273781821,0.993823623229908,0.00843682372232954,1,2361.27236619142,-0.0364401442143777
"11436","THBD",0.927094511703804,0.993823623229908,0.00837422089828334,1,2361.27236619142,-0.0327542337202999
"6304","CUEDC2",0.927120648986952,0.993823623229908,0.00836820072430629,1,2361.27236619142,0.0239059095756479
"4318","VNN2",0.927204396698891,0.993823623229908,0.00834892590054578,1,2361.27236619142,0.035979750999677
"5710","CTNNAL1",0.927248679113787,0.993823623229908,0.00833874320782789,1,2361.27236619142,-0.108983256629168
"4106","TJAP1",0.927270565767322,0.993823623229908,0.00833371270941086,1,2361.27236619142,0.0366830683322924
"4376","LRP11",0.927339105257038,0.993823623229908,0.00831796927478183,1,2361.27236619142,0.100237134595554
"907","FCGR2A",0.927545687190861,0.993823623229908,0.00827060845310392,1,2361.27236619142,0.0113769167922599
"10861","LIN37",0.92773343822909,0.993823623229908,0.00822768304665124,1,2361.27236619142,0.0447037200584547
"1286","LPIN1",0.927798966623344,0.993823623229908,0.00821272783789935,1,2361.27236619142,-0.0350605266394575
"9456","RPA1",0.927975455873764,0.993823623229908,0.00817251681989639,1,2361.27236619142,0.0272912079569734
"1222","ACTN2",0.928011666611661,0.993823623229908,0.00816427892567445,1,2361.27236619142,-0.0904589446407059
"8110","KHNYN",0.928197643459287,0.993823623229908,0.00812203543004991,1,2361.27236619142,-0.0336042114671818
"7689","ALDH2",0.928252344929258,0.993823623229908,0.00810963135126613,1,2361.27236619142,0.0166586917531872
"12117","STS",0.928284406665095,0.993823623229908,0.00810236548950574,1,2361.27236619142,0.0521929106946103
"11978","EIF3L",0.928335553150681,0.993823623229908,0.00809078141865716,1,2361.27236619142,0.0266691257047112
"5720","SHOC1",0.928347923518686,0.993823623229908,0.0080879809319804,1,2361.27236619142,0.0517630120224367
"8868","STUB1",0.928393403379553,0.993823623229908,0.00807768909773319,1,2361.27236619142,0.0173508633599596
"9188","LONP2",0.928440218764227,0.993823623229908,0.00806710194100996,1,2361.27236619142,-0.0167533342867648
"5544","TESK1",0.928470244704222,0.993823623229908,0.00806031534992428,1,2361.27236619142,-0.0287211686101108
"10680","CLEC17A",0.928510863438161,0.993823623229908,0.00805113911184175,1,2361.27236619142,0.150756426169283
"10027","AMZ2",0.928553322687465,0.993823623229908,0.00804155271208136,1,2361.27236619142,0.0286604637376679
"11841","KLHL22",0.928616755508089,0.993823623229908,0.00802724164798411,1,2361.27236619142,0.0276070573989946
"4310","L3MBTL3",0.928679398738372,0.993823623229908,0.00801312133216397,1,2361.27236619142,-0.0301396431433073
"4615","FIGNL1",0.928816488302216,0.993823623229908,0.00798226389379227,1,2361.27236619142,-0.0663445393004983
"10771","GATAD2A",0.928880283732002,0.993823623229908,0.00796792466310203,1,2361.27236619142,-0.0165296554757232
"8278","DCAF4",0.929095301909878,0.993823623229908,0.00791969095430198,1,2361.27236619142,-0.130516676689166
"4306","RNF146",0.929188514438805,0.993823623229908,0.00789882701994459,1,2361.27236619142,0.0241490735456811
"3169","SMARCA5",0.929420591957931,0.993823623229908,0.00784700116725543,1,2361.27236619142,-0.0129030526838519
"3953","GPANK1",0.929456466655238,0.993823623229908,0.00783900523423637,1,2361.27236619142,0.0290811714164621
"10102","MXRA7",0.929512583229048,0.993823623229908,0.00782650592842057,1,2361.27236619142,-0.0499186442963661
"3466","CETN3",0.929659318164135,0.993823623229908,0.00779386995132098,1,2361.27236619142,0.0477327040398138
"5284","TP53INP1",0.929677782550159,0.993823623229908,0.00778976807183715,1,2361.27236619142,0.0282623917668276
"7531","MDM1",0.929799772037776,0.993823623229908,0.00776269534177983,1,2361.27236619142,-0.0418629519024798
"902","NDUFS2",0.92987595433746,0.993823623229908,0.00774581254224149,1,2361.27236619142,-0.0179329576451081
"9237","GINS3",0.92991196518127,0.993823623229908,0.00773783860680312,1,2361.27236619142,0.0943258035808177
"9422","ZNF276",0.929943992277279,0.993823623229908,0.00773075027554272,1,2361.27236619142,-0.043528852132971
"2128","XPC",0.929982495409756,0.993823623229908,0.00772223298179735,1,2361.27236619142,-0.0184205668377549
"1196","SPRTN",0.930016888929498,0.993823623229908,0.00771462877748273,1,2361.27236619142,-0.035926082352318
"3976","ATF6B",0.930026762766908,0.993823623229908,0.00771244642766766,1,2361.27236619142,0.0243935113245696
"9633","LLGL1",0.930168615806034,0.993823623229908,0.00768112791607185,1,2361.27236619142,-0.0952677751765827
"4488","ZNF316",0.93041520282511,0.993823623229908,0.00762683890379277,1,2361.27236619142,-0.0391891850783327
"3469","LYSMD3",0.930444586745721,0.993823623229908,0.00762038262688122,1,2361.27236619142,-0.0336687294989021
"3518","TMED7",0.930599301541339,0.993823623229908,0.00758643390704745,1,2361.27236619142,0.0214051746433004
"8541","CDAN1",0.93067533050515,0.993823623229908,0.00756977902615149,1,2361.27236619142,-0.0576319279546269
"4196","SNX14",0.930711810490099,0.993823623229908,0.00756179427880936,1,2361.27236619142,-0.0133393226565659
"5213","RRS1",0.930719180762592,0.993823623229908,0.00756018158740118,1,2361.27236619142,0.0759022873393419
"9084","APOBR",0.930741890792011,0.993823623229908,0.00755521348904413,1,2361.27236619142,0.0204074461190794
"3305","C1QTNF3",0.930863150273453,0.993823623229908,0.00752871433035117,1,2361.27236619142,0.130821066458713
"9270","SLC9A5",0.930863227651838,0.993823623229908,0.00752869743562066,1,2361.27236619142,0.130821500192537
"2776","MUC20",0.930901821913446,0.993823623229908,0.00752027317790728,1,2361.27236619142,0.0470421570277587
"6155","CFAP70",0.930975085020958,0.993823623229908,0.00750429456247976,1,2361.27236619142,0.0655796495892414
"5018","RNF32",0.931006832531586,0.993823623229908,0.00749737577701006,1,2361.27236619142,0.130754934643547
"3779","ZNF354C",0.931036156415048,0.993823623229908,0.00749098803256654,1,2361.27236619142,0.067803282026662
"9807","KLHL11",0.931042263487348,0.993823623229908,0.00748965804849539,1,2361.27236619142,0.0785765373237306
"7588","NDUFA12",0.931048801474546,0.993823623229908,0.00748823435262282,1,2361.27236619142,-0.0129377651927491
"3072","UNC5C",0.931091701192664,0.993823623229908,0.00747889599877103,1,2361.27236619142,0.028004599156037
"8217","CCDC175",0.931120235556859,0.993823623229908,0.00747268792681724,1,2361.27236619142,0.130808134396603
"7840","ZDHHC20",0.931215726958162,0.993823623229908,0.00745193125058752,1,2361.27236619142,0.0153567437610284
"1757","NEB",0.931219312381361,0.993823623229908,0.00745115246451477,1,2361.27236619142,-0.0637560681982084
"7149","VPS26B",0.931321906880539,0.993848539328527,0.00742888539062795,1,2361.27236619142,0.0277943225589484
"8728","COMMD4",0.931542176180488,0.99392716610898,0.00738119162165672,1,2361.27236619142,0.0222385025070702
"10059","ATP5PD",0.931554095402676,0.99392716610898,0.00737861522711625,1,2361.27236619142,-0.012589594327772
"4910","CEP41",0.931717643458433,0.993934734937019,0.00734330932034497,1,2361.27236619142,0.0539071160093144
"7746","SPPL3",0.931719698901172,0.993934734937019,0.00734286614472575,1,2361.27236619142,-0.0127157330854181
"2521","WDR5B",0.931956524653464,0.994102813275418,0.00729189415261411,1,2361.27236619142,-0.0737390789898368
"9478","ATP2A3",0.932419422720861,0.994407033408886,0.00719278096875592,1,2361.27236619142,0.0277266812207119
"5141","PLPBP",0.932579055879652,0.994407033408886,0.00715875959579571,1,2361.27236619142,-0.0237892910483104
"12284","AMER1",0.93288252831336,0.994407033408886,0.00709430685878982,1,2361.27236619142,-0.128453835100773
"7777","MPHOSPH9",0.93288761939902,0.994407033408886,0.00709322809630325,1,2361.27236619142,-0.0275054996340299
"3882","GMNN",0.933045273739103,0.994407033408886,0.00705986322143366,1,2361.27236619142,0.038569364460502
"1252","SH3BP5L",0.9332709860937,0.994407033408886,0.00701223289878893,1,2361.27236619142,-0.0375219585306373
"2467","CD47",0.933330714571265,0.994407033408886,0.00699965602725255,1,2361.27236619142,0.0136845859989044
"8049","HNRNPC",0.93340701881461,0.994407033408886,0.00698360537713377,1,2361.27236619142,-0.00818130500002033
"8275","SIPA1L1",0.933471952441515,0.994407033408886,0.00696996115539115,1,2361.27236619142,-0.00957961037074079
"4681","POR",0.933487345110233,0.994407033408886,0.00696672873043865,1,2361.27236619142,0.0186245220058016
"10735","MAST3",0.933492809210448,0.994407033408886,0.00696558146354809,1,2361.27236619142,-0.0266018126335224
"3581","TXNDC15",0.933571275115159,0.994407033408886,0.00694911690341958,1,2361.27236619142,-0.0303897366913074
"10531","TGFBR3L",0.933614620476867,0.994407033408886,0.00694003012486422,1,2361.27236619142,0.0648711561573358
"28","MIB2",0.933645442815057,0.994407033408886,0.00693357227339882,1,2361.27236619142,-0.0399279129226645
"5778","RPL35",0.933704220387062,0.994407033408886,0.00692126567165811,1,2361.27236619142,-0.00776779113047493
"11501","NFS1",0.93375682701181,0.994407033408886,0.00691026045126191,1,2361.27236619142,0.0443550357811345
"3775","ZNF354A",0.933827319801892,0.994407033408886,0.00689552729726014,1,2361.27236619142,0.0360017676181786
"4003","RXRB",0.933860364499154,0.994407033408886,0.00688862633010231,1,2361.27236619142,0.0379911284655917
"2838","FAM193A",0.934059008390954,0.994407033408886,0.00684721537425411,1,2361.27236619142,-0.01628609183381
"4332","MAP3K5",0.934087189084492,0.994407033408886,0.00684135077408838,1,2361.27236619142,-0.0130689930797695
"2701","NAALADL2",0.934251261200366,0.994407033408886,0.00680725645448186,1,2361.27236619142,0.0196948182142791
"4301","HDDC2",0.934300492131247,0.994407033408886,0.0067970429515846,1,2361.27236619142,-0.0334196320198901
"988","QSOX1",0.934307945774004,0.994407033408886,0.00679549728357619,1,2361.27236619142,-0.0153040294388602
"4568","ANLN",0.934335876809641,0.994407033408886,0.00678970677583172,1,2361.27236619142,-0.124415902541716
"9176","ZNF720",0.934374536300756,0.994407033408886,0.00678169620393362,1,2361.27236619142,-0.0254274837494516
"9872","DCAKD",0.934435332337711,0.994407033408886,0.00676910838281405,1,2361.27236619142,-0.0431878118997973
"4202","RARS2",0.934458753367698,0.994407033408886,0.00676426219908907,1,2361.27236619142,-0.018578439424962
"2581","ACKR4",0.934530250085656,0.994407033408886,0.00674947919778637,1,2361.27236619142,0.132168635086584
"1068","PIK3C2B",0.934704933677729,0.994407033408886,0.0067134292682326,1,2361.27236619142,0.0514839004542996
"10510","ADGRE1",0.934721295394589,0.994407033408886,0.0067100576335685,1,2361.27236619142,0.075593728871466
"5103","ADAMDEC1",0.934781160713313,0.994407033408886,0.00669772854267769,1,2361.27236619142,0.0135629401371983
"6290","FBXW4",0.934796553355948,0.994407033408886,0.00669456031657325,1,2361.27236619142,-0.0189797749457286
"6454","MUC6",0.934858378430011,0.994407033408886,0.00668184262986439,1,2361.27236619142,-0.120370114656617
"3218","DDX60L",0.935130411280006,0.994606836564662,0.00662602889267997,1,2361.27236619142,0.00887103533325377
"6892","FOLR2",0.935208581687969,0.994606836564662,0.0066100340371516,1,2361.27236619142,-0.0313414351763142
"1041","PHLDA3",0.935284141903122,0.994606836564662,0.00659459175949307,1,2361.27236619142,-0.0316549388955097
"6664","ZDHHC5",0.935671172873763,0.994807806459537,0.00651577906146673,1,2361.27236619142,0.018056552024546
"10413","AP3D1",0.935674924742073,0.994807806459537,0.00651501738702706,1,2361.27236619142,0.0186554845391006
"3087","NFKB1",0.935913754156346,0.994807806459537,0.00646662435405805,1,2361.27236619142,-0.0162939857328757
"21","CCNL2",0.936042285379849,0.994807806459537,0.00644065574506146,1,2361.27236619142,-0.0194623064620284
"2512","HCLS1",0.936054040912093,0.994807806459537,0.00643828326725137,1,2361.27236619142,0.0102014099283709
"10865","HCST",0.936144950092114,0.994807806459537,0.00641995101313544,1,2361.27236619142,-0.00942509357746825
"634","DENND2D",0.936174463977785,0.994807806459537,0.00641400505855054,1,2361.27236619142,-0.0228056868952754
"1595","EIF2AK3",0.936219799698839,0.994807806459537,0.00640487699042161,1,2361.27236619142,-0.0336059034279373
"10698","EPS15L1",0.936244106120593,0.994807806459537,0.0063999857359338,1,2361.27236619142,-0.021830526843623
"3746","RNF44",0.936282335053306,0.994807806459537,0.00639229661697224,1,2361.27236619142,-0.038190863179816
"4216","BACH2",0.936356191205137,0.994807806459537,0.00637745484396763,1,2361.27236619142,0.165924771110828
"1663","CCDC138",0.936425018360165,0.994807806459537,0.00636363930078471,1,2361.27236619142,0.0425985722813366
"7620","IGF1",0.936716893362904,0.994991663808954,0.00630521930931757,1,2361.27236619142,0.0159532223778279
"11779","TRPM2",0.93675676378218,0.994991663808954,0.00629726012482934,1,2361.27236619142,0.0150371729460223
"12184","MID1IP1",0.937437272279313,0.995147802223169,0.00616219261727748,1,2361.27236619142,0.0330017503805547
"7528","GRIP1",0.937449323689139,0.995147802223169,0.00615981392699661,1,2361.27236619142,0.114272528388236
"9582","NDEL1",0.937451956576828,0.995147802223169,0.0061592943128318,1,2361.27236619142,0.0190173936727225
"8329","POMT2",0.937623099117795,0.995147802223169,0.00612556574010955,1,2361.27236619142,-0.0582530175303074
"786","SLC27A3",0.937763683460257,0.995147802223169,0.00609792924265242,1,2361.27236619142,0.0430408375947049
"3050","AFF1",0.93783075508331,0.995147802223169,0.00608476624990689,1,2361.27236619142,-0.00980731194354612
"5113","ESCO2",0.937868210321078,0.995147802223169,0.00607742178157029,1,2361.27236619142,-0.118789905985659
"8818","IQGAP1",0.937892972871813,0.995147802223169,0.0060725686286047,1,2361.27236619142,-0.00746731055883121
"10287","C18orf25",0.937895638483792,0.995147802223169,0.00607204631797417,1,2361.27236619142,-0.0201151805985406
"12335","DIAPH2",0.937963122162884,0.995147802223169,0.00605883082537814,1,2361.27236619142,-0.0114152313606376
"5563","ZBTB5",0.938004123389109,0.995147802223169,0.00605080852930833,1,2361.27236619142,0.0492016786116782
"2688","GPR160",0.938114248538279,0.995147802223169,0.00602928791874999,1,2361.27236619142,0.0210407218904512
"9100","NPIPB11",0.938119205738143,0.995147802223169,0.00602832009200903,1,2361.27236619142,-0.115364836207771
"675","CD101",0.938149011711914,0.995147802223169,0.00602250252331235,1,2361.27236619142,0.0476541375224822
"697","PIAS3",0.938154226076543,0.995147802223169,0.00602148506722327,1,2361.27236619142,0.0529432382397839
"11820","CLTCL1",0.938216575368082,0.995147802223169,0.00600932582206172,1,2361.27236619142,0.0510276048511117
"7788","GTF2H3",0.938320748970929,0.995147802223169,0.00598903765982885,1,2361.27236619142,0.0257627611042003
"1465","KIAA1841",0.938332091642531,0.995147802223169,0.00598683071948733,1,2361.27236619142,0.0259724686519649
"283","SYNC",0.938440068182783,0.995178157879273,0.00596584224042311,1,2361.27236619142,-0.0572492512971701
"11515","DSN1",0.938566864898766,0.995228464758216,0.00594124282653611,1,2361.27236619142,-0.0318374263348991
"9641","PRPSAP2",0.938806227809863,0.995398114893768,0.00589494415919649,1,2361.27236619142,-0.0258160955525296
"7501","TSPAN31",0.938947709139375,0.995463963168222,0.00586766385448748,1,2361.27236619142,-0.0285103733778309
"6699","DAGLA",0.939253327241731,0.995522485457089,0.005808952051235,1,2361.27236619142,0.047195657649493
"1754","NMI",0.939408901776167,0.995522485457089,0.0057791789234226,1,2361.27236619142,0.0110753910811913
"10952","PRX",0.939428546062629,0.995522485457089,0.00577542496242695,1,2361.27236619142,0.114664186654627
"1212","GGPS1",0.939559940180882,0.995522485457089,0.00575034750346702,1,2361.27236619142,0.0191707927550796
"9667","TMEM199",0.939610562414268,0.995522485457089,0.00574070055068979,1,2361.27236619142,-0.0233311168109021
"3375","DIMT1",0.939615975090883,0.995522485457089,0.00573966955242656,1,2361.27236619142,0.0386866836133332
"6023","BMI1",0.939885738480158,0.995522485457089,0.00568840340955205,1,2361.27236619142,-0.0239685238639198
"5163","KAT6A",0.939960677596978,0.995522485457089,0.00567420294396843,1,2361.27236619142,-0.0126560772155501
"6873","MRPL21",0.939977844567523,0.995522485457089,0.00567095242949912,1,2361.27236619142,0.0219148514920519
"5860","PRRC2B",0.939995958129492,0.995522485457089,0.00566752369625855,1,2361.27236619142,0.0117977801930016
"1790","ABCB11",0.940006075306942,0.995522485457089,0.00566560906004002,1,2361.27236619142,0.117999775489291
"10706","F2RL3",0.940039534519939,0.995522485457089,0.00565927935181752,1,2361.27236619142,-0.116888726031884
"12025","ACO2",0.940176915904895,0.995522485457089,0.00563332726911127,1,2361.27236619142,0.0190794211427373
"3679","SLC36A1",0.940348406306966,0.995522485457089,0.00560101597161705,1,2361.27236619142,0.0105613975316837
"5609","TLE1",0.940350767805562,0.995522485457089,0.00560057168307789,1,2361.27236619142,-0.0758553962900185
"3051","KLHL8",0.94038348083396,0.995522485457089,0.00559441892963132,1,2361.27236619142,-0.0206282505453175
"10799","ZNF43",0.940406983540946,0.995522485457089,0.00559000057709495,1,2361.27236619142,-0.022136406473041
"9785","MIEN1",0.940486601658382,0.995522485457089,0.00557504594497193,1,2361.27236619142,-0.0192640822744199
"6408","BNIP3",0.940554615958958,0.995522485457089,0.0055622868047296,1,2361.27236619142,0.0153156880367474
"4801","SRRT",0.940637125557274,0.995522485457089,0.00554682815056995,1,2361.27236619142,0.0253721742445013
"11454","BCL2L1",0.940697184349149,0.995522485457089,0.00553558938858699,1,2361.27236619142,-0.017833362965964
"6104","ARID5B",0.940880129401304,0.995522485457089,0.00550142562444515,1,2361.27236619142,0.0106013871869897
"5211","PDE7A",0.940887072088922,0.995522485457089,0.00550013121820403,1,2361.27236619142,0.0123869941090386
"6697","SDHAF2",0.940908063162657,0.995522485457089,0.00549621853888566,1,2361.27236619142,0.0187884805936319
"5086","PDLIM2",0.941240154715692,0.995695894473158,0.00543450382346445,1,2361.27236619142,-0.0341607712187436
"10772","TSSK6",0.941351434816819,0.995695894473158,0.00541390228999911,1,2361.27236619142,0.111290140678559
"3252","LRP2BP",0.941414023443765,0.995695894473158,0.00540233240122366,1,2361.27236619142,-0.0781617662572741
"66","CAMTA1",0.941432361266774,0.995695894473158,0.00539894489988317,1,2361.27236619142,0.010562258564007
"10003","FTSJ3",0.941481597698152,0.995695894473158,0.00538985485794772,1,2361.27236619142,0.0295070087691002
"4081","CCND3",0.941548330480598,0.995695894473158,0.00537754692593868,1,2361.27236619142,0.0235346632119331
"5062","VPS37A",0.94182844566834,0.995759767531234,0.00532603787390685,1,2361.27236619142,-0.0164377168955688
"8725","SCAMP5",0.9419262932542,0.995759767531234,0.00530810387351969,1,2361.27236619142,-0.0833801293534083
"990","ACBD6",0.941977006551413,0.995759767531234,0.00529882084712245,1,2361.27236619142,-0.0128594654998422
"335","RHBDL2",0.942021524711675,0.995759767531234,0.00529067856708599,1,2361.27236619142,-0.107234252564463
"5230","RDH10",0.942061702849105,0.995759767531234,0.00528333547158925,1,2361.27236619142,0.05034694868865
"4012","RGL2",0.942160134625192,0.995759767531234,0.00526536740264797,1,2361.27236619142,-0.0242181503869406
"10367","POLRMT",0.942200805272836,0.995759767531234,0.00525795222778637,1,2361.27236619142,0.0452594138567463
"80","PIK3CD",0.94228455684111,0.995759767531234,0.00524269897589634,1,2361.27236619142,0.019503960644859
"10461","YJU2",0.942323333152116,0.995759767531234,0.00523564438477203,1,2361.27236619142,0.0270986221822624
"1834","PJVK",0.942444664079577,0.995804072139353,0.0052136014377399,1,2361.27236619142,-0.0808899570549053
"11400","PLCB1",0.942658280280306,0.995945871355966,0.00517490603948312,1,2361.27236619142,0.0251734203085218
"11782","SUMO3",0.942969688464075,0.996102760257646,0.00511875570383135,1,2361.27236619142,0.00867381089941887
"3286","DAP",0.94308881787966,0.996102760257646,0.00509735676727139,1,2361.27236619142,0.0158843787807055
"7950","VPS36",0.943138756808653,0.996102760257646,0.0050883997560916,1,2361.27236619142,-0.0133046956354742
"9322","SF3B3",0.94320033552383,0.996102760257646,0.00507736594041931,1,2361.27236619142,-0.0220739287353493
"904","TOMM40L",0.94325697373852,0.996102760257646,0.00506722800190426,1,2361.27236619142,-0.0439087015945519
"4013","TAPBP",0.943283341106754,0.996102760257646,0.00506251185718621,1,2361.27236619142,0.0104116203926192
"2803","RPL35A",0.943453533231766,0.99619859899466,0.00503212388746548,1,2361.27236619142,0.00696444733797544
"6812","DRAP1",0.94360819646248,0.996278025916481,0.00500458835341163,1,2361.27236619142,-0.00846566944434678
"1426","EPAS1",0.943732345064291,0.99632522429929,0.004982540434315,1,2361.27236619142,-0.0154105919686273
"4169","MTO1",0.943995882862631,0.996349945438241,0.00493590009952419,1,2361.27236619142,-0.0226666830110511
"5928","UAP1L1",0.944019823663887,0.996349945438241,0.00493167403038002,1,2361.27236619142,-0.0289511922037932
"3342","C5orf34",0.944023542955037,0.996349945438241,0.00493101765829462,1,2361.27236619142,0.0537159040449222
"1584","MRPL35",0.944073550884509,0.996349945438241,0.00492219663513645,1,2361.27236619142,-0.02286641688435
"2887","BST1",0.94430869889165,0.996514253853936,0.00488082468215783,1,2361.27236619142,0.0228961559500067
"8772","EFL1",0.944597281075636,0.996516300768644,0.0048302913024166,1,2361.27236619142,-0.0195194269744883
"3247","CENPU",0.944598701226825,0.996516300768644,0.00483004327431823,1,2361.27236619142,0.0614517121059212
"7497","DCTN2",0.944712580302369,0.996516300768644,0.00481017522756248,1,2361.27236619142,-0.0170805102590351
"3025","PRDM8",0.944840523931193,0.996516300768644,0.00478790247166504,1,2361.27236619142,-0.104102133433874
"31","CDK11A",0.944848151239247,0.996516300768644,0.00478657633052091,1,2361.27236619142,-0.0238008770439069
"10784","ZNF682",0.944980163451747,0.996516300768644,0.00476365293471665,1,2361.27236619142,-0.0758718662620789
"10752","UBA52",0.945045833514896,0.996516300768644,0.00475227018071279,1,2361.27236619142,-0.00596399127875973
"12111","ZBED1",0.94505119824801,0.996516300768644,0.00475134090273908,1,2361.27236619142,0.0152963959343407
"6182","PPIF",0.945096537982338,0.996516300768644,0.00474349080957867,1,2361.27236619142,0.0165051596261244
"8894","MRPS34",0.94514777880434,0.996516300768644,0.00473462685516169,1,2361.27236619142,0.0141878401717401
"11856","YPEL1",0.945258317056956,0.996516300768644,0.00471553362738778,1,2361.27236619142,0.0484271274464674
"9897","SCRN2",0.945368087776026,0.996516300768644,0.00469661133049346,1,2361.27236619142,-0.0465977366963444
"6865","CHKA",0.945387314111346,0.996516300768644,0.0046933010246564,1,2361.27236619142,0.0152829749376391
"9475","NCBP3",0.945423087995003,0.996516300768644,0.00468714475517519,1,2361.27236619142,0.0155353520778293
"3777","ZFP2",0.945599319834528,0.996542774773315,0.00465687655667798,1,2361.27236619142,-0.105938524556056
"6841","LRFN4",0.945607130197149,0.996542774773315,0.00465553738961262,1,2361.27236619142,-0.0741610275501222
"7735","COX6A1",0.945742849199612,0.996602056282021,0.00463229786034577,1,2361.27236619142,-0.00944852899084703
"7612","ARL1",0.945869550572043,0.996651826056461,0.00461065516850143,1,2361.27236619142,0.0202767589178526
"3825","F13A1",0.946052103970192,0.996697777060248,0.00457956154550384,1,2361.27236619142,-0.0968277892324427
"2644","EIF2A",0.946072110527486,0.996697777060248,0.00457616033072354,1,2361.27236619142,0.0190388450307594
"6312","WBP1L",0.946214886155891,0.996764459242422,0.00455192461006613,1,2361.27236619142,0.0107142110499783
"10907","SPINT2",0.9467244065972,0.997121136830511,0.00446596202138988,1,2361.27236619142,0.0196960047267027
"7511","TAFA2",0.946771138220088,0.997121136830511,0.0044581190104569,1,2361.27236619142,0.0203298313312178
"6457","IFITM10",0.946792002023581,0.997121136830511,0.00445461965486586,1,2361.27236619142,0.0199795514640931
"3236","DCTD",0.946941697736551,0.997177273756807,0.00442955259914043,1,2361.27236619142,0.020853625679851
"11346","TRIB3",0.947127358085533,0.997177273756807,0.00439856183454249,1,2361.27236619142,0.0590181506242379
"6375","NSMCE4A",0.947167881105919,0.997177273756807,0.0043918121857369,1,2361.27236619142,0.0253496766863516
"9996","DCAF7",0.947186481456365,0.997177273756807,0.00438871579264825,1,2361.27236619142,0.010806549531406
"12362","TCEAL8",0.947242872359847,0.997177273756807,0.00437933512346086,1,2361.27236619142,-0.0152393012442379
"352","EXO5",0.947466910631358,0.997329404585182,0.00434216576361028,1,2361.27236619142,-0.0491293346782589
"10466","UBXN6",0.947570500048557,0.997354732782958,0.0043250334147308,1,2361.27236619142,0.0142395567381213
"7648","CMKLR1",0.947669714316575,0.997375452101726,0.00430865654608836,1,2361.27236619142,0.00956743282035319
"5936","BX255925.3",0.948163112183192,0.997625703103167,0.0042276768427342,1,2361.27236619142,-0.0442099545265948
"2874","ACOX3",0.948410605327537,0.997625703103167,0.00418734718316099,1,2361.27236619142,-0.0283078851911705
"4997","ABCB8",0.948537577364104,0.997625703103167,0.00416673208613295,1,2361.27236619142,0.0343446937571245
"9218","MT1G",0.948615869048458,0.997625703103167,0.00415404615936343,1,2361.27236619142,-0.0701298231781306
"7243","CD69",0.94868805213421,0.997625703103167,0.00414236724167218,1,2361.27236619142,0.0427331273999225
"1699","TMEM177",0.94869682964307,0.997625703103167,0.00414094820368305,1,2361.27236619142,0.0965352091692105
"8384","OTUB2",0.948696892528857,0.997625703103167,0.00414093803797524,1,2361.27236619142,0.0965347260620304
"8116","STRN3",0.948700881734673,0.997625703103167,0.00414029319448568,1,2361.27236619142,-0.0100374669127856
"4401","GTF2H5",0.948829025330271,0.997625703103167,0.00411960597887847,1,2361.27236619142,-0.0136202367839843
"941","TBX19",0.948973773615671,0.997625703103167,0.00409630071287626,1,2361.27236619142,0.0197163752857203
"11209","ZNF845",0.948984971251602,0.997625703103167,0.00409450059835953,1,2361.27236619142,0.0370510913125015
"3591","FAM13B",0.949128437671835,0.997625703103167,0.00407147230795229,1,2361.27236619142,0.00951662232410338
"5112","CCDC25",0.949182412727319,0.997625703103167,0.0040628254658202,1,2361.27236619142,-0.0158008538179075
"400","ZSWIM5",0.949362114783708,0.997625703103167,0.00403410358137855,1,2361.27236619142,-0.0847030064299243
"1605","STARD7",0.949478805685126,0.997625703103167,0.00401550758651289,1,2361.27236619142,-0.0141096195413784
"3300","MTMR12",0.949564254764525,0.997625703103167,0.0040019176803472,1,2361.27236619142,-0.0211783852306371
"32","SLC35E2A",0.949621221210161,0.997625703103167,0.0039928705292786,1,2361.27236619142,-0.029047174137646
"10960","COQ8B",0.949761143600155,0.997625703103167,0.003970692323223,1,2361.27236619142,0.0306483186537476
"4255","FIG4",0.949901927897127,0.997625703103167,0.00394844008613262,1,2361.27236619142,-0.011054480692579
"3495","GIN1",0.949928525529213,0.997625703103167,0.00394424313887095,1,2361.27236619142,-0.024597422499873
"9381","KLHL36",0.949953343828771,0.997625703103167,0.00394032898035775,1,2361.27236619142,0.0169161169751377
"4856","LAMB1",0.950011954528598,0.997625703103167,0.00393109307786692,1,2361.27236619142,0.0989787221424709
"3388","SREK1",0.950133649481197,0.997625703103167,0.00391195107413647,1,2361.27236619142,0.0119765691140469
"4954","MGAM",0.950216935605497,0.997625703103167,0.00389887761895131,1,2361.27236619142,0.0753668611853243
"3487","ERAP1",0.950299328447956,0.997625703103167,0.00388596599747114,1,2361.27236619142,-0.0177885288619673
"12304","ZMYM3",0.950333034204763,0.997625703103167,0.00388069023023022,1,2361.27236619142,-0.0257289910201499
"7670","IFT81",0.950409941311848,0.997625703103167,0.00386866587488346,1,2361.27236619142,0.0322814137524213
"1816","OLA1",0.950471639251595,0.997625703103167,0.00385903299890248,1,2361.27236619142,-0.0127217720245902
"2799","RUBCN",0.950685082369961,0.997625703103167,0.0038258011862854,1,2361.27236619142,0.010013858033207
"4746","LMTK2",0.950721403007943,0.997625703103167,0.00382016064321792,1,2361.27236619142,-0.0484716628378537
"2302","NICN1",0.950828435258845,0.997625703103167,0.00380356297896536,1,2361.27236619142,0.0378105251010153
"2595","SLC35G2",0.950943223285359,0.997625703103167,0.00378580292390803,1,2361.27236619142,-0.0469038532482635
"11962","KCTD17",0.95104706895558,0.997625703103167,0.00376977181731444,1,2361.27236619142,-0.0326113531306124
"8374","RIN3",0.951069496569536,0.997625703103167,0.00376631405240135,1,2361.27236619142,0.00946576882123485
"7847","CENPJ",0.951291848282285,0.997625703103167,0.0037321192571634,1,2361.27236619142,-0.0288507560490715
"927","UCK2",0.951324733952174,0.997625703103167,0.00372707515629416,1,2361.27236619142,0.038361023042682
"2550","TPRA1",0.951404611857397,0.997625703103167,0.00371483750543417,1,2361.27236619142,0.0139607873420291
"376","ELOVL1",0.951503396796944,0.997625703103167,0.00369973114849731,1,2361.27236619142,0.0217673651793247
"4649","TYW1B",0.951523951801232,0.997625703103167,0.00369659172579199,1,2361.27236619142,0.0158559804150733
"12217","SLC38A5",0.951544334262101,0.997625703103167,0.00369347997680367,1,2361.27236619142,0.046773071102358
"3800","DUSP22",0.951614961111752,0.997625703103167,0.00368270769235225,1,2361.27236619142,0.0157488130890629
"3853","NOL7",0.951708305698582,0.997625703103167,0.00366849463450346,1,2361.27236619142,0.0115831023971138
"5295","RPL30",0.951792396713828,0.997625703103167,0.00365571418118671,1,2361.27236619142,-0.00506165754244397
"12182","DYNLT3",0.951849075006222,0.997625703103167,0.00364711263888276,1,2361.27236619142,0.0156153182144062
"644","DDX20",0.951997019826841,0.997625703103167,0.00362470832662405,1,2361.27236619142,-0.0287452308706032
"2311","TRAIP",0.952097750323967,0.997625703103167,0.00360949364936248,1,2361.27236619142,-0.0887916770107103
"691","FAM72D",0.952142680154406,0.997625703103167,0.0036027176515543,1,2361.27236619142,-0.0908592676861849
"1845","NCKAP1",0.95217501441244,0.997625703103167,0.00359784518197789,1,2361.27236619142,0.0967077811774107
"7452","PYM1",0.952202069821379,0.997625703103167,0.00359377072820703,1,2361.27236619142,0.0155959983225432
"4496","ICA1",0.952309177103447,0.997625703103167,0.00357766347045627,1,2361.27236619142,0.0206322109267703
"3007","NAAA",0.952347057185972,0.997625703103167,0.00357197559015188,1,2361.27236619142,0.0164607637995266
"9560","TP53",0.952351744305081,0.997625703103167,0.00357127211192883,1,2361.27236619142,-0.0232932110064613
"8228","PPP2R5E",0.952576000144546,0.997625703103167,0.00353769534317764,1,2361.27236619142,0.00983912145728244
"8276","RGS6",0.95272373333533,0.997625703103167,0.00351566290459999,1,2361.27236619142,-0.122776441626537
"12423","RAB33A",0.952971003330267,0.997625703103167,0.0034789404136338,1,2361.27236619142,-0.0628677144141973
"11704","BACH1",0.953046685653802,0.997625703103167,0.00346773937183544,1,2361.27236619142,0.00766707505732413
"8900","MSRB1",0.953440318183456,0.997625703103167,0.00340977371277684,1,2361.27236619142,-0.0220459649563327
"4834","ORC5",0.953535094978834,0.997625703103167,0.00339589026949563,1,2361.27236619142,0.0187489184912411
"8515","ZFYVE19",0.953579949477807,0.997625703103167,0.0033893296349344,1,2361.27236619142,0.0237196970993313
"6908","PAAF1",0.953588311895929,0.997625703103167,0.0033881072114189,1,2361.27236619142,-0.0222613870278871
"5219","COPS5",0.954042270875961,0.997625703103167,0.00332207917084356,1,2361.27236619142,-0.0138951084335507
"11233","LENG8",0.954097744198508,0.997625703103167,0.00331405530942606,1,2361.27236619142,-0.0127358797549944
"9034","VPS35L",0.954171293665153,0.997625703103167,0.00330343185774221,1,2361.27236619142,-0.0117917308745695
"8773","GOLGA6L9",0.954282452845499,0.997625703103167,0.00328740854817534,1,2361.27236619142,0.0862151631630154
"2514","IQCB1",0.954316148807428,0.997625703103167,0.00328255908140085,1,2361.27236619142,0.013493633392127
"2019","ARMC9",0.9545739136056,0.997625703103167,0.00324558081144153,1,2361.27236619142,0.00963475672514415
"9515","NLRP1",0.954581273736097,0.997625703103167,0.00324452803205439,1,2361.27236619142,-0.0236377886288695
"1680","CHCHD5",0.954617936560973,0.997625703103167,0.00323928640202962,1,2361.27236619142,-0.0164654622575985
"5766","PTGS1",0.954672387261561,0.997625703103167,0.00323150951094398,1,2361.27236619142,-0.0216281620304497
"2911","STIM2",0.954712982902362,0.997625703103167,0.00322571756253053,1,2361.27236619142,0.0151308717100855
"5805","AK1",0.954740502602185,0.997625703103167,0.003221794177,1,2361.27236619142,0.0291158773454399
"295","TMEM35B",0.954745233982614,0.997625703103167,0.00322111988224533,1,2361.27236619142,0.0129599254536521
"9771","PIP4K2B",0.954806689790632,0.997625703103167,0.00321236791279833,1,2361.27236619142,-0.0199310744157246
"6225","KIF11",0.954824888189491,0.997625703103167,0.00320977855681275,1,2361.27236619142,0.065478821742724
"8127","EAPP",0.954839087612089,0.997625703103167,0.00320775892188256,1,2361.27236619142,0.012235076924589
"9681","RAB34",0.954856052247223,0.997625703103167,0.0032053468168102,1,2361.27236619142,0.0147832668887457
"7778","C12orf65",0.954882499961173,0.997625703103167,0.00320158818214476,1,2361.27236619142,0.0190243529431765
"8670","DIS3L",0.955059760470244,0.997625703103167,0.00317645378165892,1,2361.27236619142,-0.0199922611639603
"4288","SLC35F1",0.955134107501805,0.997625703103167,0.00316594142809192,1,2361.27236619142,0.0221469563522164
"12061","NUP50",0.95514995428051,0.997625703103167,0.00316370302094195,1,2361.27236619142,0.0124273053407912
"10032","FAM20A",0.955191761440665,0.997625703103167,0.00315780143954811,1,2361.27236619142,0.0138258501152357
"9197","SNX20",0.95521173920404,0.997625703103167,0.0031549832905366,1,2361.27236619142,0.0211451475970666
"8727","C15orf39",0.95541048322904,0.997625703103167,0.00312701633313137,1,2361.27236619142,0.0268397068994779
"4367","TAB2",0.955450084149402,0.997625703103167,0.0031214586743573,1,2361.27236619142,0.0069086045380164
"8024","TMEM255B",0.955473483089565,0.997625703103167,0.00311817715887849,1,2361.27236619142,0.0208525865114139
"10038","SSTR2",0.955725031941299,0.997625703103167,0.00308300877159901,1,2361.27236619142,-0.088610799260163
"9363","ATMIN",0.955954847922947,0.997625703103167,0.00305105368171904,1,2361.27236619142,0.0166563804027883
"9183","GPT2",0.955998405715617,0.997625703103167,0.0030450159496186,1,2361.27236619142,0.0591660345875101
"5836","PHYHD1",0.956027643185399,0.997625703103167,0.00304096658311031,1,2361.27236619142,-0.0838859058744944
"10016","GNA13",0.956046910470994,0.997625703103167,0.00303829955651163,1,2361.27236619142,-0.00738539952405308
"11192","ZNF528",0.956136844497468,0.997625703103167,0.00302586618402798,1,2361.27236619142,-0.0250900320762452
"6138","UNC5B",0.956311115983768,0.997625703103167,0.00300184594264238,1,2361.27236619142,-0.0577492289589091
"1033","NEK7",0.956397348040315,0.997625703103167,0.00298999588536483,1,2361.27236619142,-0.00864972716967843
"7136","KCNJ1",0.956484323969258,0.997625703103167,0.0029780674155852,1,2361.27236619142,-0.0484915087330304
"3278","TENT4A",0.956534464160345,0.997625703103167,0.0029712017152441,1,2361.27236619142,-0.0117478309821998
"3865","NHLRC1",0.956576267314004,0.997625703103167,0.00296548368075178,1,2361.27236619142,-0.0576922434251478
"9295","PLA2G15",0.956615376695035,0.997625703103167,0.00296013911462016,1,2361.27236619142,0.0146949247494343
"9485","ARRB2",0.956749612118832,0.997625703103167,0.0029418316952478,1,2361.27236619142,-0.00637095895770948
"2697","TNFSF10",0.956816829960178,0.997625703103167,0.0029326857303059,1,2361.27236619142,-0.00933507492678709
"9657","MAP2K3",0.95695698991227,0.997625703103167,0.00291366086509935,1,2361.27236619142,0.0179223731358608
"9510","RPAIN",0.956973340581162,0.997625703103167,0.00291144552155227,1,2361.27236619142,0.0132135528567592
"12419","UTP14A",0.957032476900311,0.997625703103167,0.00290344022718013,1,2361.27236619142,-0.0275626013099537
"3984","GPSM3",0.957074460558787,0.997625703103167,0.00289776360052355,1,2361.27236619142,0.00789248789685838
"3551","MEIKIN",0.957164285190667,0.997625703103167,0.00288563708699298,1,2361.27236619142,-0.0100021355049097
"10486","HSD11B1L",0.957257957142342,0.997625703103167,0.00287301833880191,1,2361.27236619142,0.0476469992138768
"5893","FCN1",0.957264178437264,0.997625703103167,0.00287218123694236,1,2361.27236619142,-0.0260901015843348
"8851","MPG",0.957299672574422,0.997625703103167,0.00286740768855863,1,2361.27236619142,-0.0134731199468881
"2041","MLPH",0.957647938903345,0.997625703103167,0.00282078110441279,1,2361.27236619142,0.0479993594519024
"11809","BCL2L13",0.957674070970574,0.997625703103167,0.00281729795062777,1,2361.27236619142,0.011354126208045
"11274","ZSCAN5A",0.957876530423439,0.997625703103167,0.00279038517072527,1,2361.27236619142,-0.0147072280336089
"7745","ACADS",0.95788297592963,0.997625703103167,0.0027895305019225,1,2361.27236619142,0.0211612871454308
"6824","CD248",0.958049272085813,0.997625703103167,0.00276752515329526,1,2361.27236619142,-0.0804353717348533
"12209","ARAF",0.958228218159709,0.997625703103167,0.00274394349078398,1,2361.27236619142,0.0175740413122759
"8405","WDR25",0.958261729092109,0.997625703103167,0.0027395386397728,1,2361.27236619142,0.027105121120448
"6529","CTR9",0.958303592027438,0.997625703103167,0.00273404094283771,1,2361.27236619142,-0.0136939343639375
"12223","WDR13",0.958354242278504,0.997625703103167,0.00272739664417948,1,2361.27236619142,-0.0174363609522855
"4371","GINM1",0.95852927083409,0.997625703103167,0.00270449880131807,1,2361.27236619142,-0.0110765665717727
"9533","PHF23",0.95853682455668,0.997625703103167,0.00270351277576738,1,2361.27236619142,-0.014049040907006
"11195","ZNF701",0.958698612468882,0.997625703103167,0.00268243706030194,1,2361.27236619142,0.0165465060660847
"10790","ZNF85",0.958774865122624,0.997625703103167,0.00267253248516753,1,2361.27236619142,0.0316196647397207
"3472","FAM172A",0.958892943599454,0.997625703103167,0.00265723133385069,1,2361.27236619142,0.00786570797673533
"6750","NUDT22",0.959289690395367,0.997625703103167,0.00260614167518627,1,2361.27236619142,0.0134234628100549
"7504","METTL1",0.959374114666177,0.997625703103167,0.00259533439812839,1,2361.27236619142,0.0365595895798151
"6752","VEGFB",0.959464760896887,0.997625703103167,0.00258375570140104,1,2361.27236619142,0.00786112154225556
"7779","CDK2AP1",0.959515009636598,0.997625703103167,0.00257734835931045,1,2361.27236619142,0.0160069317983605
"6253","ZDHHC16",0.959519273707299,0.997625703103167,0.00257680500411521,1,2361.27236619142,-0.0238952744217789
"10953","SERTAD1",0.959563567899584,0.997625703103167,0.00257116415118566,1,2361.27236619142,-0.0148946715940229
"9250","NAE1",0.959643490715471,0.997625703103167,0.00256100168122397,1,2361.27236619142,0.0165799934036897
"5368","TMEM71",0.959661696412434,0.997625703103167,0.00255868958342403,1,2361.27236619142,0.0217643466966093
"6447","PNPLA2",0.959888819951,0.997625703103167,0.00252993320569072,1,2361.27236619142,-0.0183859200064689
"6724","BSCL2",0.959925227668977,0.997625703103167,0.0025253387327996,1,2361.27236619142,0.0112706240900173
"5413","GRINA",0.959932203561453,0.997625703103167,0.00252445888776594,1,2361.27236619142,0.00921132011568599
"3239","ING2",0.959938645126945,0.997625703103167,0.00252364657201358,1,2361.27236619142,0.0149518632345435
"4741","PDK4",0.96000362276699,0.997625703103167,0.0025154598730817,1,2361.27236619142,0.0106015281934307
"6176","LRMDA",0.960037189094658,0.997625703103167,0.00251123598880956,1,2361.27236619142,-0.00402220153472404
"6440","DEAF1",0.96009633397399,0.997625703103167,0.00250380203609731,1,2361.27236619142,0.0170484689277071
"3391","PIK3R1",0.960122924310485,0.997625703103167,0.00250046348167826,1,2361.27236619142,0.00760174803025146
"25","ATAD3A",0.960386381039272,0.997625703103167,0.00246750578230785,1,2361.27236619142,-0.0386051092452958
"11622","RAE1",0.960456994114441,0.997625703103167,0.00245870953061926,1,2361.27236619142,-0.0190962023611529
"4966","TPK1",0.96048689219187,0.997625703103167,0.00245498987986483,1,2361.27236619142,-0.00920027863100793
"11702","CCT8",0.960648964763224,0.997625703103167,0.00243487538636821,1,2361.27236619142,0.0108338878415628
"2540","SNX4",0.960716004628252,0.997625703103167,0.00242657945658979,1,2361.27236619142,0.00982920487649032
"12345","RPL36A",0.960756967006511,0.997625703103167,0.00242151750172759,1,2361.27236619142,0.00599387391953099
"5375","KHDRBS3",0.960797667042324,0.997625703103167,0.00241649321326897,1,2361.27236619142,0.056310838835696
"8443","PACS2",0.960888983840291,0.997625703103167,0.0024052394805763,1,2361.27236619142,-0.0130240922410222
"8382","BTBD7",0.960924390317882,0.997625703103167,0.00240088312763915,1,2361.27236619142,-0.00875990733402263
"7590","FGD6",0.960988996909352,0.997625703103167,0.00239294424291343,1,2361.27236619142,-0.00936053753345993
"2886","FAM200B",0.961053607635063,0.997625703103167,0.0023850180301672,1,2361.27236619142,-0.0102776780059487
"11531","ACTR5",0.961073772587664,0.997625703103167,0.00238254696459404,1,2361.27236619142,0.0424537727657924
"8762","ZFAND6",0.961131318693364,0.997625703103167,0.00237550217517459,1,2361.27236619142,-0.00738908005307569
"7935","EBPL",0.96118132511932,0.997625703103167,0.00236938888298605,1,2361.27236619142,-0.0281240439812452
"5954","GTPBP4",0.961197727546902,0.997625703103167,0.00236738540355458,1,2361.27236619142,-0.0181516435746897
"7655","SSH1",0.961257740497429,0.997625703103167,0.00236006234295531,1,2361.27236619142,0.0074951160333882
"5164","AP3M2",0.961340891044988,0.997625703103167,0.00234993471602079,1,2361.27236619142,-0.0242293213055366
"3983","PBX2",0.961444377294755,0.997625703103167,0.00233736071560417,1,2361.27236619142,-0.0159295054540633
"10204","TGIF1",0.961511682842049,0.997625703103167,0.00232920096291416,1,2361.27236619142,0.0129553735433904
"583","FRRS1",0.961616538563312,0.997625703103167,0.00231651732908849,1,2361.27236619142,0.0204796381034866
"8558","WDR76",0.961682158716521,0.997625703103167,0.00230859739384563,1,2361.27236619142,0.0531240382624885
"10455","PIAS4",0.96170211035909,0.997625703103167,0.00230619205225809,1,2361.27236619142,0.0242594017738701
"8236","HSPA2",0.961803003425174,0.997625703103167,0.00229404777227342,1,2361.27236619142,0.0738390729587892
"2545","CHST13",0.961875846948633,0.997625703103167,0.00228529973004737,1,2361.27236619142,-0.0190567953046094
"8785","ZSCAN2",0.961938023783946,0.997625703103167,0.00227784593925636,1,2361.27236619142,-0.0421962594503591
"5560","PAX5",0.961980086992909,0.997625703103167,0.00227281030061569,1,2361.27236619142,0.0590999270057581
"4527","TRA2A",0.961996553612258,0.997625703103167,0.0022708405041398,1,2361.27236619142,0.00789836575491883
"2465","CBLB",0.962021082698403,0.997625703103167,0.00226790783336494,1,2361.27236619142,-0.00799715902948602
"2846","MSANTD1",0.962057559251646,0.997625703103167,0.00226355024854349,1,2361.27236619142,-0.0537874178814727
"12420","BCORL1",0.962096117584061,0.997625703103167,0.00225894853515964,1,2361.27236619142,0.0260114610529287
"2322","TUSC2",0.962155894734414,0.997625703103167,0.00225182375612881,1,2361.27236619142,0.0146350380914157
"11356","NSFL1C",0.96221313020717,0.997625703103167,0.00224501248689036,1,2361.27236619142,-0.0113516784098519
"1211","ARID4B",0.962289681453667,0.997625703103167,0.00223591872004473,1,2361.27236619142,-0.00524077063508732
"11174","FPR1",0.962309847522192,0.997625703103167,0.00223352620650324,1,2361.27236619142,-0.0109718538033129
"7890","MRPS31",0.962387631781094,0.997625703103167,0.00222430986288769,1,2361.27236619142,0.012226446942834
"7408","NR4A1",0.962494089077107,0.997625703103167,0.00221172711977127,1,2361.27236619142,-0.0521771804865188
"6894","CLPB",0.962557265923777,0.997625703103167,0.00220427683112613,1,2361.27236619142,-0.0160719086451488
"7757","TMEM120B",0.96265250968294,0.997625703103167,0.00219306878188325,1,2361.27236619142,-0.0278585704130581
"6190","GHITM",0.962666363960799,0.997625703103167,0.00219144083001649,1,2361.27236619142,0.00882257463469734
"8038","PNP",0.962678747230258,0.997625703103167,0.00218998624222927,1,2361.27236619142,-0.0250354824218506
"9048","IGSF6",0.96269610751638,0.997625703103167,0.00218794784921162,1,2361.27236619142,-0.0147108047150365
"3977","FKBPL",0.962698431703378,0.997625703103167,0.00218767502230151,1,2361.27236619142,0.0264874630897739
"7898","RGCC",0.962867186520002,0.997625703103167,0.00216791113441873,1,2361.27236619142,0.0136770454086467
"1070","RBBP5",0.962922545105912,0.997625703103167,0.00216144733590426,1,2361.27236619142,-0.0146165591041597
"9283","NUTF2",0.962977201968622,0.997625703103167,0.00215507496051723,1,2361.27236619142,-0.0159049592742273
"4660","STX1A",0.963092317795958,0.997625703103167,0.00214168458779146,1,2361.27236619142,0.0360897311025867
"688","SRGAP2C",0.96313839129945,0.997625703103167,0.00213633699618792,1,2361.27236619142,-0.008297233820984
"4339","CCDC28A",0.963197820809607,0.997625703103167,0.00212944911238876,1,2361.27236619142,0.0107403522665628
"3708","CCNG1",0.963213049744577,0.997625703103167,0.00212768587186403,1,2361.27236619142,0.0129443531287701
"5383","SLC45A4",0.963278128331149,0.997625703103167,0.00212015917213447,1,2361.27236619142,-0.0138862351636947
"3415","ANKRA2",0.963285791196226,0.997625703103167,0.00211927379874323,1,2361.27236619142,-0.0152990370748455
"11318","ZNF606",0.963335757456562,0.997625703103167,0.0021135052014442,1,2361.27236619142,-0.0248250701177268
"4633","ZNF273",0.963354141444826,0.997625703103167,0.0021113847553117,1,2361.27236619142,0.0217454333287417
"10551","ZNF177",0.963358124108785,0.997625703103167,0.00211092552739771,1,2361.27236619142,0.0499778311092425
"10657","IER2",0.96361764266027,0.997625703103167,0.00208110918632619,1,2361.27236619142,-0.0110220500417104
"9750","ZNHIT3",0.963706042411715,0.997625703103167,0.00207100137575833,1,2361.27236619142,-0.0144444595775046
"12514","ZFY",0.963740905442737,0.997625703103167,0.00206702184430781,1,2361.27236619142,0.0124595323785292
"7264","BORCS5",0.96378156936337,0.997625703103167,0.00206238500047976,1,2361.27236619142,-0.0143784520520597
"12210","TIMP1",0.963789216763608,0.997625703103167,0.00206151356214998,1,2361.27236619142,-0.00637856479032826
"9607","TTC19",0.963811701362583,0.997625703103167,0.0020589524607457,1,2361.27236619142,-0.0132552616089825
"2397","KCTD6",0.963859750338879,0.997625703103167,0.00205348480334108,1,2361.27236619142,-0.0275353903838607
"10180","CYBC1",0.96397853283235,0.997625703103167,0.00203999939949172,1,2361.27236619142,-0.00829977129809764
"4247","SESN1",0.964035363231406,0.997625703103167,0.00203356317547181,1,2361.27236619142,0.00995981105859583
"8124","NPAS3",0.96403942242265,0.997625703103167,0.00203310384902007,1,2361.27236619142,-0.0473722260544699
"5316","SLC25A32",0.964134424746704,0.997625703103167,0.00202236850435774,1,2361.27236619142,0.019726591078121
"3822","PPP1R3G",0.964246451038342,0.997625703103167,0.0020097460229223,1,2361.27236619142,-0.0405146962631753
"11621","TFAP2C",0.964277997897742,0.997625703103167,0.00200619864812987,1,2361.27236619142,-0.0662143024077076
"11475","RALY",0.964324958623403,0.997625703103167,0.00200092383373284,1,2361.27236619142,-0.00806892971916128
"6713","MTA2",0.964346797967415,0.997625703103167,0.00199847312242405,1,2361.27236619142,0.0211694636359599
"2263","KIF9",0.964374164637564,0.997625703103167,0.00199540428401524,1,2361.27236619142,0.0474948389258048
"10911","PSMD8",0.964623184088887,0.99780100228132,0.00196758835288609,1,2361.27236619142,0.00743495897462871
"8729","NEIL1",0.964757145526258,0.997857266972768,0.00195270553847364,1,2361.27236619142,0.0410021372493664
"6819","SF3B2",0.965469701768147,0.998322996526084,0.00187449350178207,1,2361.27236619142,-0.0077529589375001
"6067","HNRNPF",0.965484582056436,0.998322996526084,0.00187287727379443,1,2361.27236619142,0.00730277228717886
"10511","ZNF557",0.965670183950092,0.998322996526084,0.00185277673599218,1,2361.27236619142,0.0186011646531085
"8157","MGAT2",0.965707335450943,0.998322996526084,0.00184876630840874,1,2361.27236619142,-0.0171432141524993
"12065","ATXN10",0.966007724026212,0.998322996526084,0.00181649987259313,1,2361.27236619142,-0.00929136908406259
"6079","NCOA4",0.966097825545996,0.998322996526084,0.00180687703898346,1,2361.27236619142,-0.00519552292412904
"9479","ZZEF1",0.966098835732588,0.998322996526084,0.00180676929628385,1,2361.27236619142,0.00691865896847133
"5518","BAG1",0.966102041871315,0.998322996526084,0.00180642736291057,1,2361.27236619142,0.00716744873751819
"11740","CLDN14",0.966114263449066,0.998322996526084,0.00180512423399286,1,2361.27236619142,0.0468298495842515
"4813","SH2B2",0.966216212303869,0.998322996526084,0.00179427226398743,1,2361.27236619142,-0.0205631504598231
"7681","PPP1CC",0.966347839795279,0.998322996526084,0.00178030962249254,1,2361.27236619142,-0.00925282115969873
"4987","AC073111.4",0.966379419132287,0.998322996526084,0.00177696790954047,1,2361.27236619142,0.038215343994553
"3887","BTN3A2",0.966427219134679,0.998322996526084,0.00177191571479587,1,2361.27236619142,-0.0126131387993709
"11807","CECR2",0.966447141045102,0.998322996526084,0.00176981220673927,1,2361.27236619142,0.0628931068676728
"7760","HPD",0.966640964804201,0.998322996526084,0.00174941212836891,1,2361.27236619142,0.0626206213997451
"2188","PDCD6IP",0.966663217534739,0.998322996526084,0.00174707759483122,1,2361.27236619142,0.00581934243659841
"169","ZBTB40",0.966837683231967,0.998322996526084,0.00172882851213296,1,2361.27236619142,0.011594131823914
"12329","BRWD3",0.966961692130185,0.998322996526084,0.00171591555677332,1,2361.27236619142,-0.00780262827749377
"3726","SH3PXD2B",0.96706384523048,0.998322996526084,0.00170531485244055,1,2361.27236619142,-0.0116910162233487
"2661","SSR3",0.967179218812252,0.998322996526084,0.00169338178791759,1,2361.27236619142,-0.00673536759840662
"11739","CHAF1B",0.967188805432088,0.998322996526084,0.00169239213443503,1,2361.27236619142,0.0617425728822799
"2427","ROBO1",0.967220147257149,0.998322996526084,0.00168915865271839,1,2361.27236619142,-0.0569645093149179
"6604","COMMD9",0.967245098116327,0.998322996526084,0.00168658673006334,1,2361.27236619142,0.00875876348180939
"4294","TBC1D32",0.967258705677559,0.998322996526084,0.00168518489628195,1,2361.27236619142,-0.0178309622766788
"3817","FAM50B",0.96727399815638,0.998322996526084,0.00168361018112701,1,2361.27236619142,-0.0274890562067189
"8426","XRCC3",0.967277149413001,0.998322996526084,0.00168328577783936,1,2361.27236619142,0.0435964340511378
"12308","GCNA",0.967569594657805,0.998397068789263,0.00165331653709592,1,2361.27236619142,-0.0232769374113554
"10436","TLE5",0.967604461498106,0.998397068789263,0.00164976143858905,1,2361.27236619142,-0.00657715649510804
"8196","SOCS4",0.967639190704303,0.998397068789263,0.00164622418354702,1,2361.27236619142,-0.013263779921862
"2161","RPL15",0.96772906388933,0.998397068789263,0.00163708803078557,1,2361.27236619142,0.00336504650307831
"6523","SWAP70",0.967769252832679,0.998397068789263,0.00163301082099923,1,2361.27236619142,0.00594229917794051
"862","ETV3",0.967876749587138,0.998397068789263,0.00162213018860864,1,2361.27236619142,0.0156451791508717
"166","USP48",0.967906192675214,0.998397068789263,0.0016191563663299,1,2361.27236619142,-0.00806084305240319
"5850","USP20",0.968239112649015,0.99840131456164,0.00158572080175695,1,2361.27236619142,-0.0191525552136161
"10947","MAP3K10",0.968299490046141,0.99840131456164,0.0015796944527652,1,2361.27236619142,0.0198381403468677
"493","TCTEX1D1",0.968337707739882,0.99840131456164,0.00157588583236914,1,2361.27236619142,0.0108619255653293
"4152","RAB23",0.968408311449698,0.99840131456164,0.00156886186229837,1,2361.27236619142,0.0421108448082098
"4742","DYNC1I1",0.968461973315732,0.99840131456164,0.00156353385169056,1,2361.27236619142,-0.0603178854079961
"9762","MRPL45",0.968642411928731,0.99840131456164,0.00154568493059036,1,2361.27236619142,-0.018591111529038
"127","SPEN",0.968681224463048,0.99840131456164,0.00154185902034581,1,2361.27236619142,-0.00591039155297504
"9225","RSPRY1",0.96874406379415,0.99840131456164,0.00153567475741347,1,2361.27236619142,0.0127582318690142
"8555","SERF2",0.968795324350656,0.99840131456164,0.00153063922424615,1,2361.27236619142,0.00317939659987719
"10298","DYM",0.968826821826095,0.99840131456164,0.00152754920697074,1,2361.27236619142,0.00599605008428025
"1322","HADHA",0.968846497653192,0.99840131456164,0.00152562052331061,1,2361.27236619142,-0.00545770236567963
"3512","YTHDC2",0.969171575552447,0.99840131456164,0.0014939320252599,1,2361.27236619142,0.0087180354614085
"3863","NUP153",0.969239333466241,0.99840131456164,0.001487368949483,1,2361.27236619142,0.0086967844667541
"2013","SP140L",0.969271558075826,0.99840131456164,0.00148425272986542,1,2361.27236619142,-0.00727092250725844
"479","DOCK7",0.969355572941881,0.99840131456164,0.00147614362090483,1,2361.27236619142,0.00728710326485152
"10541","HNRNPM",0.969355639847156,0.99840131456164,0.001476137172077,1,2361.27236619142,0.00603508159368302
"2596","NCK1",0.969424070123585,0.99840131456164,0.00146954873932002,1,2361.27236619142,-0.00769286363713593
"3145","ABHD18",0.969518559092425,0.99840131456164,0.00146047564592847,1,2361.27236619142,-0.00769082118520638
"1400","SRSF7",0.969551480853969,0.99840131456164,0.00145732101642904,1,2361.27236619142,0.0062510364969516
"1886","RFTN2",0.969644013748992,0.99840131456164,0.00144847261996411,1,2361.27236619142,-0.0564317479256687
"3692","MRPL22",0.969771337666241,0.99840131456164,0.00143634146333379,1,2361.27236619142,0.00946989655769668
"3064","FAM13A",0.969789262912284,0.99840131456164,0.00143463768579953,1,2361.27236619142,-0.00544695637777714
"6884","AP002495.1",0.969872245980143,0.99840131456164,0.00142676341825603,1,2361.27236619142,0.0165256832121893
"6443","GATD1",0.969906424837049,0.99840131456164,0.00142352649430374,1,2361.27236619142,-0.0212392684959157
"10427","DIRAS1",0.969911929832519,0.99840131456164,0.00142300548544923,1,2361.27236619142,-0.0559650900478888
"2433","C3orf38",0.969985125271781,0.99840131456164,0.00141608713149815,1,2361.27236619142,-0.00861541958476702
"4199","SMIM8",0.970121987272882,0.99840131456164,0.00140319637894376,1,2361.27236619142,0.0128817262023099
"7543","MYRFL",0.970484235978589,0.99840131456164,0.00136936177064018,1,2361.27236619142,-0.0573744444421849
"12285","MTMR8",0.970524280313358,0.99840131456164,0.00136564694586469,1,2361.27236619142,-0.0206194577179163
"1216","NID1",0.970525711373719,0.99840131456164,0.00136551428305337,1,2361.27236619142,0.0670023502370241
"3985","NOTCH4",0.970545652252924,0.99840131456164,0.00136366638596671,1,2361.27236619142,-0.041069632822019
"1730","MGAT5",0.970562248349704,0.99840131456164,0.00136212940109951,1,2361.27236619142,-0.00551641016400181
"1348","IFT172",0.970595297768538,0.99840131456164,0.00135907123877619,1,2361.27236619142,-0.0250607136296275
"6034","ABI1",0.970796711312239,0.99840131456164,0.00134050823280594,1,2361.27236619142,-0.00484774656557615
"3968","EHMT2",0.970870171753278,0.99840131456164,0.00133376966116573,1,2361.27236619142,-0.0135263938845666
"7582","MRPL42",0.971057853582478,0.99840131456164,0.00131663069982699,1,2361.27236619142,0.009378621202019
"5656","ZNF169",0.971083206370853,0.99840131456164,0.00131432401071271,1,2361.27236619142,0.0148272817236201
"2408","KBTBD8",0.971149400243148,0.99840131456164,0.00130831099669996,1,2361.27236619142,0.0392701427719004
"4089","RPL7L1",0.971160992242907,0.99840131456164,0.00130725940637611,1,2361.27236619142,-0.00767573456368182
"3474","KIAA0825",0.971175418710073,0.99840131456164,0.00130595127322035,1,2361.27236619142,-0.0152466828200235
"8256","ZFYVE26",0.971214826080983,0.99840131456164,0.00130238131546599,1,2361.27236619142,0.0067332802140854
"210","CEP85",0.971386762449625,0.99840131456164,0.00128686264738845,1,2361.27236619142,-0.0182194230570409
"12436","MOSPD1",0.97140226306958,0.99840131456164,0.00128546816579803,1,2361.27236619142,-0.0126529737085743
"3705","ZBED8",0.971413191952885,0.99840131456164,0.00128448542613165,1,2361.27236619142,-0.037923584176942
"1674","TMEM87B",0.971546217743287,0.998444622969038,0.00127255373461664,1,2361.27236619142,-0.00726398981672556
"1328","CENPA",0.971701202948213,0.998444622969038,0.00125872271261153,1,2361.27236619142,-0.0167054024185752
"5612","UBQLN1",0.971822100635755,0.998444622969038,0.00124798622698097,1,2361.27236619142,-0.00737431770974863
"840","LMNA",0.97184971633012,0.998444622969038,0.00124554023702552,1,2361.27236619142,-0.00580624860364855
"10604","CCDC151",0.971941505884889,0.998444622969038,0.00123742747315953,1,2361.27236619142,0.0529797969704825
"1300","ATAD2B",0.971985484882227,0.998444622969038,0.00123354982070926,1,2361.27236619142,-0.0058755120401093
"271","CCDC28B",0.972012630717565,0.998444622969038,0.00123115939837948,1,2361.27236619142,0.03101258483337
"5041","MFHAS1",0.972095185708005,0.998447643240302,0.00122390399108657,1,2361.27236619142,0.00772623516352162
"3475","SLF1",0.972333372094044,0.998610500321956,0.00120309112322682,1,2361.27236619142,0.0141053660773362
"4781","STAG3",0.972456971313966,0.998655656505768,0.00119236137499231,1,2361.27236619142,0.0260698312194368
"6547","RPS13",0.972650216178487,0.998772321386589,0.00117568205920837,1,2361.27236619142,-0.00336121768956535
"11288","ZNF304",0.972989554957153,0.99895276554063,0.00114667772239695,1,2361.27236619142,0.0297634754908738
"4656","TBL2",0.973017322050698,0.99895276554063,0.00114432043518388,1,2361.27236619142,0.0117965976937713
"3935","GTF2H4",0.973169141424574,0.99895276554063,0.00113147466472671,1,2361.27236619142,0.0225916894348621
"6848","CLCF1",0.973303320444838,0.99895276554063,0.00112018191203015,1,2361.27236619142,0.0303402223457139
"9052","MOSMO",0.973491677079744,0.99895276554063,0.00110442513444218,1,2361.27236619142,-0.00824235492000522
"3738","THOC3",0.973549598193761,0.99895276554063,0.00109960226552111,1,2361.27236619142,-0.0153137902681039
"2759","TPRG1",0.973552227665986,0.99895276554063,0.00109938357015881,1,2361.27236619142,-0.00727291997763444
"3464","TMEM161B",0.973587579558178,0.99895276554063,0.00109644543849652,1,2361.27236619142,-0.0105846358228898
"199","TMEM50A",0.973603809997794,0.99895276554063,0.00109509782842172,1,2361.27236619142,0.0044058706078445
"2350","PPM1M",0.973742857905798,0.99895276554063,0.00108358670572639,1,2361.27236619142,0.00976606104473108
"7646","PWP1",0.973760982374531,0.99895276554063,0.00108209075151861,1,2361.27236619142,0.0105446500008219
"8045","METTL17",0.973781800393446,0.99895276554063,0.00108037375402298,1,2361.27236619142,0.0144643319759662
"11389","SLC23A2",0.973954820516,0.998959294851167,0.00106615646448627,1,2361.27236619142,-0.00433636974056454
"11947","APOL6",0.974075615719995,0.998959294851167,0.00105628644564749,1,2361.27236619142,0.00514220281187562
"7675","FAM216A",0.974173522958525,0.998959294851167,0.00104832028574666,1,2361.27236619142,-0.0243063686912069
"4938","LUC7L2",0.974312401624949,0.998959294851167,0.00103707228594488,1,2361.27236619142,0.00508645719532652
"1891","C2orf69",0.974457751848702,0.998959294851167,0.00102536518702059,1,2361.27236619142,-0.0138148669937449
"4408","TAGAP",0.974478564808562,0.998959294851167,0.00102369427118036,1,2361.27236619142,0.0128688301735464
"897","DEDD",0.974591848339056,0.998959294851167,0.00101462350516771,1,2361.27236619142,-0.0105684903115355
"11786","ADARB1",0.974601075147254,0.998959294851167,0.00101388648170432,1,2361.27236619142,-0.0133752493206699
"12381","ATG4A",0.974686638083676,0.998959294851167,0.00100706461238399,1,2361.27236619142,0.0147237716353028
"10376","ARID3A",0.974697960151851,0.998959294851167,0.00100616363921849,1,2361.27236619142,-0.00834456714747786
"7964","UCHL3",0.974741317198857,0.998959294851167,0.0010027171593952,1,2361.27236619142,0.013978916918147
"5329","CSMD3",0.974759342957262,0.998959294851167,0.00100128602205568,1,2361.27236619142,0.060573422543606
"10957","SHKBP1",0.974963356601917,0.998959294851167,0.000985159872290088,1,2361.27236619142,0.00780431486269755
"5068","NAT1",0.975091512521698,0.998959294851167,0.000975096870310537,1,2361.27236619142,-0.017610093092279
"8193","SAMD4A",0.975198353717726,0.998959294851167,0.000966747057547351,1,2361.27236619142,0.00466721766959199
"2914","RELL1",0.975201215782738,0.998959294851167,0.000966523876781714,1,2361.27236619142,-0.00809339302398083
"9506","ZNF594",0.975204877827679,0.998959294851167,0.00096623835204708,1,2361.27236619142,0.0156834965406528
"10646","DNASE2",0.975221963708065,0.998959294851167,0.000964906746896151,1,2361.27236619142,-0.00786981951645316
"4094","PPP2R5D",0.975470899896088,0.999132681770405,0.000945609900362295,1,2361.27236619142,0.0126715119245387
"5571","SHB",0.975627330117356,0.999140845122987,0.000933583678010754,1,2361.27236619142,-0.0111056022279906
"937","DCAF6",0.97573596143008,0.999140845122987,0.000925277518825441,1,2361.27236619142,0.00453890134267303
"5935","NDOR1",0.975779148262293,0.999140845122987,0.000921985690835995,1,2361.27236619142,0.018677446541838
"3352","NDUFS4",0.975851211831076,0.999140845122987,0.000916505865493797,1,2361.27236619142,-0.00577093142489876
"7048","USP28",0.975877219672392,0.999140845122987,0.000914532203698592,1,2361.27236619142,-0.0106658488877123
"10229","CEP76",0.976039044395593,0.999144942753484,0.000902299624508426,1,2361.27236619142,0.0158906747639119
"3898","ZKSCAN8",0.976085028081485,0.999144942753484,0.000898838687717167,1,2361.27236619142,0.0137808123173797
"11960","TST",0.976120232725914,0.999144942753484,0.000896193528239296,1,2361.27236619142,-0.0105696625375945
"10178","OGFOD3",0.976206365506827,0.999151557155073,0.000889738248066365,1,2361.27236619142,0.0138072238730317
"881","COPA",0.976320858901291,0.999187195322432,0.000881193615970842,1,2361.27236619142,-0.00418589750838618
"298","SFPQ",0.976602325356304,0.999351081280538,0.000860363207741911,1,2361.27236619142,0.00479184251408732
"8733","SNUPN",0.976640367767664,0.999351081280538,0.000857566943798547,1,2361.27236619142,0.0112461842671092
"9450","PRPF8",0.97675261891572,0.999381355741442,0.000849342602866736,1,2361.27236619142,-0.00626703370219979
"4343","HECA",0.976829332483741,0.999381355741442,0.000843744819332013,1,2361.27236619142,0.00572093057196744
"2511","POLQ",0.976948970353647,0.999422223444415,0.000835051822346758,1,2361.27236619142,0.0452474832380769
"3224","HPF1",0.977271803935098,0.99951135218411,0.000811819239596307,1,2361.27236619142,-0.00920853923181105
"12057","PARVG",0.977272237240057,0.99951135218411,0.000811788277421487,1,2361.27236619142,-0.00561354836214863
"5341","MRPL13",0.977275193404159,0.99951135218411,0.000811577057966095,1,2361.27236619142,-0.00626370536067744
"6617","PRDM11",0.977535484290274,0.999564832488742,0.000793086968038417,1,2361.27236619142,0.0230315883895469
"10747","SSBP4",0.977594032427724,0.999564832488742,0.000788957303368966,1,2361.27236619142,0.00872675976671003
"5971","PRKCQ",0.977623563576989,0.999564832488742,0.000786878431078912,1,2361.27236619142,0.0449945628169334
"3166","INPP4B",0.977646298963951,0.999564832488742,0.000785279822612236,1,2361.27236619142,-0.0179609831759247
"1742","LRP1B",0.978078410451399,0.999852254611256,0.00075520575506653,1,2361.27236619142,0.0412268877297405
"10653","LYL1",0.978161235525262,0.999852254611256,0.000749508411403624,1,2361.27236619142,0.00817775947414954
"9376","HSDL1",0.978246338115248,0.999852254611256,0.000743676889535493,1,2361.27236619142,0.0115114091447802
"3028","HNRNPDL",0.978284510939947,0.999852254611256,0.00074106856082596,1,2361.27236619142,-0.00448315234331721
"10410","MKNK2",0.978361335682944,0.999852254611256,0.000735833068153776,1,2361.27236619142,0.00832948628935389
"3443","TENT2",0.978520347935993,0.999852254611256,0.000725055623600061,1,2361.27236619142,0.00278710322261444
"6740","C11orf95",0.978587412235813,0.999852254611256,0.000720534032181098,1,2361.27236619142,-0.0409627646421153
"2167","NEK10",0.978673915903368,0.999852254611256,0.000714722706138488,1,2361.27236619142,-0.0140011494052335
"11651","TCFL5",0.97879211881819,0.999852254611256,0.000706819891940776,1,2361.27236619142,-0.0198304655027159
"5418","CYC1",0.979314412869475,0.999852254611256,0.000672426660386139,1,2361.27236619142,0.00780315326280497
"8792","AKAP13",0.979482111675789,0.999852254611256,0.000661565684367347,1,2361.27236619142,-0.00263638372817439
"4495","GLCCI1",0.979503693907527,0.999852254611256,0.000660174342683523,1,2361.27236619142,0.00862594895417095
"3688","LARP1",0.979555992061494,0.999852254611256,0.000656808916267005,1,2361.27236619142,0.004022713728236
"2049","PER2",0.979579767871489,0.999852254611256,0.000655281770086589,1,2361.27236619142,-0.0140608144922375
"27","FNDC10",0.979969891610251,0.999852254611256,0.000630477719516134,1,2361.27236619142,0.0154425492176483
"55","RPL22",0.980104081018972,0.999852254611256,0.000622056643722883,1,2361.27236619142,0.00308896028902498
"5540","STOML2",0.980342187004949,0.999852254611256,0.000607253714813838,1,2361.27236619142,0.00764503480718847
"6256","MORN4",0.980370558673035,0.999852254611256,0.000605501755466219,1,2361.27236619142,0.0264599812855709
"10167","LRRC45",0.98040163089434,0.999852254611256,0.000603585941592222,1,2361.27236619142,0.0213677267097949
"12198","ZNF674",0.98044530931056,0.999852254611256,0.00060089800593775,1,2361.27236619142,-0.0189539021372503
"9893","KPNB1",0.980527798713265,0.999852254611256,0.000595838043636832,1,2361.27236619142,0.0031888126473671
"3497","NUDT12",0.980603006339374,0.999852254611256,0.000591243406865344,1,2361.27236619142,-0.0130314538997886
"7719","TESC",0.980639313569312,0.999852254611256,0.000589031668958608,1,2361.27236619142,-0.0121455323974201
"10485","MICOS13",0.980716282767278,0.999852254611256,0.000584356628801538,1,2361.27236619142,-0.00525721326592302
"6671","FAM111A",0.980818999868533,0.999852254611256,0.00057814671604703,1,2361.27236619142,-0.00521708059658195
"3132","EXOSC9",0.980949632793543,0.999852254611256,0.000570297059698878,1,2361.27236619142,-0.00834341177121767
"906","SDHC",0.981025811681202,0.999852254611256,0.000565744295693382,1,2361.27236619142,0.00517084148908123
"6054","CUL2",0.981031663952326,0.999852254611256,0.000565395294979263,1,2361.27236619142,0.00511752289679587
"5287","UQCRB",0.981058827307041,0.999852254611256,0.000563776816486751,1,2361.27236619142,0.0025576485056973
"8975","ALG1",0.981079201234752,0.999852254611256,0.000562564396894624,1,2361.27236619142,-0.0108727711864336
"8803","FANCI",0.981199878965864,0.999852254611256,0.000555409833110466,1,2361.27236619142,0.01400207003636
"8280","RBM25",0.981264056077229,0.999852254611256,0.000551623654721022,1,2361.27236619142,0.00339921047820553
"10060","SLC16A5",0.981279447726225,0.999852254611256,0.000550717538749085,1,2361.27236619142,0.0143333026982614
"3113","PLA2G12A",0.98136060837691,0.999852254611256,0.000545951885941037,1,2361.27236619142,0.00981356319514359
"9940","MBTD1",0.981460276637534,0.999852254611256,0.00054012783644728,1,2361.27236619142,-0.00515444995268957
"106","PLOD1",0.981475144841362,0.999852254611256,0.00053926170115817,1,2361.27236619142,0.00586990074673973
"9394","MAP1LC3B",0.981777026955696,0.999852254611256,0.000521826194530222,1,2361.27236619142,0.00341479850280638
"581","DPYD",0.981803279826191,0.999852254611256,0.000520323482208243,1,2361.27236619142,-0.00229538109240441
"11070","AP2S1",0.981866857435309,0.999852254611256,0.000516693287045471,1,2361.27236619142,-0.00245217395277395
"7262","BCL2L14",0.981872023503609,0.999852254611256,0.000516398870099853,1,2361.27236619142,0.0340857120630154
"11441","CST3",0.981883471556876,0.999852254611256,0.000515746738668204,1,2361.27236619142,-0.00190904467962976
"1826","HNRNPA3",0.981986891475749,0.999852254611256,0.000509874169171864,1,2361.27236619142,0.00315842929645566
"1586","KDM3A",0.982059377944974,0.999852254611256,0.000505778170223515,1,2361.27236619142,0.00480679524089024
"1325","SELENOI",0.982136020379485,0.999852254611256,0.000501465305355029,1,2361.27236619142,-0.0072784192201652
"7072","ATP5MG",0.982292787181775,0.999852254611256,0.000492701184798908,1,2361.27236619142,-0.00246325681277771
"6780","TM7SF2",0.982317887560713,0.999852254611256,0.000491305115720486,1,2361.27236619142,-0.0148228600994396
"11","B3GALT6",0.982354095245356,0.999852254611256,0.000489294755549579,1,2361.27236619142,0.0125065783179792
"1957","SMARCAL1",0.982570529696293,0.999852254611256,0.000477363653795794,1,2361.27236619142,-0.00667981600678818
"5867","TTF1",0.982780885430596,0.999852254611256,0.000465908832835027,1,2361.27236619142,0.00642028218645444
"10853","HAUS5",0.982795754705764,0.999852254611256,0.000465104400112338,1,2361.27236619142,-0.0232070213951709
"9307","NIP7",0.983067619299289,0.999852254611256,0.000450519022117791,1,2361.27236619142,0.0106334029544278
"8596","DMXL2",0.983174277397409,0.999852254611256,0.000444860364915607,1,2361.27236619142,0.00190266111000466
"2366","MUSTN1",0.983333813333013,0.999852254611256,0.000436463098996755,1,2361.27236619142,-0.0310594068275483
"12410","C1GALT1C1",0.983342461467869,0.999852254611256,0.000436010186615968,1,2361.27236619142,0.00942723209270251
"4671","NCF1",0.98338894058551,0.999852254611256,0.000433580053012223,1,2361.27236619142,-0.00326993328090635
"3143","PLK4",0.983588414445364,0.999852254611256,0.000423227826331389,1,2361.27236619142,-0.0334941191388397
"12475","SSR4",0.983796837181301,0.999852254611256,0.000412544856434263,1,2361.27236619142,0.00292074765899169
"4032","TAF11",0.983838919845398,0.999852254611256,0.000410404432979762,1,2361.27236619142,-0.005859577705933
"9720","RHOT1",0.983864810467921,0.999852254611256,0.000409090342169257,1,2361.27236619142,0.00307051148395479
"7820","ZNF605",0.983909181670056,0.999852254611256,0.000406843162948003,1,2361.27236619142,0.0106891745610889
"9181","MYLK3",0.983971086025397,0.999852254611256,0.000403718362047767,1,2361.27236619142,0.0299366311966659
"2672","IFT80",0.984001129634227,0.999852254611256,0.000402206167905382,1,2361.27236619142,0.00824682569345802
"8564","B2M",0.984038845745736,0.999852254611256,0.000400311809802064,1,2361.27236619142,0.00102737228017944
"5884","ADAMTS13",0.984187194401184,0.999852254611256,0.000392904139007546,1,2361.27236619142,0.0295739830045035
"3249","SLC25A4",0.984355999299368,0.999852254611256,0.000384559181920898,1,2361.27236619142,0.029937281534115
"3950","BAG6",0.984375833261732,0.999852254611256,0.000383584562638868,1,2361.27236619142,0.00548287823232771
"5087","C8orf58",0.984419200662471,0.999852254611256,0.000381457845434777,1,2361.27236619142,0.0146043625136494
"5854","FUBP3",0.984530673865452,0.999852254611256,0.000376018390536679,1,2361.27236619142,0.00502941618185065
"5575","CBWD5",0.984602676176492,0.999852254611256,0.000372525731585421,1,2361.27236619142,0.00738143294031806
"3114","GAR1",0.984632029548597,0.999852254611256,0.000371106547902213,1,2361.27236619142,-0.0117271412898586
"6029","ARHGAP21",0.984664094233293,0.999852254611256,0.000369559373446968,1,2361.27236619142,-0.00278385383048305
"7993","GGACT",0.984792539667575,0.999852254611256,0.000363394082754262,1,2361.27236619142,-0.0201917264337407
"3165","IL15",0.984853264433657,0.999852254611256,0.000360497397824267,1,2361.27236619142,-0.00437371607984338
"12387","KLHL13",0.984886402371815,0.999852254611256,0.000358921546584006,1,2361.27236619142,0.0246832885576053
"7113","SIAE",0.984933950117938,0.999852254611256,0.000356666478946716,1,2361.27236619142,0.0141862773907257
"1713","WDR33",0.984974258757718,0.999852254611256,0.000354760311478976,1,2361.27236619142,-0.00322841861793507
"6692","TKFC",0.985144262695861,0.999852254611256,0.000346777157537022,1,2361.27236619142,-0.0127022834073477
"4750","TRRAP",0.985151075345281,0.999852254611256,0.000346459138665466,1,2361.27236619142,0.0041640811296733
"10697","KLF2",0.985216081462104,0.999852254611256,0.000343431951317972,1,2361.27236619142,0.0177379653598799
"7272","EMP1",0.985279276232719,0.999852254611256,0.000340501851701477,1,2361.27236619142,-0.00490690670906657
"10020","HELZ",0.985353839565341,0.999852254611256,0.000337060784543969,1,2361.27236619142,0.0021053737400257
"2294","CCDC71",0.985459627729652,0.999852254611256,0.00033220870008296,1,2361.27236619142,-0.0111069321723289
"6607","RAG1",0.985543273755228,0.999852254611256,0.000328397099665359,1,2361.27236619142,0.0293913169822899
"4118","SLC29A1",0.985593975972143,0.999852254611256,0.000326097399125961,1,2361.27236619142,-0.00641136556430496
"1952","FN1",0.985718320605477,0.999852254611256,0.000320491719029112,1,2361.27236619142,-0.0101827360356184
"5411","PLEC",0.985771829659664,0.999852254611256,0.000318094396176658,1,2361.27236619142,0.00413745133477801
"12458","MAMLD1",0.985805068054213,0.999852254611256,0.000316609776278897,1,2361.27236619142,-0.00758838208868011
"936","MPC2",0.985967144786085,0.999852254611256,0.000309420254409109,1,2361.27236619142,0.00317112627943503
"6681","MS4A6E",0.985975975768027,0.999852254611256,0.00030903089581131,1,2361.27236619142,-0.0143122696317953
"8040","RNASE4",0.986038972506241,0.999852254611256,0.000306260478920966,1,2361.27236619142,-0.00617336243266746
"120","DNAJC16",0.986103907836295,0.999852254611256,0.000303417868146232,1,2361.27236619142,0.00522012064738409
"3869","RNF144B",0.986403329657083,0.999852254611256,0.000290481877936104,1,2361.27236619142,0.00432336514344588
"11549","SERINC3",0.986468243576132,0.999852254611256,0.000287714566645605,1,2361.27236619142,0.00335489794027188
"7035","PIH1D2",0.986554562888014,0.999852254611256,0.000284055255124636,1,2361.27236619142,-0.0251028772777931
"3802","EXOC2",0.986618297991593,0.999852254611256,0.000281368384321531,1,2361.27236619142,-0.00337397818966847
"5342","MTBP",0.986646471129525,0.999852254611256,0.000280184764235295,1,2361.27236619142,0.0114186247336354
"3138","SPATA5",0.98678496750819,0.999852254611256,0.000274402490946238,1,2361.27236619142,0.00449831197259189
"3075","TSPAN5",0.98681884141803,0.999852254611256,0.0002729974217681,1,2361.27236619142,0.0299373210345754
"104","CLCN6",0.986881930791121,0.999852254611256,0.00027039012933641,1,2361.27236619142,-0.00592142187430855
"8309","ACYP1",0.986883212689933,0.999852254611256,0.000270337282062608,1,2361.27236619142,0.0110943338888707
"3690","CNOT8",0.987055821902773,0.999852254611256,0.000263268516303463,1,2361.27236619142,-0.00373560070048518
"1053","KDM5B",0.987060121493986,0.999852254611256,0.00026309363331051,1,2361.27236619142,0.00376403889347207
"2747","ETV5",0.987109739871542,0.999852254611256,0.000261079644519344,1,2361.27236619142,0.00340852863087789
"7024","RDX",0.98712301932813,0.999852254611256,0.000260541950008795,1,2361.27236619142,-0.00286562534955508
"1440","PPP1R21",0.987295559835903,0.999852254611256,0.000253606062596115,1,2361.27236619142,0.00296233032261568
"6146","DNAJB12",0.987405641384064,0.999852254611256,0.000249229843146172,1,2361.27236619142,-0.00390232453448913
"10887","ZNF850",0.987426683502849,0.999852254611256,0.000248397664677074,1,2361.27236619142,-0.0171202654958423
"6202","RNLS",0.9874944404734,0.999852254611256,0.000245727454482359,1,2361.27236619142,-0.00647152086287953
"10018","CEP112",0.987619469503834,0.999852254611256,0.000240838119002042,1,2361.27236619142,-0.0131458048555021
"5988","PHYH",0.987712646148112,0.999852254611256,0.000237226349354184,1,2361.27236619142,0.00571777454420323
"6051","ITGB1",0.987858784259393,0.999852254611256,0.000231616628287101,1,2361.27236619142,0.00182410311757284
"10339","CD226",0.988051535500241,0.999852254611256,0.000224320271069552,1,2361.27236619142,0.00515979807995463
"774","TCHH",0.988107952504745,0.999852254611256,0.000222206771767079,1,2361.27236619142,0.00783311851012358
"8618","ZNF280D",0.98812122770036,0.999852254611256,0.0002217109093208,1,2361.27236619142,-0.00316661080249308
"10537","NDUFA7",0.988347736197521,0.999852254611256,0.000213335608908273,1,2361.27236619142,0.00348245781289433
"8834","ARRDC4",0.988428814616926,0.999852254611256,0.000210376879833647,1,2361.27236619142,0.00487640041991899
"1019","PLA2G4A",0.988467263519827,0.999852254611256,0.000208981018644932,1,2361.27236619142,0.00372132953983502
"1380","LTBP1",0.988531425263262,0.999852254611256,0.000206662018449423,1,2361.27236619142,0.0247920053087575
"7352","RAPGEF3",0.988622179447449,0.999852254611256,0.000203403984758997,1,2361.27236619142,0.0214045793030047
"11171","SIGLEC5",0.988682943237045,0.999852254611256,0.000201237063491622,1,2361.27236619142,-0.00562415976058761
"9763","SOCS7",0.988807572859136,0.999852254611256,0.000196828914093499,1,2361.27236619142,-0.00689177283194772
"1020","RGS18",0.988866817760362,0.999852254611256,0.000194750544158848,1,2361.27236619142,0.00462951974655885
"7220","C1RL",0.988883428712278,0.999852254611256,0.000194169795935116,1,2361.27236619142,0.00801829709181917
"8952","DNASE1",0.988969874354481,0.999852254611256,0.000191161505849224,1,2361.27236619142,-0.00503555230646595
"10897","ZNF527",0.989029561575738,0.999852254611256,0.000189098112212536,1,2361.27236619142,0.0152832694589095
"4577","VPS41",0.989083320707227,0.999852254611256,0.00018724923886768,1,2361.27236619142,-0.0019630572813916
"1336","SLC5A6",0.989277229573102,0.999852254611256,0.000180655845300274,1,2361.27236619142,0.0116441192623557
"7600","NEDD1",0.989294206696414,0.999852254611256,0.000180084207091658,1,2361.27236619142,0.00458354051776364
"5862","UCK1",0.989333237097021,0.999852254611256,0.000178773446766059,1,2361.27236619142,0.005558038294309
"6208","LIPA",0.989349832436575,0.999852254611256,0.000178217575337827,1,2361.27236619142,0.00155215311770091
"5044","TNKS",0.989376111744628,0.999852254611256,0.000177339104087412,1,2361.27236619142,-0.00216417438590438
"3892","HMGN4",0.989392678883542,0.999852254611256,0.00017678640929526,1,2361.27236619142,0.00351301149990987
"9400","ZFPM1",0.98939740220814,0.999852254611256,0.000176628992950738,1,2361.27236619142,0.0058533633955686
"2534","KALRN",0.989420272512456,0.999852254611256,0.000175867775973184,1,2361.27236619142,0.00741090732358355
"9605","ADORA2B",0.989432782323506,0.999852254611256,0.000175452094079033,1,2361.27236619142,0.0121895009142086
"2939","TMEM33",0.989440351387592,0.999852254611256,0.000175200824513645,1,2361.27236619142,-0.00270502600749117
"11404","SLX4IP",0.989501794192097,0.999852254611256,0.000173167777408925,1,2361.27236619142,-0.00336998114938768
"11246","EPS8L1",0.989503149380281,0.999852254611256,0.000173123070088248,1,2361.27236619142,0.0145390181670372
"5351","FAM91A1",0.989567445279421,0.999852254611256,0.000171008598562188,1,2361.27236619142,-0.00201517060545569
"4655","BCL7B",0.989623801685794,0.999852254611256,0.000169165916310013,1,2361.27236619142,0.0037956610769336
"8240","RAB15",0.989677106801743,0.999852254611256,0.000167432189105043,1,2361.27236619142,-0.01926600828965
"3911","HLA-G",0.989725489946737,0.999852254611256,0.000165866279544486,1,2361.27236619142,0.0137887575950968
"7273","ATF7IP",0.989745831315658,0.999852254611256,0.000165210132824577,1,2361.27236619142,-0.00203925973689715
"1820","WIPF1",0.989852445592081,0.999852254611256,0.000161792374027498,1,2361.27236619142,0.00113631093964348
"5061","CNOT7",0.989889976333254,0.999852254611256,0.000160597744645908,1,2361.27236619142,-0.00297738129557521
"1700","PTPN4",0.989901147164761,0.999852254611256,0.00016024302440056,1,2361.27236619142,-0.00441211071267365
"4550","FKBP14",0.989961433200159,0.999852254611256,0.000158335463018051,1,2361.27236619142,0.00578719356561057
"3635","FCHSD1",0.990011318412609,0.999852254611256,0.000156765640393042,1,2361.27236619142,0.00768173432251875
"9937","SPAG9",0.99008968068034,0.999852254611256,0.000154315476368154,1,2361.27236619142,0.00171686141140808
"4215","CASP8AP2",0.990110900980755,0.999852254611256,0.000153655299351353,1,2361.27236619142,0.00352752028115086
"7142","PRDM10",0.990154575388027,0.999852254611256,0.000152301015136441,1,2361.27236619142,-0.00530957368314383
"4810","IFT22",0.990216679693497,0.999852254611256,0.000150385569121209,1,2361.27236619142,0.00853001803288696
"5484","CNTLN",0.990266077801825,0.999852254611256,0.000148870669156322,1,2361.27236619142,0.0021877141028363
"2527","HSPBAP1",0.990272112475497,0.999852254611256,0.000148686128549046,1,2361.27236619142,0.00331275087410397
"2111","GHRL",0.990322431928678,0.999852254611256,0.00014715181386869,1,2361.27236619142,0.0181453806920458
"7216","EMG1",0.990364780063872,0.999852254611256,0.000145866723881295,1,2361.27236619142,-0.00469993263398871
"616","ATXN7L2",0.990633460735381,0.999889587578561,0.000137844714547094,1,2361.27236619142,-0.0175234150362541
"7535","MDM2",0.990699613924476,0.999889587578561,0.000135904386949396,1,2361.27236619142,-0.00165776875523776
"5176","SPIDR",0.99100640307356,0.999889587578561,0.000127085816416588,1,2361.27236619142,0.00132950582583604
"884","SLAMF6",0.991012574230483,0.999889587578561,0.000126911463344668,1,2361.27236619142,0.0096431022916571
"10303","MBD1",0.99126976737439,0.999889587578561,0.000119751459204435,1,2361.27236619142,-0.00362231119313878
"3544","ISOC1",0.991272804017639,0.999889587578561,0.000119668163892137,1,2361.27236619142,-0.0073521219508938
"8709","NPTN",0.991309540461782,0.999889587578561,0.000118662777114049,1,2361.27236619142,-0.00190026666923191
"9634","FLII",0.991509447515608,0.999889587578561,0.000113266151519875,1,2361.27236619142,0.00242090926480317
"11014","ZNF222",0.991583618745972,0.999889587578561,0.000111295795545074,1,2361.27236619142,-0.00910119591601072
"1761","FMNL2",0.99167936156807,0.999889587578561,0.000108777955927216,1,2361.27236619142,0.00123352889526649
"2993","CXCL1",0.991733423738651,0.999889587578561,0.000107368958866706,1,2361.27236619142,-0.00511581832230056
"9191","CNEP1R1",0.991806857663587,0.999889587578561,0.000105469797746265,1,2361.27236619142,-0.00336912578047913
"5694","ZNF189",0.991821972224185,0.999889587578561,0.000105081005513918,1,2361.27236619142,-0.00311413892931324
"9326","ZNF23",0.991942510761497,0.999889587578561,0.000102006085162584,1,2361.27236619142,-0.00754793878073903
"11694","MRPL39",0.991972375168022,0.999889587578561,0.000101251307029181,1,2361.27236619142,-0.00478723191769087
"7214","PTPN6",0.992003980417524,0.999889587578561,0.000100455584648447,1,2361.27236619142,0.00153873660240853
"2605","PIK3CB",0.992018541778302,0.999889587578561,0.000100090031045818,1,2361.27236619142,0.00156208731977815
"9320","FCSK",0.992240325372772,0.999889587578561,9.46046672235669e-05,1,2361.27236619142,-0.00556658095460541
"3285","ANKRD33B",0.992252409407106,0.999889587578561,9.43102343049667e-05,1,2361.27236619142,0.0240024052697461
"9998","MAP3K3",0.992352530321227,0.999889587578561,9.18883967746207e-05,1,2361.27236619142,-0.00181021423605943
"490","LEPR",0.992397634155258,0.999889587578561,9.08076674938148e-05,1,2361.27236619142,0.0029644492925486
"5283","NDUFAF6",0.992425585101528,0.999889587578561,9.01411459057336e-05,1,2361.27236619142,0.00275252575380848
"3167","USP38",0.992542663935722,0.999889587578561,8.73759525199285e-05,1,2361.27236619142,-0.00301811139537037
"11217","OSCAR",0.992667704408218,0.999889587578561,8.44702932168326e-05,1,2361.27236619142,-0.00179250334235264
"4245","FOXO3",0.992740787546592,0.999889587578561,8.27947584990796e-05,1,2361.27236619142,0.00129336554217062
"1345","PPM1G",0.992757600775788,0.999889587578561,8.24116664222792e-05,1,2361.27236619142,0.00202062249995624
"4329","MTFR2",0.992820931096819,0.999889587578561,8.09766506783083e-05,1,2361.27236619142,-0.0134203711429141
"704","TXNIP",0.992935569342346,0.999889587578561,7.84110966803992e-05,1,2361.27236619142,0.000799047233389766
"7420","PFDN5",0.99294049747902,0.999889587578561,7.83017330463249e-05,1,2361.27236619142,0.000632816145149284
"7011","GUCY1A2",0.993005364712717,0.999889587578561,7.68693344159912e-05,1,2361.27236619142,-0.0167000288064397
"3903","PGBD1",0.993070525833057,0.999889587578561,7.54437600775734e-05,1,2361.27236619142,0.00357818666972332
"4498","PHF14",0.993106369822404,0.999889587578561,7.46652656565863e-05,1,2361.27236619142,0.00186105850346055
"7814","POLE",0.993123092613329,0.999889587578561,7.43034452412214e-05,1,2361.27236619142,0.00597527211714851
"1671","BCL2L11",0.993132546221856,0.999889587578561,7.40992923642275e-05,1,2361.27236619142,0.00315600640271068
"3371","NDUFAF2",0.993192296664232,0.999889587578561,7.28154651847772e-05,1,2361.27236619142,-0.00313467344296322
"2802","IQCG",0.993279022426468,0.999896630297828,7.09719944725211e-05,1,2361.27236619142,0.00230325240973997
"1444","CHAC2",0.99354044716765,0.999948487441978,6.55580825491569e-05,1,2361.27236619142,-0.0120594919964512
"10626","ZNF442",0.993566856384908,0.999948487441978,6.50231117989224e-05,1,2361.27236619142,-0.0135331751128602
"7715","MAP1LC3B2",0.993575025138046,0.999948487441978,6.48580814400812e-05,1,2361.27236619142,0.00714773448429568
"8858","DECR2",0.993667793946936,0.999948487441978,6.29986205387442e-05,1,2361.27236619142,-0.00867379884289276
"9180","ORC6",0.994068905452903,0.999948487441978,5.52700093161962e-05,1,2361.27236619142,-0.00666530865234598
"12341","TRMT2B",0.994183752313501,0.999948487441978,5.31502512806615e-05,1,2361.27236619142,-0.00356512321668137
"8966","MGRN1",0.99419250255635,0.999948487441978,5.2990445164773e-05,1,2361.27236619142,-0.00181402551398127
"7125","HYLS1",0.994269124456127,0.999948487441978,5.16013740636675e-05,1,2361.27236619142,0.00538402028228696
"3376","IPO11",0.994281999966948,0.999948487441978,5.13697657973628e-05,1,2361.27236619142,0.00302010185614537
"8546","LCMT2",0.99441421034169,0.999948487441978,4.90216690697236e-05,1,2361.27236619142,-0.010860433297375
"810","CKS1B",0.994431401796778,0.999948487441978,4.87203793084183e-05,1,2361.27236619142,-0.00311837247035249
"10775","PBX4",0.994472428908032,0.999948487441978,4.80051095546994e-05,1,2361.27236619142,-0.0103385557657385
"10440","NCLN",0.994726251799381,0.999948487441978,4.36975359103062e-05,1,2361.27236619142,0.00271749274839936
"2654","DHX36",0.994836971621304,0.999948487441978,4.18819533671772e-05,1,2361.27236619142,0.00120873861629671
"6367","TIAL1",0.995015666268581,0.999948487441978,3.90329808507862e-05,1,2361.27236619142,0.0013002601283921
"3301","ZFR",0.995041183002744,0.999948487441978,3.86343488133925e-05,1,2361.27236619142,-0.000924887887817928
"6186","ANXA11",0.995226429463081,0.999948487441978,3.58017052405978e-05,1,2361.27236619142,-0.00087074303182146
"5389","THEM6",0.995315332089049,0.999948487441978,3.44805712526884e-05,1,2361.27236619142,0.00510416210261209
"7775","ARL6IP4",0.99535697627648,0.999948487441978,3.38702614990247e-05,1,2361.27236619142,-0.000780967509841388
"9919","FAM117A",0.995431608457669,0.999948487441978,3.27901365713921e-05,1,2361.27236619142,-0.00286302056314047
"7492","STAC3",0.995439250288683,0.999948487441978,3.26805269500234e-05,1,2361.27236619142,0.00123874674006348
"5005","CHPF2",0.995451044719537,0.999948487441978,3.25117152349502e-05,1,2361.27236619142,-0.00247434741906879
"9836","COA3",0.995483872635463,0.999948487441978,3.2044156399029e-05,1,2361.27236619142,0.00143398007375957
"4300","RNF217",0.995598169498378,0.999948487441978,3.04426797323874e-05,1,2361.27236619142,-0.0011280845779461
"3836","SLC35B3",0.995620712034505,0.999948487441978,3.01316705422199e-05,1,2361.27236619142,0.00193214186814175
"4351","PEX3",0.99578732858535,0.999948487441978,2.78824574854486e-05,1,2361.27236619142,0.00212992642589886
"1155","SRP9",0.995809158742071,0.999948487441978,2.75942285442623e-05,1,2361.27236619142,-0.000920319420351836
"6654","PRG2",0.996046872608312,0.999948487441978,2.45525732127271e-05,1,2361.27236619142,0.00524653653667337
"3116","FAM241A",0.996059261409377,0.999948487441978,2.43989213050607e-05,1,2361.27236619142,0.00218448169245065
"2421","SHQ1",0.996107819979269,0.999948487441978,2.38013244250715e-05,1,2361.27236619142,-0.00200221731706174
"2718","MCCC1",0.996109059861119,0.999948487441978,2.37861625550605e-05,1,2361.27236619142,-0.00148657542286745
"258","SNRNP40",0.996112077522347,0.999948487441978,2.37492813326016e-05,1,2361.27236619142,-0.0014712364190459
"8758","TMED3",0.996359898272162,0.999948487441978,2.08181385999446e-05,1,2361.27236619142,-0.00125869442475527
"3502","TMEM232",0.996367011702669,0.999948487441978,2.07368525698662e-05,1,2361.27236619142,0.00343649270548131
"277","TSSK3",0.996439080880411,0.999948487441978,1.99222755783209e-05,1,2361.27236619142,-0.00477633776314419
"10520","XAB2",0.996603017450506,0.999948487441978,1.81301374432022e-05,1,2361.27236619142,0.00168346065960095
"103","MTHFR",0.996744443165469,0.999948487441978,1.66519390917174e-05,1,2361.27236619142,-0.00124446610432028
"7147","SNX19",0.996858887031114,0.999948487441978,1.55017666768497e-05,1,2361.27236619142,-0.000996474563923704
"10213","ANKRD12",0.997013033275677,0.999948487441978,1.4017631471327e-05,1,2361.27236619142,-0.000388754550877822
"10954","SERTAD3",0.997107402797335,0.999948487441978,1.31458800916716e-05,1,2361.27236619142,-0.00128945083037959
"6882","DHCR7",0.997123595001896,0.999948487441978,1.29991151548848e-05,1,2361.27236619142,0.00203425493686523
"5742","ATP6V1G1",0.997182001888038,0.999948487441978,1.24765652300352e-05,1,2361.27236619142,0.00036672185254081
"6199","ATAD1",0.99720110297407,0.999948487441978,1.23079992983905e-05,1,2361.27236619142,0.000839778038989806
"6216","RPP30",0.99720135338806,0.999948487441978,1.23057970237391e-05,1,2361.27236619142,-0.000988386338289225
"11729","MRPS6",0.997393859840587,0.999948487441978,1.06710934105332e-05,1,2361.27236619142,0.000662137144046424
"10597","RAB3D",0.997465111780959,0.999948487441978,1.00955719222987e-05,1,2361.27236619142,0.00214322292652498
"4797","GIGYF1",0.997503232952075,0.999948487441978,9.79420760259815e-06,1,2361.27236619142,-0.00103896991827855
"7944","DHRS12",0.997581353478991,0.999948487441978,9.19089858538775e-06,1,2361.27236619142,0.00166400522513794
"11765","PKNOX1",0.997654611710955,0.999948487441978,8.64256382106782e-06,1,2361.27236619142,0.000904367441062913
"10627","ZNF799",0.997659743111385,0.999948487441978,8.60478750168343e-06,1,2361.27236619142,-0.00255898499597111
"2418","EIF4E3",0.997685530353172,0.999948487441978,8.41619980003854e-06,1,2361.27236619142,0.000847830256933123
"6669","LPXN",0.997685899149438,0.999948487441978,8.41351786857931e-06,1,2361.27236619142,0.00044469471375063
"1651","IL1RL2",0.997929395057874,0.999948487441978,6.73608109660008e-06,1,2361.27236619142,0.00396024720434617
"10773","NDUFA13",0.997998957818701,0.999948487441978,6.29108042359808e-06,1,2361.27236619142,0.000254736316333022
"8589","USP50",0.998104668310446,0.999948487441978,5.64394930703724e-06,1,2361.27236619142,-0.00255398551915422
"2832","POLN",0.998115441658891,0.999948487441978,5.57996943958118e-06,1,2361.27236619142,-0.00373426054906583
"4018","SYNGAP1",0.998170598760095,0.999948487441978,5.25812054986164e-06,1,2361.27236619142,0.00168794573753019
"4335","TNFAIP3",0.998229842386579,0.999948487441978,4.92307471188725e-06,1,2361.27236619142,-0.00114608133472896
"7913","COG3",0.998290491152991,0.999948487441978,4.59150656208087e-06,1,2361.27236619142,-0.000615624739588366
"10739","RAB3A",0.998364396135744,0.999948487441978,4.20309013566059e-06,1,2361.27236619142,-0.00315678496469201
"10734","IL12RB1",0.998620241076612,0.999948487441978,2.99101571693892e-06,1,2361.27236619142,-0.000870501844260698
"2485","USF3",0.998645734520074,0.999948487441978,2.88150828944271e-06,1,2361.27236619142,0.000467946918608833
"11235","LAIR2",0.998733378916489,0.999948487441978,2.52060985328357e-06,1,2361.27236619142,-0.00235759983851869
"10149","TSPAN10",0.998859464660483,0.999948487441978,2.04375874297888e-06,1,2361.27236619142,0.0021507342704827
"5070","CSGALNACT1",0.998877144947022,0.999948487441978,1.98088617644358e-06,1,2361.27236619142,-0.00235733641875706
"8688","ANP32A",0.998940473990751,0.999948487441978,1.76374314532221e-06,1,2361.27236619142,-0.000194183304277442
"12038","SMDT1",0.999158418245267,0.999948487441978,1.11276798741781e-06,1,2361.27236619142,0.000245521465227749
"4108","YIPF3",0.999187079197197,0.999948487441978,1.03826559756205e-06,1,2361.27236619142,0.000272343069146528
"700","PEX11B",0.999230201024031,0.999948487441978,9.31036338505034e-07,1,2361.27236619142,0.000456993880692391
"6601","FJX1",0.999267509934612,0.999948487441978,8.42976443564801e-07,1,2361.27236619142,-0.00147247214191596
"11931","DRG1",0.999285982567788,0.999948487441978,8.00994593585027e-07,1,2361.27236619142,-0.000281641510251246
"4677","POM121C",0.999335890040267,0.999948487441978,6.9293408773114e-07,1,2361.27236619142,-0.000238953082387098
"12092","TYMP",0.999453122635,0.999948487441978,4.69885240898077e-07,1,2361.27236619142,-5.25331814552063e-05
"4019","ZBTB9",0.999577590825585,0.999948487441978,2.80335800978843e-07,1,2361.27236619142,0.000834345881227245
"6578","DNAJC24",0.999600526261004,0.999948487441978,2.50719633518461e-07,1,2361.27236619142,-0.000163589576825089
"1247","ZNF124",0.999622706258859,0.999948487441978,2.23651117764672e-07,1,2361.27236619142,8.36878132960589e-05
"4320","RPS12",0.999651286185182,0.999948487441978,1.9105137714695e-07,1,2361.27236619142,-3.40229780765034e-05
"2907","SEL1L3",0.999706523532143,0.999948487441978,1.3531888964301e-07,1,2361.27236619142,-0.000120424163916204
"11254","KMT5C",0.999743000277431,0.999948487441978,1.03771277450528e-07,1,2361.27236619142,0.00018309807002025
"9419","CDK10",0.999772646713315,0.999948487441978,8.12109001906769e-08,1,2361.27236619142,0.000138777354790107
"3608","PURA",0.999789018741326,0.999948487441978,6.99358096282544e-08,1,2361.27236619142,5.99185352510953e-05
"3029","ENOPH1",0.999984895480071,1,3.58447612546306e-10,1,2361.27236619142,2.25920599837782e-06
"6484","HBD",1,1,-1.78829574068402e-10,1,2361.27236619142,2.49098444936648e-11
