"","name","pval","adj_pval","f_statistic","df1","df2","lfc"
"11441","SIGLEC5",1.46984573573694e-60,1.8874289092598e-56,285.448950841864,1,2372.46676115985,2.72146683171512
"6089","PTGDS",3.85655167236837e-26,2.47609900124411e-22,114.551713362662,1,2372.46676115985,4.44684440257015
"7196","DYNC2H1",1.77706396073087e-09,7.60642610658169e-06,36.4893758317019,1,2372.46676115985,2.28755036540547
"9462","MT1H",2.68661047759373e-06,0.00862469128569526,22.1355575613514,1,2372.46676115985,4.73647921377177
"2","KLHL17",0.000177467943165472,0.35918917635454,14.1004740153888,1,2372.46676115985,1.98158869969247
"9461","MT1G",0.000188714456860261,0.35918917635454,13.9842342397565,1,2372.46676115985,2.15260677761434
"12617","ITM2A",0.000198582418479381,0.35918917635454,13.887856452685,1,2372.46676115985,3.07946358987601
"3359","CCDC127",0.000246884560933488,0.35918917635454,13.4766345350038,1,2372.46676115985,-1.46991616989911
"8825","DMXL2",0.000263699961562724,0.35918917635454,13.3523299874434,1,2372.46676115985,-0.260529853459163
"5311","GINS4",0.000279720564095117,0.35918917635454,13.2411254641616,1,2372.46676115985,-10
"1550","C2orf42",0.00036855729699752,0.409954108230329,12.7218799743671,1,2372.46676115985,0.861750551796059
"7894","SH2B3",0.000383104843763254,0.409954108230329,12.6491036006041,1,2372.46676115985,-0.414086043967039
"8367","TOGARAM1",0.000446649253563995,0.426999161085534,12.3608674051315,1,2372.46676115985,0.537362681154854
"7615","NR4A1",0.000465539152339964,0.426999161085534,12.2831418742342,1,2372.46676115985,-10
"6901","MTA2",0.000598928117064177,0.481966562288264,11.8110906100641,1,2372.46676115985,1.01268690666013
"2704","CPB1",0.000637557379315552,0.481966562288264,11.6941753797901,1,2372.46676115985,1.34827542341956
"7522","CAPRIN2",0.000651032006683877,0.481966562288264,11.6550708798575,1,2372.46676115985,0.802988069613871
"5020","CADPS2",0.000691616736466957,0.481966562288264,11.5420522448496,1,2372.46676115985,2.57863129057732
"1046","ODR4",0.00071313485581162,0.481966562288264,11.4848200826068,1,2372.46676115985,-0.701237619194974
"7972","BCL7A",0.000896120575495029,0.52486027977951,11.0587855656447,1,2372.46676115985,1.55916460850902
"8685","GOLGA8R",0.000907754113932918,0.52486027977951,11.0347596646478,1,2372.46676115985,-10
"3647","LMNB1",0.00092701077424764,0.52486027977951,10.9956667352347,1,2372.46676115985,-3.34650525580143
"12325","ARFGAP3",0.000948473763535685,0.52486027977951,10.9530515021961,1,2372.46676115985,-0.572382808713979
"11771","SPAG4",0.000981147323561113,0.52486027977951,10.8900155143765,1,2372.46676115985,-10
"12798","DKC1",0.00102184463783878,0.52486027977951,10.8144062723183,1,2372.46676115985,-1.02168853142708
"251","GMEB1",0.0010800187465651,0.533404643255479,10.7114597265979,1,2372.46676115985,-0.999419734778931
"9975","PSMD11",0.0011636672447979,0.553431521868514,10.5728718423273,1,2372.46676115985,-0.536042565111355
"5487","CSMD3",0.00120985165101565,0.554846608953284,10.5006153420052,1,2372.46676115985,2.39187978779788
"2109","HES6",0.00134654511564149,0.579306602929429,10.3020750276839,1,2372.46676115985,-10
"11220","SERTAD1",0.00135341469417357,0.579306602929429,10.2926436910136,1,2372.46676115985,-0.931470396684217
"2919","MFSD10",0.00150469694878433,0.623284307075472,10.0963999526275,1,2372.46676115985,-0.93850996197587
"8743","SPINT1",0.0017343917239933,0.658714776945022,9.83373033721561,1,2372.46676115985,0.797860781385486
"6103","TUBB4B",0.00185897999820107,0.658714776945022,9.70565650448453,1,2372.46676115985,-0.595153012667861
"6312","PSAP",0.00191636160071759,0.658714776945022,9.6495708740807,1,2372.46676115985,0.150567481819201
"6741","SPTY2D1",0.00193180719590905,0.658714776945022,9.63476499759955,1,2372.46676115985,0.52361681414435
"8847","TEX9",0.0019551498446962,0.658714776945022,9.61261550760896,1,2372.46676115985,1.34407466450615
"1982","PARD3B",0.0020608058307899,0.658714776945022,9.51560508618758,1,2372.46676115985,0.849247117132411
"7058","GAL",0.00208190174353446,0.658714776945022,9.49684089333489,1,2372.46676115985,1.43047893955082
"1714","NPHP1",0.00208412123292864,0.658714776945022,9.49487795190806,1,2372.46676115985,-10
"5895","FKBP15",0.00214436802840533,0.658714776945022,9.44239013869563,1,2372.46676115985,-0.320616542086758
"11442","SIGLEC14",0.00216087549297317,0.658714776945022,9.42826971096354,1,2372.46676115985,0.939483081058843
"5786","TUT7",0.00218246345214111,0.658714776945022,9.4099677705335,1,2372.46676115985,-0.389492760725873
"6268","ANK3",0.00228465211081714,0.658714776945022,9.32575570372875,1,2372.46676115985,2.64582490457616
"4785","BAZ1B",0.00231648620841275,0.658714776945022,9.30030144868985,1,2372.46676115985,-0.403193524974689
"6334","FUT11",0.00251369504758553,0.658714776945022,9.15012198823823,1,2372.46676115985,-0.673639617226729
"6446","ERLIN1",0.00252146533134576,0.658714776945022,9.14445251155199,1,2372.46676115985,0.78849102652245
"408","ZSWIM5",0.00258476551885933,0.658714776945022,9.09891698037381,1,2372.46676115985,1.57366323500284
"4236","SLC29A1",0.00260443923934677,0.658714776945022,9.08499502883863,1,2372.46676115985,0.668637817272021
"1858","CYBRD1",0.00261055597184543,0.658714776945022,9.08068833618136,1,2372.46676115985,0.547789026423135
"11134","HCST",0.00263824572500215,0.658714776945022,9.06131981414892,1,2372.46676115985,0.255318946318325
"1768","MZT2B",0.00264479119373582,0.658714776945022,9.05677154914705,1,2372.46676115985,0.30877842024503
"7911","RASAL1",0.00266748449506589,0.658714776945022,9.04109068804375,1,2372.46676115985,-0.812875997212911
"7966","MORN3",0.00278134828692989,0.664739336063912,8.9644040059332,1,2372.46676115985,2.12490980382391
"7592","GPD1",0.00279541501031471,0.664739336063912,8.95515230007703,1,2372.46676115985,2.11768283135092
"7977","ZCCHC8",0.00289078979264354,0.666766001037633,8.89364518360082,1,2372.46676115985,-0.598864253257266
"3052","HOPX",0.00296063435549378,0.666766001037633,8.84989693857425,1,2372.46676115985,2.62207150253348
"686","SIKE1",0.00299356646731357,0.666766001037633,8.82963205396416,1,2372.46676115985,-0.66771198502603
"3145","HERC3",0.00301163679309888,0.666766001037633,8.81860850037737,1,2372.46676115985,0.386457041666975
"7672","MYL6B",0.00316801152423893,0.689498914961899,8.72593150666544,1,2372.46676115985,0.515936898102681
"106","CLCN6",0.00330450696118316,0.692552003390074,8.64876212108689,1,2372.46676115985,-0.850933209073987
"3271","NR3C2",0.00331966382344503,0.692552003390074,8.64039375005937,1,2372.46676115985,0.733941743379743
"9381","SEPHS2",0.00343500813424465,0.692552003390074,8.57795537311018,1,2372.46676115985,-0.457785056756147
"11054","ZNF486",0.00344383772895341,0.692552003390074,8.5732639471466,1,2372.46676115985,-10
"9185","ZSCAN32",0.003616538352855,0.692552003390074,8.48388468454505,1,2372.46676115985,-1.19003634373481
"10610","CYB5A",0.0036249527077702,0.692552003390074,8.47964160240446,1,2372.46676115985,-0.403351988754124
"506","WDR78",0.00365266980346373,0.692552003390074,8.46573533674022,1,2372.46676115985,-1.27563749177336
"1948","MAIP1",0.00375021019070965,0.692552003390074,8.41763721728016,1,2372.46676115985,-0.975734496982802
"7040","CORO1B",0.0037958878183576,0.692552003390074,8.39554921273756,1,2372.46676115985,-0.391479132735599
"332","C1orf122",0.00379949815068597,0.692552003390074,8.39381494319255,1,2372.46676115985,-0.425385312496056
"8747","OIP5",0.00380104580806143,0.692552003390074,8.39307201970411,1,2372.46676115985,-10
"2860","TM4SF19",0.00385457318707601,0.692552003390074,8.36756495645027,1,2372.46676115985,0.862833923898964
"4987","BCAP29",0.00388316675057124,0.692552003390074,8.3540868111291,1,2372.46676115985,0.424199278426626
"10568","CXXC1",0.00402441678483887,0.707911451152273,8.28895471972077,1,2372.46676115985,-1.08901224367195
"11662","SLC23A2",0.00419446074511235,0.716821709501063,8.21356573867082,1,2372.46676115985,-0.304896061640501
"6649","OSBPL5",0.00432237179848535,0.716821709501063,8.15888024828983,1,2372.46676115985,-0.828928542791939
"2473","KBTBD8",0.00432769618547956,0.716821709501063,8.15663981187311,1,2372.46676115985,1.39748633871242
"9350","MAZ",0.00437995104568617,0.716821709501063,8.1347994646332,1,2372.46676115985,0.50206900108907
"8042","GJB2",0.00444056456109578,0.716821709501063,8.10979570108814,1,2372.46676115985,-10
"7026","C11orf80",0.00445236560526107,0.716821709501063,8.10496809868143,1,2372.46676115985,0.934450140892469
"147","IFFO2",0.00446583106923799,0.716821709501063,8.09947551181318,1,2372.46676115985,-2.23059368759623
"7073","AP002495.1",0.00455163914160112,0.721575286633334,8.06486581284606,1,2372.46676115985,-0.915390952388903
"76","SLC2A5",0.00464351393701801,0.727162956893271,8.02853866635471,1,2372.46676115985,0.396010506869878
"1156","PTPN14",0.00479446695897929,0.733044205002969,7.97041382954776,1,2372.46676115985,2.09221667565608
"12246","Z83844.2",0.00479524283313211,0.733044205002969,7.97011992081944,1,2372.46676115985,0.925252246166637
"7233","TIMM8B",0.0048704482493638,0.735781482000948,7.94185907911937,1,2372.46676115985,0.297287692250437
"1791","ARHGAP15",0.00503854689790937,0.752325357163421,7.88026688037983,1,2372.46676115985,-0.24012158076786
"401","RPS8",0.00515942680406543,0.757774008220264,7.83725756734576,1,2372.46676115985,0.208179117323464
"5008","CAV2",0.0052736852166059,0.757774008220264,7.7975387856646,1,2372.46676115985,1.99305820038591
"12728","GPC4",0.00536681807604599,0.757774008220264,7.76580776850516,1,2372.46676115985,0.989077908850274
"7976","CLIP1",0.00541541198880209,0.757774008220264,7.749473794155,1,2372.46676115985,0.275064635610363
"4743","HUS1",0.00542692830120189,0.757774008220264,7.74562471244427,1,2372.46676115985,-0.819758201819239
"351","CAP1",0.00542911056430685,0.757774008220264,7.74489627688143,1,2372.46676115985,0.231662614915277
"7830","NT5DC3",0.00553141482860103,0.763751589398557,7.71107842535936,1,2372.46676115985,-10
"6779","APIP",0.00569545173970564,0.767275817556324,7.65816427505103,1,2372.46676115985,0.460205716172095
"344","MACF1",0.00579956331025191,0.767275817556324,7.6253814135026,1,2372.46676115985,-0.186527521626621
"8203","STK24",0.00582077943679943,0.767275817556324,7.61877455627204,1,2372.46676115985,0.293874424123073
"5664","TEK",0.00591027950787986,0.767275817556324,7.59117156614211,1,2372.46676115985,3.28041539623588
"12761","HMGB3",0.00594728899562322,0.767275817556324,7.57988186115715,1,2372.46676115985,-0.884817248904027
"2025","SLC11A1",0.00605746191709985,0.767275817556324,7.54669354299466,1,2372.46676115985,-0.335371315519684
"7851","TMEM263",0.00614242514454834,0.767275817556324,7.52151762525858,1,2372.46676115985,0.583850808920779
"5047","STRIP2",0.00621287527788302,0.767275817556324,7.50091040710975,1,2372.46676115985,2.17984113354398
"9775","SLC16A13",0.00631274978352828,0.767275817556324,7.47210170551668,1,2372.46676115985,-2.83935658912543
"47","TPRG1L",0.00633906013854748,0.767275817556324,7.46458997040492,1,2372.46676115985,0.676898756508404
"6986","RELA",0.00634978158519646,0.767275817556324,7.46153807402923,1,2372.46676115985,0.510494190066192
"5014","ANKRD7",0.00635887984067394,0.767275817556324,7.45895235059974,1,2372.46676115985,2.96380974048608
"1428","HEATR5B",0.00637230313544019,0.767275817556324,7.45514434441368,1,2372.46676115985,0.403461275541913
"6026","PLPP7",0.00639346721271915,0.767275817556324,7.44915699738004,1,2372.46676115985,1.27938046713911
"7107","POLD3",0.00648866141414731,0.771298956160693,7.42247443303834,1,2372.46676115985,0.49673366180566
"10869","CCDC151",0.00654712142524068,0.771298956160693,7.40628581980536,1,2372.46676115985,-10
"1510","USP34",0.00686183672476488,0.777920712182304,7.3215978140685,1,2372.46676115985,-0.224017458217253
"4503","PCMT1",0.00691035730335354,0.777920712182304,7.30889542563571,1,2372.46676115985,0.32907992869446
"1878","HNRNPA3",0.00694964298005745,0.777920712182304,7.29867729205785,1,2372.46676115985,0.271524934459053
"11200","MED29",0.00702241259584719,0.777920712182304,7.27990508685407,1,2372.46676115985,-0.556234883772836
"4637","SNX13",0.00714740139062248,0.777920712182304,7.24812146005308,1,2372.46676115985,-0.300541500297238
"4138","ITPR3",0.00725713181208608,0.777920712182304,7.22068292692792,1,2372.46676115985,2.51181086028911
"9647","BANP",0.00730006880447664,0.777920712182304,7.21006167090483,1,2372.46676115985,0.438270619394107
"5640","CCDC171",0.00733140669976206,0.777920712182304,7.20234991854544,1,2372.46676115985,0.741637025170673
"7607","DAZAP2",0.00739045175731167,0.777920712182304,7.18791104864921,1,2372.46676115985,0.295766618397697
"10057","JUP",0.00743778493361228,0.777920712182304,7.17642114762573,1,2372.46676115985,0.554586063320696
"8210","PCCA",0.00751446058256065,0.777920712182304,7.1579662808303,1,2372.46676115985,0.272420849311553
"12238","C1QTNF6",0.00754851594820868,0.777920712182304,7.149831272632,1,2372.46676115985,-10
"2952","TRMT44",0.00771075357273828,0.777920712182304,7.11158511951579,1,2372.46676115985,-1.48243853722835
"6954","MAP4K2",0.00778969840590622,0.777920712182304,7.09327131160893,1,2372.46676115985,0.783004180115187
"10190","SPATA20",0.00787117260556943,0.777920712182304,7.07456881202894,1,2372.46676115985,-0.772304801224502
"7956","SPPL3",0.00787881926029292,0.777920712182304,7.0728236927929,1,2372.46676115985,0.245120820952908
"1091","ATP2B4",0.00790577428651915,0.777920712182304,7.06668581209132,1,2372.46676115985,-0.626345235949614
"3820","ZBED8",0.00793564975862574,0.777920712182304,7.05990789539798,1,2372.46676115985,-10
"5788","CTSL",0.00800801544393209,0.777920712182304,7.04359777238968,1,2372.46676115985,0.232185711194624
"9544","SLC7A6",0.0080646307615613,0.777920712182304,7.03094237427921,1,2372.46676115985,-0.871943827445708
"11625","RSPO4",0.00818591892532156,0.777920712182304,7.00413382668987,1,2372.46676115985,1.58648518342645
"1050","RGS18",0.0081920305392118,0.777920712182304,7.00279374677339,1,2372.46676115985,-0.789615280130071
"2069","TRIP12",0.00827522394290529,0.777920712182304,6.98465322674975,1,2372.46676115985,-0.226324578203266
"10186","ACSF2",0.00833522282035596,0.777920712182304,6.97168583983619,1,2372.46676115985,0.50618698825288
"6976","SLC25A45",0.00834943785311071,0.777920712182304,6.96862758906243,1,2372.46676115985,1.00194042752043
"1226","FAM89A",0.0083941449125657,0.777920712182304,6.95904385669597,1,2372.46676115985,0.772780973878905
"1971","BMPR2",0.00841495140465118,0.777920712182304,6.95460143249121,1,2372.46676115985,-0.246978887095663
"9260","NOMO3",0.00844541732481804,0.777920712182304,6.94811686062089,1,2372.46676115985,-1.61053542115408
"12003","SLC5A3",0.00846839904528966,0.777920712182304,6.94324110646875,1,2372.46676115985,-0.506312202469183
"8760","VPS39",0.00870497883086324,0.777920712182304,6.89382238299751,1,2372.46676115985,0.35290992907796
"5060","SLC35B4",0.00877663410332738,0.777920712182304,6.87912557219795,1,2372.46676115985,-0.533475080412259
"3353","C4orf47",0.00877925277419969,0.777920712182304,6.87859080193552,1,2372.46676115985,-10
"6244","TIMM23",0.00891334147461514,0.777920712182304,6.8514241502307,1,2372.46676115985,0.623118036807772
"4798","RFC2",0.00891878779508633,0.777920712182304,6.8503295807588,1,2372.46676115985,0.681446865180866
"1695","IL1R2",0.00894636295263824,0.777920712182304,6.84479817790164,1,2372.46676115985,-0.747676814378234
"8237","LAMP1",0.00898890253204471,0.777920712182304,6.83629917345822,1,2372.46676115985,0.198692577487254
"6979","LTBP3",0.00906866239116121,0.777920712182304,6.82047440747132,1,2372.46676115985,0.951334718246318
"6767","DEPDC7",0.00909777337787673,0.777920712182304,6.81473413709627,1,2372.46676115985,1.41522745530955
"6095","DPP7",0.00909826829357433,0.777920712182304,6.81463670958822,1,2372.46676115985,-0.282477566112946
"11900","STX16",0.00914038852130358,0.777920712182304,6.80636489452692,1,2372.46676115985,-0.317929392240599
"800","S100A4",0.00930570730838738,0.777920712182304,6.77427191056956,1,2372.46676115985,0.346941069152257
"11540","ZNF581",0.00932946788389418,0.777920712182304,6.76970740504243,1,2372.46676115985,0.671132951810736
"9361","INO80E",0.0093348322810238,0.777920712182304,6.76867853076854,1,2372.46676115985,0.735389364649984
"8559","SLIRP",0.00942881817925982,0.777920712182304,6.75075000613962,1,2372.46676115985,0.311085098089076
"7240","NCAM1",0.00946417017688309,0.777920712182304,6.74405371247485,1,2372.46676115985,2.59993737473754
"5409","RBIS",0.00946623629847149,0.777920712182304,6.74366314594038,1,2372.46676115985,0.381877875128467
"6450","PKD2L1",0.00948822901672107,0.777920712182304,6.73951118934105,1,2372.46676115985,0.807552714538361
"1905","FAM171B",0.00951121811483698,0.777920712182304,6.73518166149273,1,2372.46676115985,1.47960315543072
"10194","LUC7L3",0.00959499704527566,0.779806057331549,6.71949389625669,1,2372.46676115985,-0.250418637326647
"8740","GCHFR",0.00968865216215437,0.781388713353829,6.7021221903164,1,2372.46676115985,-0.469519041805226
"3195","SEC24B",0.0098191104954806,0.781388713353829,6.67820884061434,1,2372.46676115985,0.314748108253082
"2536","CIP2A",0.00982986778562107,0.781388713353829,6.67625156243075,1,2372.46676115985,-1.31890621173615
"4982","PIK3CG",0.00985787489785221,0.781388713353829,6.67116598260733,1,2372.46676115985,0.502492643260479
"10457","ENOSF1",0.00999273215449793,0.787218856416613,6.64688402265435,1,2372.46676115985,-0.35359157836653
"6513","PDCD4",0.0100715077375836,0.78858677352629,6.63285497381156,1,2372.46676115985,0.336067960721134
"11618","NRSN2",0.0101648040230679,0.791068172486151,6.61638482079467,1,2372.46676115985,-10
"5404","ZFAND1",0.0105072920556477,0.812796007750437,6.55722544317917,1,2372.46676115985,0.632153350344602
"1051","RGS1",0.0106411848697477,0.813570829083658,6.53463384321132,1,2372.46676115985,-0.938172969404615
"8402","PSMC6",0.0106536647110918,0.813570829083658,6.53254301417702,1,2372.46676115985,0.339360958799718
"8515","BBOF1",0.0107073802753008,0.813570829083658,6.52357229974649,1,2372.46676115985,1.15168310734128
"693","IGSF3",0.0108675944639907,0.820886944188853,6.49708772894018,1,2372.46676115985,1.73223861794462
"7728","GNS",0.0110431238786213,0.826064173629217,6.46852770039441,1,2372.46676115985,0.182786753915186
"9128","CRAMP1",0.0111732375116327,0.826064173629217,6.44765638389887,1,2372.46676115985,-0.811750424125464
"12171","KREMEN1",0.0111883886498013,0.826064173629217,6.44524225332074,1,2372.46676115985,-10
"2721","P2RY13",0.0112468935675635,0.826064173629217,6.43595168606726,1,2372.46676115985,1.9831026476962
"337","UTP11",0.0112577860279661,0.826064173629217,6.43422744724035,1,2372.46676115985,-0.704227360258576
"1162","TGFB2",0.0113669548111651,0.829335606421427,6.41704044265742,1,2372.46676115985,-10
"3836","KCNMB1",0.0114501192004522,0.83068350651416,6.40406082932731,1,2372.46676115985,-2.09180477420569
"7229","DIXDC1",0.0116649889683734,0.841517546870128,6.37096895461936,1,2372.46676115985,0.737786088278317
"3842","SH3PXD2B",0.0118240874900414,0.846152327328605,6.34686738137669,1,2372.46676115985,-0.55908802611951
"2564","POGLUT1",0.0118610247581301,0.846152327328605,6.34131948011987,1,2372.46676115985,-0.778956702449315
"7970","HPD",0.0122028454842916,0.861176427318532,6.29080548257902,1,2372.46676115985,2.03521876796757
"1689","RPL31",0.0122057557645022,0.861176427318532,6.29038167511517,1,2372.46676115985,0.277261837287971
"3075","CXCL5",0.012427641233269,0.86935677129901,6.25837193938836,1,2372.46676115985,0.772165255894863
"10765","PSPN",0.0124845803181601,0.86935677129901,6.25025248414318,1,2372.46676115985,-10
"11554","ZNF71",0.0125581658012266,0.86935677129901,6.23981548584035,1,2372.46676115985,-1.72354126244917
"8869","TLN2",0.012592505214673,0.86935677129901,6.23496645488744,1,2372.46676115985,0.618333233145593
"9770","XAF1",0.0127468835024782,0.875308722220974,6.21333353597314,1,2372.46676115985,-0.217798947062901
"7281","HYOU1",0.0129393511238445,0.883798977560037,6.18673748182534,1,2372.46676115985,0.75527270972247
"6559","IKZF5",0.0130941253349983,0.884240119687239,6.16564360227519,1,2372.46676115985,-0.866409511276522
"6343","KAT6B",0.0131097320935779,0.884240119687239,6.16353083886628,1,2372.46676115985,0.342911276568085
"9497","PDP2",0.0131523917810344,0.884240119687239,6.15776896451679,1,2372.46676115985,-1.71668328051804
"6392","FGFBP3",0.0133371642928658,0.89199232648276,6.13303250680845,1,2372.46676115985,-10
"11737","DNMT3B",0.0135742934178469,0.899710352310993,6.10179849224235,1,2372.46676115985,2.01899380976404
"8661","CLBA1",0.0136539641833925,0.899710352310993,6.09143035861069,1,2372.46676115985,-10
"7183","MAML2",0.0137776741720058,0.899710352310993,6.07545386253818,1,2372.46676115985,-0.20575835620377
"5993","WDR34",0.0138526190603153,0.899710352310993,6.06584679220121,1,2372.46676115985,1.31182428298383
"8413","WDHD1",0.0139562053150732,0.899710352310993,6.05265595199879,1,2372.46676115985,0.763689739333906
"10961","HSH2D",0.0140635779876209,0.899710352310993,6.0390889152099,1,2372.46676115985,0.668016690124418
"12112","ZNF74",0.0141003375538663,0.899710352310993,6.03446866684467,1,2372.46676115985,-2.65683343852071
"7605","TFCP2",0.0141289835427866,0.899710352310993,6.03087679083672,1,2372.46676115985,-0.337746703192334
"4296","IRAK1BP1",0.0142084790953597,0.899710352310993,6.02094811213286,1,2372.46676115985,0.908047538976469
"10689","TIMM13",0.0142363498856882,0.899710352310993,6.01748069917491,1,2372.46676115985,-0.463265164105637
"12313","NAGA",0.0143921576932763,0.899710352310993,5.99822448313002,1,2372.46676115985,-0.479963763727034
"2888","ATP5ME",0.0145480893388357,0.899710352310993,5.97916674372638,1,2372.46676115985,0.256329310569771
"2407","RPL29",0.0147718887229327,0.899710352310993,5.95217888750043,1,2372.46676115985,0.170058443656242
"358","ZFP69",0.0148695333572417,0.899710352310993,5.94053569999591,1,2372.46676115985,1.55047446536807
"5784","C9orf153",0.0148895497989576,0.899710352310993,5.93815866262161,1,2372.46676115985,1.69687512830764
"11991","IL10RB",0.0148982948089013,0.899710352310993,5.93712118894289,1,2372.46676115985,-0.26983013597938
"9867","PLD6",0.0149514338417966,0.899710352310993,5.93083044314725,1,2372.46676115985,-10
"12799","MPP1",0.0150124222537808,0.899710352310993,5.92363880026658,1,2372.46676115985,-0.255350753417608
"5341","MRPL15",0.0150309757855645,0.899710352310993,5.92145697328153,1,2372.46676115985,0.52010852266593
"8372","RPS29",0.0150395092436611,0.899710352310993,5.92045440170172,1,2372.46676115985,0.173624328596613
"2080","B3GNT7",0.015084144468649,0.899710352310993,5.91521987158522,1,2372.46676115985,0.87334265023322
"1886","PRKRA",0.0151229515557021,0.899710352310993,5.91068178438347,1,2372.46676115985,0.520679560899097
"773","MLLT11",0.0151744784611222,0.899710352310993,5.90467475882328,1,2372.46676115985,-10
"94","CASZ1",0.0152477400432218,0.899710352310993,5.89616999489226,1,2372.46676115985,-10
"6054","SARDH",0.0155172281545553,0.899710352310993,5.86524420516859,1,2372.46676115985,-10
"4226","YIPF3",0.0156260161559479,0.899710352310993,5.85291654232455,1,2372.46676115985,-0.46736620199833
"11606","ZNF324B",0.0156658062891327,0.899710352310993,5.84842968463686,1,2372.46676115985,1.49879471295538
"6525","ABLIM1",0.0157097648668434,0.899710352310993,5.84348642226516,1,2372.46676115985,1.40278215643398
"3942","RREB1",0.0157387500560331,0.899710352310993,5.84023475525852,1,2372.46676115985,-0.206504958373419
"1874","ATF2",0.0157735580509198,0.899710352310993,5.83633801502392,1,2372.46676115985,0.33361517515036
"11783","MYL9",0.0158326696339491,0.899710352310993,5.82974077081702,1,2372.46676115985,1.65592611404662
"11842","PLTP",0.0158943652064955,0.899710352310993,5.82288217266586,1,2372.46676115985,0.572717607249449
"2004","IKZF2",0.0159046194865319,0.899710352310993,5.82174488221771,1,2372.46676115985,0.767600927345141
"1881","TTC30B",0.0159093378016916,0.899710352310993,5.82122183330533,1,2372.46676115985,-10
"3974","DTNBP1",0.015935610213689,0.899710352310993,5.81831232706938,1,2372.46676115985,-0.407619193324626
"7575","PRKAG1",0.0159749209817698,0.899710352310993,5.81396813042416,1,2372.46676115985,0.415873759791814
"3385","CTNND2",0.0161136944593596,0.900053286530679,5.7987200880518,1,2372.46676115985,2.3602152794223
"12268","DNAL4",0.0161211942918819,0.900053286530679,5.7978998895937,1,2372.46676115985,1.16106840641847
"12251","GCAT",0.0163571240802362,0.909271992702652,5.77229708607363,1,2372.46676115985,-10
"5174","FBXO25",0.016549672685185,0.913527767069221,5.75168273882268,1,2372.46676115985,-0.759378894206501
"845","GBA",0.0166657672975343,0.913527767069221,5.73937284778513,1,2372.46676115985,0.386585627629308
"1075","TIMM17A",0.0167475009857244,0.913527767069221,5.73075932538916,1,2372.46676115985,-0.520151730849791
"326","SNIP1",0.016762200961783,0.913527767069221,5.72921476929036,1,2372.46676115985,0.624631443053618
"1","NOC2L",0.0168268974157924,0.913527767069221,5.72243355801707,1,2372.46676115985,-0.854740002729764
"11635","SNRPB",0.0170001639235821,0.913527767069221,5.70440420235732,1,2372.46676115985,0.321497857235986
"5669","TOPORS",0.0170185716254742,0.913527767069221,5.70249993408341,1,2372.46676115985,-0.517555037243175
"12841","AC007325.4",0.0170513661910825,0.913527767069221,5.69911261394956,1,2372.46676115985,-1.97846267540485
"1742","STEAP3",0.0171002227877699,0.913527767069221,5.69407871466931,1,2372.46676115985,1.04993635232728
"9098","CAPN15",0.0173364302119984,0.913527767069221,5.66994887154495,1,2372.46676115985,0.666721474103921
"354","ZMPSTE24",0.0174416971252831,0.913527767069221,5.65930444535848,1,2372.46676115985,0.443239366777359
"12788","GDI1",0.0175242122931352,0.913527767069221,5.65100692141864,1,2372.46676115985,0.48529370276167
"7627","ESPL1",0.0175276053533734,0.913527767069221,5.65066658781294,1,2372.46676115985,-10
"9039","ABHD2",0.0175760837874453,0.913527767069221,5.64581148017084,1,2372.46676115985,-0.273130758788643
"4571","SUN1",0.0178762971115598,0.913527767069221,5.61604982885395,1,2372.46676115985,0.646176779920384
"10617","ZNF236",0.0179491855115651,0.913527767069221,5.6089019287131,1,2372.46676115985,-0.482039680449803
"2343","SLC26A6",0.017953421967677,0.913527767069221,5.60848739746768,1,2372.46676115985,-0.971100893558768
"12020","PSMG1",0.0180251571686135,0.913527767069221,5.60148351224408,1,2372.46676115985,-1.00269836783102
"2387","NPRL2",0.018237801967321,0.913527767069221,5.580889868896,1,2372.46676115985,0.928607870127451
"3238","SLC7A11",0.018375297451979,0.913527767069221,5.56770574489594,1,2372.46676115985,-0.525226181668927
"93","PEX14",0.0183757854606589,0.913527767069221,5.56765913266086,1,2372.46676115985,-0.398017620010345
"1764","SAP130",0.0183972612810875,0.913527767069221,5.56560913186936,1,2372.46676115985,0.437948418022376
"1909","WDR75",0.0184406002185956,0.913527767069221,5.56147968157179,1,2372.46676115985,-0.762238263315401
"5326","POMK",0.0185584576684327,0.913527767069221,5.55030043790675,1,2372.46676115985,-1.15596105555104
"12660","TCEAL4",0.0186301695423513,0.913527767069221,5.54353413689869,1,2372.46676115985,-0.412918392820056
"3837","RANBP17",0.0186950638257675,0.913527767069221,5.53743426803988,1,2372.46676115985,0.66784197557686
"2149","THUMPD3",0.0187065307812405,0.913527767069221,5.53635868440975,1,2372.46676115985,-0.610259761418495
"2505","MTRNR2L12",0.0188162233847194,0.913527767069221,5.52610399282786,1,2372.46676115985,-0.2182461602784
"1246","GGPS1",0.0188601026952406,0.913527767069221,5.52201919980362,1,2372.46676115985,-0.528651888955416
"10427","MAFG",0.0190235559818821,0.913527767069221,5.50688908372716,1,2372.46676115985,-0.502305013647001
"8061","CDK8",0.0192521359108783,0.913527767069221,5.48595442873673,1,2372.46676115985,0.310473802685151
"8274","DAD1",0.0193600747084196,0.913527767069221,5.47615796440959,1,2372.46676115985,-0.273424065176358
"5718","RNF38",0.0193629432242988,0.913527767069221,5.47589839074792,1,2372.46676115985,-0.252758396857772
"7372","PARP11",0.0193730494288432,0.913527767069221,5.4749841912692,1,2372.46676115985,0.338063116014558
"3751","NDFIP1",0.0194032491746898,0.913527767069221,5.47225528212484,1,2372.46676115985,0.225309137781026
"9487","GOT2",0.0194478558729694,0.913527767069221,5.46823255870977,1,2372.46676115985,0.551561715085108
"10365","MXRA7",0.0194740121329396,0.913527767069221,5.46587817027732,1,2372.46676115985,-0.905234175483503
"1597","SEMA4F",0.0194978889178789,0.913527767069221,5.4637318171351,1,2372.46676115985,1.55320835861537
"366","SCMH1",0.0195318063919174,0.913527767069221,5.46068754730539,1,2372.46676115985,0.490235336887257
"6633","IFITM10",0.0195573287055765,0.913527767069221,5.45840039047888,1,2372.46676115985,0.499923067919879
"8970","SNX33",0.0196811361260785,0.913527767069221,5.44734915334417,1,2372.46676115985,-0.981744778335136
"6553","PLEKHA1",0.0197612016306647,0.913527767069221,5.4402406156255,1,2372.46676115985,-0.464974510443069
"5431","TMEM67",0.0197856216187706,0.913527767069221,5.43807844020459,1,2372.46676115985,1.06507596098396
"2188","CHCHD4",0.0198632343665698,0.913527767069221,5.43122480222738,1,2372.46676115985,0.919236327466054
"6022","EXOSC2",0.0198731082608312,0.913527767069221,5.43035486981922,1,2372.46676115985,1.06968032562004
"6690","STK33",0.0199713923969148,0.913527767069221,5.42171992019413,1,2372.46676115985,2.06160713968306
"11473","ZNF816",0.0201088612398079,0.913527767069221,5.40971580563816,1,2372.46676115985,-1.93557539639517
"4790","BUD23",0.0201091928062536,0.913527767069221,5.40968695522897,1,2372.46676115985,-0.575229782353012
"675","PTPN22",0.0202997769765177,0.913527767069221,5.39318471638629,1,2372.46676115985,-0.325943151817281
"12166","CHEK2",0.0203100814490944,0.913527767069221,5.39229705119823,1,2372.46676115985,-0.795153742303228
"11491","CNOT3",0.0205624580525139,0.913527767069221,5.37070073886187,1,2372.46676115985,0.627763187461937
"4550","QKI",0.0205949107881773,0.913527767069221,5.36794363131798,1,2372.46676115985,-0.157309533870828
"9399","FBXL19",0.0206007749953844,0.913527767069221,5.3674459020446,1,2372.46676115985,-0.777225587678826
"6317","MICU1",0.0207328166701492,0.913527767069221,5.35627743283647,1,2372.46676115985,-0.232126085547945
"6998","C11orf68",0.020806830245609,0.913527767069221,5.35004931698979,1,2372.46676115985,-0.748959696667015
"6742","TMEM86A",0.020821602341415,0.913527767069221,5.34880901698839,1,2372.46676115985,0.612557477469965
"5651","MLLT3",0.0208272410753272,0.913527767069221,5.34833581587581,1,2372.46676115985,0.476386189142215
"2377","RBM5",0.0208698158650351,0.913527767069221,5.34476722720324,1,2372.46676115985,-0.313266610523845
"4416","TBC1D32",0.0209423075801643,0.913527767069221,5.33870833508275,1,2372.46676115985,0.546695219044314
"7363","DCP1B",0.0209889161016819,0.913527767069221,5.33482423377906,1,2372.46676115985,0.461828005398149
"5301","LETM2",0.0210632485527473,0.913527767069221,5.32864821675347,1,2372.46676115985,-10
"5779","RMI1",0.0211268980710503,0.913527767069221,5.32337772089252,1,2372.46676115985,-0.668205422515359
"428","FAAH",0.0211343382535199,0.913527767069221,5.32276271076941,1,2372.46676115985,1.40559096787833
"12383","CSF2RA",0.021160315887708,0.913527767069221,5.32061714046086,1,2372.46676115985,-0.327555292933462
"7270","IFT46",0.0211702104982762,0.913527767069221,5.31980063249549,1,2372.46676115985,0.867100724401486
"11597","ZNF8",0.021429889321612,0.913527767069221,5.29851199053163,1,2372.46676115985,0.790321393100727
"8248","UPF3A",0.021454894309617,0.913527767069221,5.29647618763439,1,2372.46676115985,-0.413864516464129
"816","NUP210L",0.0215952707290083,0.913527767069221,5.28509276528125,1,2372.46676115985,-10
"3944","CAGE1",0.0216868034878635,0.913527767069221,5.27771140103019,1,2372.46676115985,2.2616511812478
"670","SLC16A1",0.0218025956122649,0.913527767069221,5.26841983579741,1,2372.46676115985,0.535202755844271
"9655","CTU2",0.0218407894872592,0.913527767069221,5.2653662381873,1,2372.46676115985,-2.45244753081877
"10543","KIAA1328",0.021885366169657,0.913527767069221,5.26180932675041,1,2372.46676115985,-0.445509666542815
"7028","PC",0.0219010284180802,0.913527767069221,5.26056136978174,1,2372.46676115985,-0.426139046347316
"9028","PDE8A",0.0219629188821715,0.913527767069221,5.25563901419083,1,2372.46676115985,-0.251267209536122
"3120","HPSE",0.0219890914705343,0.913527767069221,5.25356174463232,1,2372.46676115985,-0.78698646088329
"9570","MTSS2",0.0220322585352608,0.913527767069221,5.25014124791108,1,2372.46676115985,1.22824583566056
"4667","CBX3",0.0220472652046267,0.913527767069221,5.24895376778634,1,2372.46676115985,-0.276550106875146
"9578","IST1",0.0221115617375076,0.913527767069221,5.24387544023929,1,2372.46676115985,-0.267172102350416
"11927","BIRC7",0.0222355811385592,0.913527767069221,5.23412312258006,1,2372.46676115985,2.25275339292073
"3750","GNPDA1",0.0222802975993001,0.913527767069221,5.23062064983411,1,2372.46676115985,0.296454027254571
"6551","NSMCE4A",0.0222803867113938,0.913527767069221,5.23061367729622,1,2372.46676115985,-0.754254472132899
"4635","TSPAN13",0.0223034783603649,0.913527767069221,5.22880785480958,1,2372.46676115985,1.36810768293925
"8873","RAB8B",0.0223774390360884,0.913527767069221,5.22303697201844,1,2372.46676115985,-0.200158083910793
"6355","ZCCHC24",0.0224095667492255,0.913527767069221,5.22053632157896,1,2372.46676115985,-0.739765362021532
"5582","SCX",0.0226687322992098,0.919020242403549,5.20049916990537,1,2372.46676115985,2.32770258731414
"9049","SEMA4B",0.0226874399845748,0.919020242403549,5.19906200661947,1,2372.46676115985,0.556099143699999
"5265","PNOC",0.0228835991269349,0.924051246506197,5.18406623996975,1,2372.46676115985,2.25953417820338
"5164","RNF32",0.0231660976652432,0.92975471911389,5.16270274459287,1,2372.46676115985,-10
"6045","RPL7A",0.0232322398782799,0.92975471911389,5.15773989404642,1,2372.46676115985,0.161824491373642
"12304","PMM1",0.0232420578487313,0.92975471911389,5.15700447168443,1,2372.46676115985,-1.01197555067008
"9799","POLR2A",0.0234939284331579,0.934129867112267,5.13824732612339,1,2372.46676115985,0.293196665576791
"6107","NOXA1",0.0235356627290061,0.934129867112267,5.13515947887783,1,2372.46676115985,0.778218852102423
"1678","LIPT1",0.0235696656759111,0.934129867112267,5.13264785841725,1,2372.46676115985,-1.45561010193725
"11416","ATF5",0.0237126765590655,0.936320556469994,5.12212539774203,1,2372.46676115985,-0.332362490483307
"6426","EXOSC1",0.0237707734140034,0.936320556469994,5.11786954529754,1,2372.46676115985,-0.513802804900405
"6400","FFAR4",0.024131846297083,0.941414149548235,5.09165905665443,1,2372.46676115985,-10
"564","PKN2",0.0241334631792401,0.941414149548235,5.09154260407085,1,2372.46676115985,0.204714628879497
"7904","HECTD4",0.024331886081158,0.941414149548235,5.07731276171091,1,2372.46676115985,0.261594836657299
"3306","TMEM192",0.0246448731144106,0.941414149548235,5.05511013042933,1,2372.46676115985,0.443237637176888
"2696","U2SURP",0.024803239035752,0.941414149548235,5.04398731092876,1,2372.46676115985,-0.285651096209363
"316","THRAP3",0.0248834979448142,0.941414149548235,5.03837846568723,1,2372.46676115985,-0.223673416207471
"462","YIPF1",0.0249119655001713,0.941414149548235,5.03639354172959,1,2372.46676115985,0.511414587053114
"5958","RALGPS1",0.0250158492467278,0.941414149548235,5.02917009755488,1,2372.46676115985,0.731571162294735
"1243","TOMM20",0.0250936550112281,0.941414149548235,5.02378033999221,1,2372.46676115985,-0.246356431781591
"2120","GPR35",0.0251275846289615,0.941414149548235,5.02143540349805,1,2372.46676115985,0.682914794234041
"1116","DYRK3",0.0252161978308609,0.941414149548235,5.01532666946306,1,2372.46676115985,-2.56973312275424
"1310","CPSF3",0.0252938853530603,0.941414149548235,5.00998944201606,1,2372.46676115985,0.462712253841839
"11871","CEBPB",0.0253087888306064,0.941414149548235,5.00896750250421,1,2372.46676115985,-0.233053825293791
"7547","PUS7L",0.0255256385438443,0.941414149548235,4.99416834818407,1,2372.46676115985,-0.514655590468318
"10903","TNPO2",0.0257323916347757,0.941414149548235,4.98017943378849,1,2372.46676115985,0.444759582120579
"6057","BRD3",0.025911485517845,0.941414149548235,4.9681560546464,1,2372.46676115985,-0.619154453687449
"12213","RTCB",0.0262214872910934,0.941414149548235,4.94754702830988,1,2372.46676115985,-0.235351383705578
"5017","CPED1",0.0262889899308262,0.941414149548235,4.94309302411675,1,2372.46676115985,0.498044768574744
"11231","RAB4B",0.0263169125476632,0.941414149548235,4.94125409166229,1,2372.46676115985,-0.460463569052285
"6528","ATRNL1",0.0265739756058966,0.941414149548235,4.92441911068317,1,2372.46676115985,2.6857805527668
"11376","PPP1R15A",0.0266366748262434,0.941414149548235,4.92033865201921,1,2372.46676115985,-0.492802914196064
"1731","PSD4",0.0267012353410293,0.941414149548235,4.91614748762144,1,2372.46676115985,-0.616742860136801
"8325","RIPK3",0.0267793648913801,0.941414149548235,4.91108951882011,1,2372.46676115985,-0.875799130353366
"9994","PEX12",0.0268708757078613,0.941414149548235,4.90518475530503,1,2372.46676115985,1.55906900454709
"9650","ZC3H18",0.0270899187437573,0.941414149548235,4.8911354896714,1,2372.46676115985,-0.507437762819765
"6658","OR52K1",0.0270919178982696,0.941414149548235,4.89100781030926,1,2372.46676115985,1.48912363277624
"9169","FLYWCH2",0.0273981498326554,0.941414149548235,4.87156469165331,1,2372.46676115985,-0.657125546545814
"12499","SLC38A5",0.0274135695011494,0.941414149548235,4.87059166335479,1,2372.46676115985,-2.43792726387878
"7077","LRTOMT",0.0274200934441471,0.941414149548235,4.87018015405445,1,2372.46676115985,1.69797639291271
"12674","PSMD10",0.0274710500303661,0.941414149548235,4.86696947898728,1,2372.46676115985,-0.593794595530443
"11312","BLOC1S3",0.0275040302736851,0.941414149548235,4.86489476084064,1,2372.46676115985,-1.29883566489239
"6481","MFSD13A",0.0275378503907844,0.941414149548235,4.86276989552614,1,2372.46676115985,-0.632343563210201
"7942","RPLP0",0.0277336167672672,0.941414149548235,4.85052332406704,1,2372.46676115985,0.174474647864952
"9886","SMCR8",0.0278402909018714,0.941414149548235,4.84388792586575,1,2372.46676115985,-0.433985697973495
"4233","MRPL14",0.0278600541150842,0.941414149548235,4.84266151118843,1,2372.46676115985,-0.358255838190698
"5805","ASPN",0.0278605869274717,0.941414149548235,4.84262845982744,1,2372.46676115985,1.54038326763928
"9009","GOLGA6L9",0.028127516398719,0.941414149548235,4.82615253985718,1,2372.46676115985,-10
"9752","KIF1C",0.0281530852086145,0.941414149548235,4.82458288647247,1,2372.46676115985,-0.606749388303519
"778","LYSMD1",0.0282769239132506,0.941414149548235,4.817001453626,1,2372.46676115985,-10
"6550","ATE1",0.028414077829258,0.941414149548235,4.80864511314037,1,2372.46676115985,0.270837488445391
"426","UQCRH",0.0285232025845118,0.941414149548235,4.80202645413255,1,2372.46676115985,0.198644149885125
"443","OSBPL9",0.0286644116748245,0.941414149548235,4.79350085135287,1,2372.46676115985,0.234610716400243
"2131","ATG4B",0.0288103641403081,0.941414149548235,4.78473472452401,1,2372.46676115985,0.352771389220527
"11780","EPB41L1",0.028841602697398,0.941414149548235,4.78286450091464,1,2372.46676115985,-0.578716459922474
"11065","ZNF429",0.0288960382017699,0.941414149548235,4.77961053518776,1,2372.46676115985,0.467712502611437
"141","PADI2",0.029000889854373,0.941414149548235,4.77336082790951,1,2372.46676115985,0.530201765093329
"6335","CHCHD1",0.0292590956832964,0.941414149548235,4.75807025016797,1,2372.46676115985,0.288391965694463
"5396","MRPS28",0.0293066260283729,0.941414149548235,4.75527090209738,1,2372.46676115985,-0.39276588330255
"6230","CSGALNACT2",0.0294112760128278,0.941414149548235,4.74912407763474,1,2372.46676115985,-0.224446485804302
"1494","CLHC1",0.0296273791555493,0.941414149548235,4.73650266033796,1,2372.46676115985,-1.05963801048435
"6033","SETX",0.029637725960057,0.941414149548235,4.73590076907887,1,2372.46676115985,-0.193567807753879
"10205","PCTP",0.0296497316186315,0.941414149548235,4.73520265394624,1,2372.46676115985,-0.557159017903276
"6548","PLPP4",0.0297087950288559,0.941414149548235,4.73177247077843,1,2372.46676115985,-10
"10651","STK11",0.0297602822223737,0.941414149548235,4.72878808137412,1,2372.46676115985,0.385884970941136
"11163","ZNF585B",0.029784559647955,0.941414149548235,4.7273827384609,1,2372.46676115985,-0.584980568908339
"11638","IDH3B",0.0297845685821745,0.941414149548235,4.72738222150722,1,2372.46676115985,0.489812127563613
"7428","NECAP1",0.0299207467735056,0.941414149548235,4.7195213751899,1,2372.46676115985,-0.667556729149216
"9382","ITGAL",0.0299241116267194,0.941414149548235,4.71932761260028,1,2372.46676115985,-0.714907214114014
"2373","UBA7",0.0300857902388549,0.941414149548235,4.71004414417865,1,2372.46676115985,0.455372726487766
"12286","TNRC6B",0.030115614631165,0.941414149548235,4.70833733389899,1,2372.46676115985,0.161049405894298
"3749","RNF14",0.0302960850820566,0.941414149548235,4.69804671097699,1,2372.46676115985,-0.611320282701093
"2201","METTL6",0.0303518907828477,0.941414149548235,4.69487754666426,1,2372.46676115985,0.481696702818102
"2758","GOLIM4",0.0303622134738524,0.941414149548235,4.69429199484101,1,2372.46676115985,-0.371662886227035
"6945","GPR137",0.0305094132103693,0.941414149548235,4.68596465050196,1,2372.46676115985,-0.755257762074567
"2050","GMPPA",0.0305678097143028,0.941414149548235,4.68267266428671,1,2372.46676115985,-0.744270816821271
"1249","LYST",0.0305868819248729,0.941414149548235,4.68159892762722,1,2372.46676115985,-0.309833960272496
"12236","MPST",0.0307573648131484,0.941414149548235,4.67203191164668,1,2372.46676115985,0.458774264184871
"3051","SRP72",0.03078020158974,0.941414149548235,4.67075458005827,1,2372.46676115985,0.304535068575774
"8993","RASGRF1",0.0310205622982487,0.941414149548235,4.65737012783782,1,2372.46676115985,2.13177586019274
"9066","SV2B",0.0311100973682848,0.941414149548235,4.65241202497059,1,2372.46676115985,1.55973407706987
"12473","CASK",0.0311215568159546,0.941414149548235,4.65177852064745,1,2372.46676115985,-0.390179916306502
"9697","SCARF1",0.0311706962844894,0.941414149548235,4.64906473651561,1,2372.46676115985,-0.678243209451708
"11434","VSIG10L",0.0311884482749453,0.941414149548235,4.64808545997178,1,2372.46676115985,0.813178367533028
"6101","BX255925.3",0.0313100816958354,0.941414149548235,4.64139124357108,1,2372.46676115985,-1.59733899650079
"1331","RDH14",0.0314518508386147,0.941414149548235,4.63362301024123,1,2372.46676115985,-0.641133789833146
"5093","MRPS33",0.0314571561852664,0.941414149548235,4.63333301396123,1,2372.46676115985,0.421681582777981
"7852","MTERF2",0.0315751778429254,0.941414149548235,4.62689498396027,1,2372.46676115985,-1.56685995628003
"12102","COMT",0.0315951933393959,0.941414149548235,4.62580563925408,1,2372.46676115985,0.237552951991368
"2289","HIGD1A",0.031612146617691,0.941414149548235,4.62488351937689,1,2372.46676115985,0.462164069809525
"12662","TCEAL1",0.0317276543107275,0.941414149548235,4.61861455371623,1,2372.46676115985,0.660988424426782
"5149","AGAP3",0.0317634658049029,0.941414149548235,4.61667578953169,1,2372.46676115985,-0.341256844751426
"10174","SLC35B1",0.0317854696165531,0.941414149548235,4.61548567788696,1,2372.46676115985,-0.694202569343876
"2620","MCM2",0.0317918250858985,0.941414149548235,4.61514209218647,1,2372.46676115985,-10
"10241","USP32",0.0318732036504608,0.941414149548235,4.61074897908037,1,2372.46676115985,-0.235375702590446
"6944","BAD",0.031900291450939,0.941414149548235,4.60928927800427,1,2372.46676115985,-0.488400354685252
"5314","KAT6A",0.0319080818569586,0.941414149548235,4.60886971006054,1,2372.46676115985,-0.257137917672872
"394","CCDC24",0.0319267737424477,0.941414149548235,4.60786345714668,1,2372.46676115985,-1.86109731222337
"4909","AP4M1",0.0322097131291582,0.941414149548235,4.5927064854987,1,2372.46676115985,0.961498305912165
"598","RWDD3",0.032315608160799,0.941414149548235,4.58706945436818,1,2372.46676115985,0.527878550701524
"4736","PURB",0.032318629879747,0.941414149548235,4.58690888472536,1,2372.46676115985,-0.451400195921639
"4037","GNL1",0.0323600631174778,0.941414149548235,4.58470876454531,1,2372.46676115985,-0.582061968161099
"6739","UEVLD",0.0324402154930545,0.941414149548235,4.5804609836577,1,2372.46676115985,-0.42408673364782
"6634","CTSD",0.0325283125354708,0.941414149548235,4.57580479392337,1,2372.46676115985,0.135920388186947
"522","ZRANB2",0.0325659917279464,0.941414149548235,4.57381735770095,1,2372.46676115985,-0.267499735485005
"12431","NHS",0.0325739911032128,0.941414149548235,4.57339572978002,1,2372.46676115985,0.60142175360501
"11865","SLC9A8",0.0325883050902191,0.941414149548235,4.57264154368201,1,2372.46676115985,0.394313902164834
"3657","CDC42SE2",0.0326818889473991,0.941414149548235,4.56771923924133,1,2372.46676115985,0.187450321659582
"5087","SLC37A3",0.0327049793682617,0.941414149548235,4.56650699897924,1,2372.46676115985,-2.40728064955995
"11605","ZNF132",0.0327553830196573,0.941414149548235,4.56386392580781,1,2372.46676115985,1.52921635906261
"5584","DGAT1",0.0327791397255788,0.941414149548235,4.56261964173064,1,2372.46676115985,-0.567926605329747
"8500","RBM25",0.0327840432754408,0.941414149548235,4.56236293013405,1,2372.46676115985,-0.225522849752086
"10768","SLC25A23",0.0329755098263333,0.941414149548235,4.5523704812771,1,2372.46676115985,1.18485609412574
"4387","SLC16A10",0.0329891043534993,0.941414149548235,4.5516633031454,1,2372.46676115985,-0.329599332356791
"9741","AC233723.1",0.0330586807621615,0.941414149548235,4.54804874677062,1,2372.46676115985,-1.80176764462175
"10066","DHX58",0.0332713664642647,0.941414149548235,4.53704863532027,1,2372.46676115985,-0.462697240610768
"694","PTGFRN",0.033394893155817,0.941414149548235,4.5306935197962,1,2372.46676115985,-0.583654729521482
"3172","NFKB1",0.0334814765339645,0.941414149548235,4.52625366932938,1,2372.46676115985,-0.2920902661523
"7045","CDK2AP2",0.0335363851640139,0.941414149548235,4.52344426191851,1,2372.46676115985,-0.753577738213557
"9885","TOP3A",0.0336437114355207,0.941414149548235,4.51796675850083,1,2372.46676115985,-0.579124147123055
"2481","MITF",0.0336450324991242,0.941414149548235,4.51789945057331,1,2372.46676115985,-0.225270195502188
"7327","SRPRA",0.0336931032982957,0.941414149548235,4.5154521307231,1,2372.46676115985,-0.526089658167703
"8046","XPO4",0.033702986212669,0.941414149548235,4.5149494367028,1,2372.46676115985,-0.39540255192851
"772","CDC42SE1",0.0338742109526042,0.941414149548235,4.50626448197766,1,2372.46676115985,0.306824068399811
"624","STXBP3",0.0339033753959785,0.941414149548235,4.5047897634767,1,2372.46676115985,-0.297637631325554
"7340","PRDM10",0.0340291933635765,0.941414149548235,4.49844286877891,1,2372.46676115985,-0.636140352103347
"6521","CASP7",0.0340738788197887,0.941414149548235,4.49619461236883,1,2372.46676115985,-0.485223133203703
"3018","DCAF4L1",0.034217500867717,0.941414149548235,4.48898939331905,1,2372.46676115985,1.62469314038992
"3680","PPP2CA",0.034239271976197,0.941414149548235,4.48789994365651,1,2372.46676115985,-0.285444290526827
"4682","ZNRF2",0.0342565706350152,0.941414149548235,4.48703481664184,1,2372.46676115985,-0.244703514658996
"9641","C16orf95",0.0343392862139317,0.941414149548235,4.48290441628162,1,2372.46676115985,0.822946250128144
"2524","TRMT10C",0.0345345820781682,0.941414149548235,4.47319347367074,1,2372.46676115985,-0.497505377218363
"11994","TMEM50B",0.0346251039285724,0.941414149548235,4.46871181036885,1,2372.46676115985,0.411921594421329
"11271","PLAUR",0.0346381672422469,0.941414149548235,4.46806606862711,1,2372.46676115985,-0.297743716084833
"10994","COLGALT1",0.0346384544035297,0.941414149548235,4.4680518766203,1,2372.46676115985,-0.28532599560658
"2055","FARSB",0.0346430689391617,0.941414149548235,4.46782383517687,1,2372.46676115985,-0.758996973689322
"8013","STX2",0.0347234367755636,0.941414149548235,4.46385730072906,1,2372.46676115985,-0.453545214254128
"770","BNIPL",0.0347488299593758,0.941414149548235,4.4626060232485,1,2372.46676115985,-10
"2448","ASB14",0.034761339773034,0.941414149548235,4.46198993994371,1,2372.46676115985,-2.30818455061652
"10723","MAP2K2",0.0348029792489348,0.941414149548235,4.4599409490109,1,2372.46676115985,0.263311333423083
"5911","TNFSF15",0.0348293557634864,0.941414149548235,4.45864434294396,1,2372.46676115985,-1.26786749307818
"5761","PCSK5",0.0349737403882949,0.941414149548235,4.45156489956296,1,2372.46676115985,-0.375648273357829
"6697","DENND5A",0.0350365453287136,0.941414149548235,4.44849499814894,1,2372.46676115985,-0.378154701676304
"384","ELOVL1",0.0351153255930294,0.941414149548235,4.44465235668813,1,2372.46676115985,-0.558850034604167
"10039","GSDMB",0.0351673551280519,0.941414149548235,4.44211947155024,1,2372.46676115985,0.976372343161237
"9742","PLD2",0.0351723477060147,0.941414149548235,4.44187663073445,1,2372.46676115985,0.479655578996438
"11136","LRFN3",0.0352588044405754,0.941414149548235,4.43767705626328,1,2372.46676115985,-10
"9856","TTC19",0.0352848326922538,0.941414149548235,4.43641486311314,1,2372.46676115985,0.361934830558112
"8245","C13orf46",0.0354660283135339,0.941414149548235,4.4276550257288,1,2372.46676115985,2.07156863523224
"12029","MX1",0.0356426565738922,0.941414149548235,4.41916097469731,1,2372.46676115985,-0.188989554959247
"3901","SQSTM1",0.0358357891924465,0.941414149548235,4.40992352381568,1,2372.46676115985,-0.222592548599793
"3540","WDR41",0.035867152067183,0.941414149548235,4.4084283721429,1,2372.46676115985,-0.382918119670929
"397","RNF220",0.0358740201530819,0.941414149548235,4.40810113494766,1,2372.46676115985,-0.611149176018361
"4155","FANCE",0.0359134624622398,0.941414149548235,4.40622313384383,1,2372.46676115985,-10
"3781","NDST1",0.0359139964291878,0.941414149548235,4.40619772442977,1,2372.46676115985,-0.427636239794103
"10956","AKAP8L",0.036045409574627,0.941414149548235,4.39995628319699,1,2372.46676115985,0.296620514770124
"5860","GRIN3A",0.036070055597557,0.941414149548235,4.39878837930019,1,2372.46676115985,-1.06435688529407
"9584","PMFBP1",0.0361405865224631,0.941414149548235,4.39545073492828,1,2372.46676115985,-0.584425507407858
"9064","PRC1",0.0361480221370737,0.941414149548235,4.39509926647108,1,2372.46676115985,-2.37694150015211
"10361","CYGB",0.0362771005761843,0.941414149548235,4.38900999321992,1,2372.46676115985,-1.26753204011859
"12104","TANGO2",0.0364283396046452,0.941414149548235,4.38190410291085,1,2372.46676115985,-0.342971986877859
"10453","USP14",0.0364319636768413,0.941414149548235,4.38173420705384,1,2372.46676115985,0.280573018267949
"11420","KCNC3",0.0364701595787992,0.941414149548235,4.37994466587126,1,2372.46676115985,0.569391590475043
"1520","VPS54",0.0365343184162404,0.941414149548235,4.37694313266039,1,2372.46676115985,-0.26202885624726
"11240","EXOSC5",0.0365720297998266,0.941414149548235,4.37518146246674,1,2372.46676115985,-1.7670269824106
"9427","DNAJA2",0.0365962158877579,0.941414149548235,4.37405262175096,1,2372.46676115985,-0.341701403392694
"7993","SNRNP35",0.0366104711581037,0.941414149548235,4.37338764954627,1,2372.46676115985,-0.460136039425957
"6420","SLIT1",0.0366832506635325,0.941414149548235,4.36999689283105,1,2372.46676115985,-2.39244374020587
"4967","DNAJC2",0.0366848422159325,0.941414149548235,4.36992282206562,1,2372.46676115985,-0.385251400616238
"12223","RBFOX2",0.0367486679291857,0.941414149548235,4.36695514847699,1,2372.46676115985,0.571299475772603
"5305","HTRA4",0.0368454895444738,0.941414149548235,4.36246357515878,1,2372.46676115985,-1.56173445020024
"9245","MRTFB",0.0368466563185705,0.941414149548235,4.36240952373283,1,2372.46676115985,-0.314113958836021
"4114","HLA-DMB",0.0369700479330091,0.941414149548235,4.35670344362523,1,2372.46676115985,0.259568103709708
"8056","PARP4",0.0370807072042184,0.941414149548235,4.3516031035071,1,2372.46676115985,-0.205119751186089
"8224","IRS2",0.0371228689289657,0.941414149548235,4.34966404440851,1,2372.46676115985,0.623255043571778
"548","SPATA1",0.0371719276321943,0.941414149548235,4.34741068982245,1,2372.46676115985,0.557432160089682
"2097","AGAP1",0.0372019103936112,0.941414149548235,4.34603506171284,1,2372.46676115985,0.854972703584174
"10941","DDX39A",0.037277785820879,0.941414149548235,4.34255903386084,1,2372.46676115985,-0.65792202457122
"4824","CCDC146",0.0373594739473076,0.941414149548235,4.33882499333669,1,2372.46676115985,-0.34886547331506
"11528","RPL28",0.0373782731417306,0.941414149548235,4.33796687605766,1,2372.46676115985,0.115387768206673
"11905","ATP5F1E",0.0374276602024635,0.941414149548235,4.33571468370658,1,2372.46676115985,0.125195373924927
"11603","RPS5",0.0374645369721176,0.941414149548235,4.33403502736685,1,2372.46676115985,0.182569547306793
"10872","ECSIT",0.0376589283189509,0.941414149548235,4.32520947951073,1,2372.46676115985,0.712256941232675
"11942","DNAJC5",0.0377640538428522,0.941414149548235,4.32045656119963,1,2372.46676115985,-0.219542417125072
"7722","RXYLT1",0.0377881502604893,0.941414149548235,4.31936907226024,1,2372.46676115985,-0.725914839915215
"287","KIAA1522",0.0378457061855836,0.941414149548235,4.31677447125233,1,2372.46676115985,-0.83556925516587
"12667","RADX",0.0378562199085595,0.941414149548235,4.31630096326185,1,2372.46676115985,-10
"5873","ABITRAM",0.0379567536806272,0.941414149548235,4.31178016153653,1,2372.46676115985,-1.04361291286799
"895","SLAMF8",0.0380432165676713,0.941414149548235,4.30790213163677,1,2372.46676115985,0.285290983582455
"753","PRPF3",0.0381288681698335,0.941414149548235,4.30406959263597,1,2372.46676115985,0.450839103485385
"8874","APH1B",0.038297166142949,0.941414149548235,4.29656521900572,1,2372.46676115985,0.320559177228926
"12074","PRMT2",0.0384141027182292,0.941414149548235,4.29137137942535,1,2372.46676115985,0.19567292966824
"5354","CA8",0.0384455654430133,0.941414149548235,4.28997676651449,1,2372.46676115985,2.30914267888123
"6185","MLLT10",0.038457748547858,0.941414149548235,4.2894370612354,1,2372.46676115985,0.220605377817386
"5148","TMUB1",0.0384887318394605,0.941414149548235,4.28806532504167,1,2372.46676115985,-0.493894801890629
"8831","MAPK6",0.0386003790661055,0.941414149548235,4.28313191160715,1,2372.46676115985,-0.307496282533515
"5503","DERL1",0.0387715099482706,0.941414149548235,4.27559904934698,1,2372.46676115985,-0.358966649655593
"11173","ZNF573",0.0387977240963176,0.941414149548235,4.27444823346753,1,2372.46676115985,-0.891889986676095
"11307","ZNF296",0.0388352458362179,0.941414149548235,4.2728024268762,1,2372.46676115985,-10
"5528","TG",0.0388839060659696,0.941414149548235,4.27067053889291,1,2372.46676115985,0.57076705670844
"10434","DUS1L",0.0389153395660532,0.941414149548235,4.26929487127303,1,2372.46676115985,-0.55845501329917
"1852","UBR3",0.0391052011086084,0.941414149548235,4.26101041282549,1,2372.46676115985,0.217554431713502
"7525","DENND5B",0.0391299935315799,0.941414149548235,4.25993173210549,1,2372.46676115985,0.315447096467717
"4268","BAG2",0.0392205557906117,0.941414149548235,4.25599759231471,1,2372.46676115985,0.870374416512095
"8434","L3HYPDH",0.0393414461104086,0.941414149548235,4.25076079644504,1,2372.46676115985,-0.929152715268789
"11918","RPS21",0.0394089188149939,0.941414149548235,4.24784531509364,1,2372.46676115985,0.155805068237388
"6224","ZNF25",0.0395986750525987,0.941414149548235,4.23967399495413,1,2372.46676115985,-0.657239021098952
"7725","XPOT",0.0396699985411932,0.941414149548235,4.23661327374948,1,2372.46676115985,-0.604021203502936
"8687","GOLGA8H",0.0399304317874754,0.941414149548235,4.22548610525229,1,2372.46676115985,-10
"11673","PLCB1",0.0400884254914025,0.941414149548235,4.21877280704449,1,2372.46676115985,-0.429189527359704
"540","GIPC2",0.0400962569756409,0.941414149548235,4.21844076321099,1,2372.46676115985,-2.29436189227472
"8726","BMF",0.0401127049864974,0.941414149548235,4.21774361255509,1,2372.46676115985,0.460075983006672
"2393","CISH",0.040179250789537,0.941414149548235,4.21492612306302,1,2372.46676115985,1.55327638978324
"5621","RCL1",0.0402485304099972,0.941414149548235,4.21199808876536,1,2372.46676115985,0.707372154278082
"50","LRRC47",0.0402671091703955,0.941414149548235,4.21121377605569,1,2372.46676115985,0.542628314496629
"9737","ZMYND15",0.0404372193599723,0.941414149548235,4.20405010390638,1,2372.46676115985,0.416682964280263
"12545","FAM120C",0.0405084320068427,0.941414149548235,4.20106059546051,1,2372.46676115985,0.504024202622809
"6612","LMNTD2",0.0405084480573399,0.941414149548235,4.20105992228279,1,2372.46676115985,1.34208255308174
"4698","KIAA0895",0.0405091048791107,0.941414149548235,4.20103237460529,1,2372.46676115985,-10
"550","SSX2IP",0.0405787920842119,0.941414149548235,4.19811229535974,1,2372.46676115985,-0.955183035678221
"2032","RNF25",0.0408826014669807,0.941414149548235,4.18544313228915,1,2372.46676115985,0.798626268638951
"10209","TRIM25",0.0409449943605442,0.941414149548235,4.1828535307018,1,2372.46676115985,-0.273028289745102
"8179","COMMD6",0.0409580312959219,0.941414149548235,4.1823129596965,1,2372.46676115985,0.252649238172685
"10787","PET100",0.0410205681482048,0.941414149548235,4.17972240713752,1,2372.46676115985,-0.31116094024493
"9612","C16orf46",0.0411565766954975,0.941414149548235,4.17410263299442,1,2372.46676115985,1.41648710563585
"4905","ZSCAN21",0.0413177550530164,0.941414149548235,4.16746807793308,1,2372.46676115985,-1.04317206301621
"2867","CEP19",0.0413865724232,0.941414149548235,4.16464364403545,1,2372.46676115985,-1.46729202811916
"4400","DSE",0.04142904768269,0.941414149548235,4.16290281787838,1,2372.46676115985,0.275274734253669
"4654","MALSU1",0.0415393245288663,0.941414149548235,4.15839192387487,1,2372.46676115985,-0.503301170262625
"8015","ADGRD1",0.041587325421677,0.941414149548235,4.15643236993289,1,2372.46676115985,-10
"6726","C11orf58",0.0416385122004145,0.941414149548235,4.15434537576889,1,2372.46676115985,-0.191980973298602
"6763","EIF3M",0.0416401757855578,0.941414149548235,4.15427759311772,1,2372.46676115985,-0.355832262960759
"12697","RPL39",0.0417933526210914,0.941414149548235,4.14804858448861,1,2372.46676115985,0.129111451088793
"758","MCL1",0.0418089832218008,0.941414149548235,4.14741430885476,1,2372.46676115985,0.238856700106993
"2669","DZIP1L",0.0418261510274255,0.941414149548235,4.14671794209876,1,2372.46676115985,0.586338902154529
"9199","DNAJA3",0.0418454854400731,0.941414149548235,4.1459340523896,1,2372.46676115985,-0.812480786246992
"8812","FAM227B",0.0419335203850186,0.941414149548235,4.14236959357102,1,2372.46676115985,0.754986498086718
"3278","FBXW7",0.0419959547787968,0.941414149548235,4.13984644500927,1,2372.46676115985,-0.222119164502594
"726","NBPF10",0.0420315393725215,0.941414149548235,4.1384101362577,1,2372.46676115985,0.571062678826338
"9965","EVI2A",0.0420394478640053,0.941414149548235,4.13809109776947,1,2372.46676115985,-0.252483672195854
"8159","ATP7B",0.0420833094016101,0.941414149548235,4.13632281320164,1,2372.46676115985,1.38042146194688
"7250","ZPR1",0.0421977130445983,0.941414149548235,4.13171971858061,1,2372.46676115985,-0.797659637797495
"11219","PRX",0.0422171718700884,0.941414149548235,4.13093808809466,1,2372.46676115985,-10
"5271","HMBOX1",0.0422890527362025,0.941414149548235,4.12805402817314,1,2372.46676115985,-0.25148973396289
"7793","CRADD",0.0423873796104409,0.941414149548235,4.12411722088515,1,2372.46676115985,-0.387070861612453
"3748","DELE1",0.0424234318899868,0.941414149548235,4.12267616750577,1,2372.46676115985,0.472512679247373
"6824","PSMC3",0.0424762695833203,0.941414149548235,4.12056650663092,1,2372.46676115985,0.333482780104627
"438","ELAVL4",0.0428012646568007,0.941414149548235,4.10765077630519,1,2372.46676115985,-10
"7836","NFYB",0.042802333578646,0.941414149548235,4.10760846639555,1,2372.46676115985,-0.564899763433884
"11335","STRN4",0.0428307627320339,0.941414149548235,4.10648359557894,1,2372.46676115985,0.449452832270903
"6579","INSYN2A",0.0428852490806461,0.941414149548235,4.10432990051563,1,2372.46676115985,-2.24853475961318
"3645","ALDH7A1",0.0428886864067942,0.941414149548235,4.10419412905924,1,2372.46676115985,0.521012424543112
"5501","SNTB1",0.0428922608290216,0.941414149548235,4.10405295456818,1,2372.46676115985,-0.24519427952408
"9058","FURIN",0.0430551743862671,0.941414149548235,4.09763166821596,1,2372.46676115985,0.334796515111221
"5418","CNBD1",0.0430555224715378,0.941414149548235,4.0976179757216,1,2372.46676115985,1.96761993117859
"8562","NRXN3",0.0430976226998808,0.941414149548235,4.09596275404245,1,2372.46676115985,2.17169321065312
"11135","TYROBP",0.0432750458385733,0.941414149548235,4.08900579527795,1,2372.46676115985,0.0896217193353171
"6943","PLCB3",0.0433317605635082,0.941414149548235,4.08678827815082,1,2372.46676115985,0.509176477591609
"2845","OPA1",0.0434028655695535,0.941414149548235,4.08401242043571,1,2372.46676115985,0.2517966167043
"4315","SYNCRIP",0.0435331568113976,0.941414149548235,4.07893840004232,1,2372.46676115985,0.24335880057056
"371","PPCS",0.0437603896152039,0.941414149548235,4.07012725544372,1,2372.46676115985,-0.299916296023964
"420","IPP",0.0437712878302456,0.941414149548235,4.06970587925623,1,2372.46676115985,0.920688665167808
"2955","ZNF518B",0.0437801619625404,0.941414149548235,4.06936284520304,1,2372.46676115985,0.506774732843902
"6561","BUB3",0.0440438595375188,0.941414149548235,4.05920275878418,1,2372.46676115985,-0.421805110929811
"1267","CEP170",0.0441942332920793,0.941414149548235,4.05343760153062,1,2372.46676115985,-0.170266348100564
"5921","PHF19",0.0442267676418216,0.941414149548235,4.0521929904038,1,2372.46676115985,0.580813613260327
"6546","MCMBP",0.0443058876972013,0.941414149548235,4.04917024899637,1,2372.46676115985,-0.405107728562393
"6601","RIC8A",0.0443216893954832,0.941414149548235,4.04856723432003,1,2372.46676115985,0.475272756024748
"8848","MNS1",0.0443763114793804,0.941414149548235,4.04648452291533,1,2372.46676115985,-10
"7435","PHC1",0.0444181003458939,0.941414149548235,4.04489295771928,1,2372.46676115985,0.703668687992917
"12626","PCDH11X",0.0444275609726367,0.941414149548235,4.04453286050787,1,2372.46676115985,2.2583308011049
"10693","DIRAS1",0.0444283552419075,0.941414149548235,4.04450263213234,1,2372.46676115985,-10
"1706","GCC2",0.0444484278141757,0.941414149548235,4.04373889718046,1,2372.46676115985,0.228072112783837
"9337","ATP2A1",0.0444750977511852,0.941414149548235,4.04272470304274,1,2372.46676115985,-10
"10907","JUNB",0.0445433269826407,0.941414149548235,4.04013302117951,1,2372.46676115985,-0.348451223514227
"12098","TBX1",0.0445909572005984,0.941414149548235,4.03832626867498,1,2372.46676115985,-2.25589894433615
"6468","KCNIP2",0.0446339898800781,0.941414149548235,4.03669566151369,1,2372.46676115985,1.01394893018489
"1044","IVNS1ABP",0.0447432401238761,0.941414149548235,4.03256334734161,1,2372.46676115985,-0.268770680803475
"6731","NCR3LG1",0.044844663300812,0.941414149548235,4.02873659094971,1,2372.46676115985,-10
"2154","BRPF1",0.0448976227978949,0.941414149548235,4.02674202024155,1,2372.46676115985,-0.734560766186895
"8376","DNAAF2",0.0449715002697592,0.941414149548235,4.02396377011845,1,2372.46676115985,-0.824196487403984
"11484","ZNF331",0.045018550577566,0.941414149548235,4.02219689302579,1,2372.46676115985,-0.305194107780856
"4154","PPARD",0.0451163954350478,0.941414149548235,4.01852875456459,1,2372.46676115985,-0.336234216853573
"10296","ABCA5",0.0451544783654964,0.941414149548235,4.01710331687951,1,2372.46676115985,0.479255927521979
"11148","ZFP14",0.0452261972545707,0.941414149548235,4.01442232739248,1,2372.46676115985,-0.534857362746491
"10530","MAPRE2",0.0452696335638959,0.941414149548235,4.01280077270305,1,2372.46676115985,-0.338593031736699
"9184","AC025283.2",0.0453394063917513,0.941414149548235,4.01019945856383,1,2372.46676115985,0.933486550805235
"4723","URGCP",0.0453557057969579,0.941414149548235,4.00959238192343,1,2372.46676115985,0.370477032518365
"5000","LSMEM1",0.0453605072587036,0.941414149548235,4.00941359376725,1,2372.46676115985,1.15152972735643
"204","MAN1C1",0.0453691814588978,0.941414149548235,4.0090906501389,1,2372.46676115985,-0.570286581275186
"2674","CEP70",0.0455897864996403,0.941414149548235,4.00089924814642,1,2372.46676115985,0.905504349314001
"5078","ZC3HAV1",0.0456887871634643,0.941414149548235,3.99723677592119,1,2372.46676115985,-0.201473617325365
"5141","TMEM176B",0.045765700678986,0.941414149548235,3.99439717523943,1,2372.46676115985,0.297628051242431
"2390","CACNA2D2",0.045798433877954,0.941414149548235,3.99319021119306,1,2372.46676115985,-10
"9291","IGSF6",0.0458758319579265,0.941414149548235,3.99033994291507,1,2372.46676115985,-0.611741414784543
"5009","MET",0.0459233756943307,0.941414149548235,3.98859160600616,1,2372.46676115985,-10
"8837","WDR72",0.045984360828153,0.941414149548235,3.98635177757845,1,2372.46676115985,1.76650495275119
"393","B4GALT2",0.0460120356295332,0.941414149548235,3.98533638572669,1,2372.46676115985,-1.72937095859934
"6497","NEURL1",0.0460622203546585,0.941414149548235,3.9834967437249,1,2372.46676115985,-10
"9033","MRPS11",0.0460640597481252,0.941414149548235,3.9834293564852,1,2372.46676115985,-0.424868759638606
"2938","AC093323.1",0.0460661760470579,0.941414149548235,3.98335182816461,1,2372.46676115985,-1.2949613776947
"4579","MAFK",0.0461052421830438,0.941414149548235,3.98192135677803,1,2372.46676115985,0.661524909627233
"9786","CLDN7",0.0461177434400059,0.941414149548235,3.98146387245767,1,2372.46676115985,-1.31952549731595
"10713","GIPC3",0.0461520802916809,0.941414149548235,3.98020798571914,1,2372.46676115985,1.69418560321834
"9706","DPH1",0.0462959161493247,0.941414149548235,3.97495780866134,1,2372.46676115985,1.28341974295151
"4521","SCAF8",0.046299716494715,0.941414149548235,3.97481932498395,1,2372.46676115985,-0.256249299925017
"3752","ARHGAP26",0.0463501802484995,0.941414149548235,3.97298157359345,1,2372.46676115985,-0.153756291193019
"12048","GATD3A",0.0464120424588121,0.941414149548235,3.97073159880763,1,2372.46676115985,-1.45855743888586
"3107","PRKG2",0.046607488132452,0.941414149548235,3.96364382315193,1,2372.46676115985,2.31450566337341
"10612","CNDP1",0.0466858804569479,0.941414149548235,3.96080975590956,1,2372.46676115985,-10
"2708","CP",0.0467349733248339,0.941414149548235,3.9590374883619,1,2372.46676115985,-1.8496405782876
"12694","NKRF",0.0467911323825381,0.941414149548235,3.95701253612199,1,2372.46676115985,0.682510971015983
"66","THAP3",0.0468481484639561,0.941414149548235,3.95495930326028,1,2372.46676115985,0.511600827489569
"9177","ZNF205",0.0468650976857493,0.941414149548235,3.95434944522677,1,2372.46676115985,0.813505496541255
"7686","RBMS2",0.0469709594325897,0.941414149548235,3.95054564138106,1,2372.46676115985,-0.339150997540385
"11533","SSC5D",0.0470321386333855,0.941414149548235,3.94835148441753,1,2372.46676115985,1.37291684430945
"3256","USP38",0.0471341843195441,0.941414149548235,3.9446983672663,1,2372.46676115985,-0.543320947690682
"9280","ACSM3",0.0471466581165951,0.941414149548235,3.94425239236054,1,2372.46676115985,-2.33246519238522
"11225","LTBP4",0.0472067066201167,0.941414149548235,3.94210722298725,1,2372.46676115985,-0.87549777652364
"3128","MAPK10",0.0473752860765799,0.941414149548235,3.93610025643704,1,2372.46676115985,1.18290215943252
"9175","MMP25",0.0475424919605897,0.941414149548235,3.93016447865207,1,2372.46676115985,2.02655254570672
"4313","NT5E",0.0476918045202508,0.941414149548235,3.92488250611062,1,2372.46676115985,0.714018394949683
"4597","RBAK",0.0478787403375837,0.941414149548235,3.91829415724915,1,2372.46676115985,0.544358084855047
"2110","PER2",0.0478911552726775,0.941414149548235,3.91785756855369,1,2372.46676115985,-0.863680702070996
"6439","GOT1",0.0479433673584183,0.941414149548235,3.91602276408644,1,2372.46676115985,0.631856576260163
"6138","SFMBT2",0.0480738517873213,0.941414149548235,3.911446571328,1,2372.46676115985,-0.212451860585282
"9563","EXOSC6",0.0484061579354956,0.941414149548235,3.89985131403342,1,2372.46676115985,-0.606351944273338
"9890","TVP23B",0.04849659374887,0.941414149548235,3.89671026034305,1,2372.46676115985,0.546946162614682
"7486","MGST1",0.048573076358804,0.941414149548235,3.89405865995033,1,2372.46676115985,-0.461738770014989
"5830","ZNF782",0.048598456473194,0.941414149548235,3.89317972301417,1,2372.46676115985,0.396797430892774
"5668","DDX58",0.0486148361652235,0.941414149548235,3.89261273646722,1,2372.46676115985,-0.22409675951717
"8348","BAZ1A",0.0486638023835086,0.941414149548235,3.89091896292471,1,2372.46676115985,-0.208270684678959
"345","PABPC4",0.0488515657071927,0.941414149548235,3.88444075392297,1,2372.46676115985,-0.29977989949373
"8254","OSGEP",0.0488757239331037,0.941414149548235,3.88360915748799,1,2372.46676115985,-0.491606284355803
"2380","HYAL3",0.0489162721127046,0.941414149548235,3.88221434685001,1,2372.46676115985,1.50137400442139
"2746","MFSD1",0.0489749033812114,0.941414149548235,3.88019965757871,1,2372.46676115985,0.164956532344764
"2825","DGKG",0.048995440310653,0.941414149548235,3.87949456963796,1,2372.46676115985,-0.831953797368357
"8187","EDNRB",0.0491188264094781,0.941414149548235,3.87526495687067,1,2372.46676115985,-1.31712459245212
"12044","RRP1",0.0492482417147157,0.941414149548235,3.87084071256661,1,2372.46676115985,-0.776956792220349
"2076","ITM2C",0.0492896228344846,0.941414149548235,3.86942863271185,1,2372.46676115985,-1.10810527848634
"12727","MBNL3",0.049312511324167,0.941414149548235,3.86864812917272,1,2372.46676115985,0.491264995621621
"10282","PITPNC1",0.0493734107239203,0.941414149548235,3.86657330669905,1,2372.46676115985,-0.207890544833786
"7602","SLC11A2",0.0494252741417841,0.941414149548235,3.8648084685791,1,2372.46676115985,-0.326970725127105
"4264","LRRC1",0.0496547148341489,0.941414149548235,3.85702434250905,1,2372.46676115985,-2.42116274886015
"3328","GPM6A",0.04974884204997,0.941414149548235,3.8538419249314,1,2372.46676115985,-10
"7304","HSPA8",0.0498159594864445,0.941414149548235,3.85157658641519,1,2372.46676115985,-0.196188856450661
"12294","EP300",0.0499433018190985,0.941414149548235,3.84728740061572,1,2372.46676115985,0.190011959544925
"12249","NOL12",0.0499603952092656,0.941414149548235,3.84671253584354,1,2372.46676115985,0.572838693063469
"3459","PLPP1",0.0500374227241029,0.941414149548235,3.84412461456489,1,2372.46676115985,0.816290869740841
"3053","REST",0.0500865195479619,0.941414149548235,3.84247728798793,1,2372.46676115985,-0.288899386504016
"1276","EFCAB2",0.0501041518288848,0.941414149548235,3.84188609561678,1,2372.46676115985,0.381816604263072
"8958","COX5A",0.0501712355181964,0.941414149548235,3.83963885698249,1,2372.46676115985,0.214007793202279
"5322","THAP1",0.0502802132225569,0.941414149548235,3.83599497426757,1,2372.46676115985,-0.885701100684382
"7017","PELI3",0.0503276180360914,0.941414149548235,3.83441250753497,1,2372.46676115985,-1.41501396072504
"7732","LLPH",0.0505167031100776,0.941414149548235,3.8281161189136,1,2372.46676115985,0.325134957559134
"3034","OCIAD1",0.0505935425933295,0.941414149548235,3.8255645425312,1,2372.46676115985,-0.24712209276383
"4949","SH2B2",0.0506548613257426,0.941414149548235,3.8235312961479,1,2372.46676115985,-0.759702223725846
"9632","ZDHHC7",0.0507240964754991,0.941414149548235,3.82123867913687,1,2372.46676115985,-0.279194246034534
"997","ZBTB37",0.0508057227141512,0.941414149548235,3.81853999820218,1,2372.46676115985,-0.550119366958797
"264","SERINC2",0.0509072447776758,0.941414149548235,3.81518992564954,1,2372.46676115985,-0.486615769356031
"4864","FAM133B",0.0509095598037748,0.941414149548235,3.8151136157831,1,2372.46676115985,-0.258034456269521
"5197","FDFT1",0.0509171018584735,0.941414149548235,3.81486503359859,1,2372.46676115985,0.432903153536817
"6701","WEE1",0.0509677550124599,0.941414149548235,3.81319654082487,1,2372.46676115985,-10
"12185","OSM",0.0509863900409187,0.941414149548235,3.81258315252152,1,2372.46676115985,-1.53229183992399
"436","AGBL4",0.0510208127461898,0.941414149548235,3.81145072249262,1,2372.46676115985,1.64993844381945
"8720","RASGRP1",0.0511330812425838,0.941414149548235,3.80776294993153,1,2372.46676115985,-10
"9821","VAMP2",0.0511653953201468,0.941414149548235,3.80670309146031,1,2372.46676115985,0.34062745983099
"9229","CIITA",0.0512161534823645,0.941414149548235,3.80503972096782,1,2372.46676115985,0.41884432965834
"10919","LYL1",0.0512288820389424,0.941414149548235,3.80462287333587,1,2372.46676115985,0.4100788848563
"10409","ACTG1",0.0512466311124274,0.941414149548235,3.80404179167641,1,2372.46676115985,0.184803874758263
"12254","MICALL1",0.051276445738393,0.941414149548235,3.80306617864446,1,2372.46676115985,0.605680254841164
"4291","COX7A2",0.0512919437861493,0.941414149548235,3.80255927882921,1,2372.46676115985,0.17342291575148
"744","MTMR11",0.0514546278518104,0.941414149548235,3.79724807690008,1,2372.46676115985,-10
"7121","THAP12",0.0514635429709173,0.941414149548235,3.7969575358079,1,2372.46676115985,-0.418999186227135
"378","SVBP",0.0514894669847566,0.941414149548235,3.79611298243765,1,2372.46676115985,0.370363173564514
"9764","NLRP1",0.0515617848794265,0.941414149548235,3.79375938444664,1,2372.46676115985,-0.666975491382129
"3090","CXCL10",0.0516952608479274,0.941414149548235,3.78942454804362,1,2372.46676115985,-2.08763323504112
"1524","SERTAD2",0.0517048100851387,0.941414149548235,3.78911487618368,1,2372.46676115985,-0.349801475010767
"364","CTPS1",0.0517579662877023,0.941414149548235,3.78739218138457,1,2372.46676115985,0.963951211679899
"10460","NDC80",0.0517870348690388,0.941414149548235,3.78645091405019,1,2372.46676115985,1.45687329233968
"2181","MKRN2OS",0.0517950485361378,0.941414149548235,3.78619152250251,1,2372.46676115985,-10
"5369","MCMDC2",0.0518273371448445,0.941414149548235,3.78514681425378,1,2372.46676115985,-2.21042571210495
"3814","LSM11",0.0518388363104457,0.941414149548235,3.78477492145382,1,2372.46676115985,-1.74285665365583
"1115","EIF2D",0.0518934899118262,0.941414149548235,3.78300857059726,1,2372.46676115985,-0.895189830451718
"7958","OASL",0.0519437834819936,0.941414149548235,3.78138487084556,1,2372.46676115985,-0.320252096778175
"2718","ERICH6",0.0519513079580865,0.941414149548235,3.78114209048872,1,2372.46676115985,-10
"7064","MYEOV",0.0519946674281157,0.941414149548235,3.7797438040841,1,2372.46676115985,1.26078680644671
"3988","E2F3",0.0520217112745562,0.941414149548235,3.77887230027093,1,2372.46676115985,-0.258813957963439
"1467","SRBD1",0.052063974281089,0.941414149548235,3.77751131019415,1,2372.46676115985,0.264555091706942
"612","EXTL2",0.0522120248477191,0.941414149548235,3.7727528666341,1,2372.46676115985,0.589461597122587
"10336","LLGL2",0.052330246524802,0.941414149548235,3.7689633915589,1,2372.46676115985,-0.726962060927352
"12301","PHF5A",0.0524659854272305,0.941414149548235,3.76462358423352,1,2372.46676115985,-0.694257046708612
"11008","IQCN",0.0524685726391536,0.941414149548235,3.76454098211974,1,2372.46676115985,1.39954007820238
"12729","GPC3",0.0525179381814029,0.941414149548235,3.76296571054039,1,2372.46676115985,2.0544646119204
"10304","CDC42EP4",0.0525701721331743,0.941414149548235,3.7613006136789,1,2372.46676115985,-1.65537902742477
"9936","TRAF4",0.0525713982807772,0.941414149548235,3.76126154799832,1,2372.46676115985,1.14348605766292
"6903","ROM1",0.0525760558433642,0.941414149548235,3.76111316450159,1,2372.46676115985,-10
"5474","SLC25A32",0.0526824132846872,0.941414149548235,3.75772854745987,1,2372.46676115985,0.527948766332171
"11934","RTEL1",0.0527780766775291,0.941414149548235,3.75469042446536,1,2372.46676115985,0.704957193542155
"10221","SUPT4H1",0.0527842977795795,0.941414149548235,3.75449305382703,1,2372.46676115985,-0.274794960069066
"5896","SLC31A1",0.0528736443372001,0.941414149548235,3.7516611607736,1,2372.46676115985,-0.235417951170145
"8037","TPTE2",0.0529803095481382,0.941414149548235,3.74828697378845,1,2372.46676115985,1.67416934242424
"12581","EDA",0.0530594502151636,0.941414149548235,3.74578813022719,1,2372.46676115985,-0.842780909740165
"10358","SPHK1",0.053146708862925,0.941414149548235,3.74303753694549,1,2372.46676115985,-0.460431887145173
"84","CTNNBIP1",0.0531661537812115,0.941414149548235,3.74242524034772,1,2372.46676115985,-0.422049900405027
"10216","VEZF1",0.0531725215670911,0.941414149548235,3.74222477816401,1,2372.46676115985,-0.377582050424005
"7087","ATG16L2",0.0533501092794384,0.941414149548235,3.73664442131326,1,2372.46676115985,0.259411369727569
"11293","ZNF180",0.0535507875924053,0.941414149548235,3.73036212749709,1,2372.46676115985,0.752000970374686
"7790","NUDT4",0.053619939972447,0.941414149548235,3.72820307036558,1,2372.46676115985,0.44040229966494
"5871","KLF4",0.0536459282941942,0.941414149548235,3.72739243278676,1,2372.46676115985,-10
"4591","AMZ1",0.0537787012683846,0.941414149548235,3.72325741285478,1,2372.46676115985,-0.618499579325026
"12433","SCML2",0.0539133845667286,0.941414149548235,3.7190739400104,1,2372.46676115985,1.53997784651659
"11166","ZNF527",0.0540440804692483,0.941414149548235,3.71502490021609,1,2372.46676115985,-2.15719823571531
"5950","RABEPK",0.0541362958752256,0.941414149548235,3.71217425137327,1,2372.46676115985,-0.72812744930642
"4372","PPIL6",0.0545337369793269,0.941414149548235,3.69994681535127,1,2372.46676115985,-10
"12491","ARAF",0.0546060760409757,0.941414149548235,3.69773144274679,1,2372.46676115985,0.455377520315995
"5088","MKRN1",0.0546968376346797,0.941414149548235,3.69495628140651,1,2372.46676115985,-0.292167781292374
"9715","CLUH",0.0546975517070179,0.941414149548235,3.69493446702573,1,2372.46676115985,-0.710179163581873
"8822","TNFAIP8L3",0.0547463509491008,0.941414149548235,3.69344440157589,1,2372.46676115985,-10
"1086","TMEM183A",0.0547706895380554,0.941414149548235,3.6927017588887,1,2372.46676115985,0.34948920713796
"293","TRIM62",0.0548077469588271,0.941414149548235,3.6915716987996,1,2372.46676115985,-1.2791415445843
"8262","RNASE2",0.0548196301288211,0.941414149548235,3.6912094950488,1,2372.46676115985,-0.835075300924072
"2030","ZNF142",0.0548291786226895,0.941414149548235,3.69091851349664,1,2372.46676115985,0.62912372668987
"9950","GIT1",0.0548308636922272,0.941414149548235,3.6908671681352,1,2372.46676115985,-0.569330770279618
"11062","ZNF708",0.0548375130899657,0.941414149548235,3.69066457221822,1,2372.46676115985,0.392778923243163
"2078","HTR2B",0.0549203161483307,0.941414149548235,3.68814388339738,1,2372.46676115985,-0.543932099101869
"2087","EIF4E2",0.0549767648014525,0.941414149548235,3.68642778467682,1,2372.46676115985,-0.279969204297354
"9527","RANBP10",0.055009876983773,0.941414149548235,3.68542200894482,1,2372.46676115985,0.348702248005869
"12630","SYTL4",0.0550695062672721,0.941414149548235,3.68361240038006,1,2372.46676115985,0.979895861074638
"928","FCER1G",0.0551718145350226,0.941414149548235,3.68051242273624,1,2372.46676115985,0.142811903019212
"4410","CEP85L",0.0551955181057449,0.941414149548235,3.6797950661491,1,2372.46676115985,0.262157304742115
"11342","ZC3H4",0.0552476254058145,0.941414149548235,3.67821925738588,1,2372.46676115985,0.420536465589239
"1127","CR1L",0.0555993867355178,0.941414149548235,3.6676225120267,1,2372.46676115985,-1.4495742654201
"1770","IMP4",0.0556526530411676,0.941414149548235,3.66602407889054,1,2372.46676115985,0.450713293500731
"2215","PP2D1",0.0556694190576602,0.941414149548235,3.66552129460137,1,2372.46676115985,-10
"9693","MYO1C",0.0556969273128978,0.941414149548235,3.66469671691382,1,2372.46676115985,-0.647132369230544
"11505","LENG9",0.0558080336276189,0.941414149548235,3.66137062648065,1,2372.46676115985,-1.65080016592287
"7711","METTL1",0.0558139498831003,0.941414149548235,3.66119371396596,1,2372.46676115985,-0.963056692177388
"1095","PLEKHA6",0.0558462056376333,0.941414149548235,3.66022952704028,1,2372.46676115985,2.34250520681543
"5706","CCDC107",0.0558667821569667,0.941414149548235,3.65961476382411,1,2372.46676115985,-0.301932351008455
"7571","DDX23",0.0559167587481925,0.941414149548235,3.65812261697291,1,2372.46676115985,-0.456970696197397
"11886","AURKA",0.0559325606344431,0.941414149548235,3.65765111594463,1,2372.46676115985,-1.17537168663947
"10108","TMEM101",0.0560430907983551,0.941414149548235,3.65435703507204,1,2372.46676115985,-0.589806873786529
"4976","EFCAB10",0.0561420243349127,0.941414149548235,3.65141440738831,1,2372.46676115985,0.881389585978816
"10156","CDK5RAP3",0.0561702861079184,0.941414149548235,3.65057481476911,1,2372.46676115985,0.361107495139569
"5100","CLEC5A",0.0562261783168506,0.941414149548235,3.64891570486573,1,2372.46676115985,-0.47996628615271
"9550","UTP4",0.0563026938333246,0.941414149548235,3.64664724786172,1,2372.46676115985,-0.872995698156997
"12679","TMEM164",0.0563726184918201,0.941414149548235,3.64457705081393,1,2372.46676115985,0.261952173543526
"6788","TRAF6",0.0563927399976038,0.941414149548235,3.64398183649107,1,2372.46676115985,-0.551385001375404
"500","DNAJC6",0.0564756631566102,0.941414149548235,3.64153126372624,1,2372.46676115985,1.15258103759032
"5913","ASTN2",0.0564799077787226,0.941414149548235,3.6414059280553,1,2372.46676115985,0.608475351711894
"2127","SEPTIN2",0.0570050470771642,0.941414149548235,3.62597624544256,1,2372.46676115985,0.16914050142149
"12131","PPM1F",0.0570422063573797,0.941414149548235,3.62489015390949,1,2372.46676115985,0.398188541506949
"402","PLK3",0.0570670249350467,0.941414149548235,3.62416517500841,1,2372.46676115985,-0.603956973786336
"4722","MRPS24",0.0571640307474831,0.941414149548235,3.62133473439185,1,2372.46676115985,0.27937998049323
"2256","CTDSPL",0.0571916127021446,0.941414149548235,3.62053087833285,1,2372.46676115985,-0.538846059069693
"1509","C2orf74",0.0573407533407148,0.941414149548235,3.61619140514354,1,2372.46676115985,-0.389115914303428
"12827","MT-ATP6",0.0574604211778223,0.941414149548235,3.61271815048009,1,2372.46676115985,-0.0918460613431106
"6646","SLC22A18",0.0574780550681459,0.941414149548235,3.61220699199981,1,2372.46676115985,-0.518454059105298
"11264","XRCC1",0.0575551737560745,0.941414149548235,3.60997348740067,1,2372.46676115985,-0.521249863469658
"11594","ZNF329",0.0576083373803356,0.941414149548235,3.60843561828311,1,2372.46676115985,-0.828840202856099
"7096","MRPL48",0.0576105335864544,0.941414149548235,3.60837212086619,1,2372.46676115985,0.519872636634237
"2413","WDR82",0.0576158530130753,0.941414149548235,3.60821833455487,1,2372.46676115985,-0.279337860325599
"2043","ANKZF1",0.057883230051989,0.941414149548235,3.60050775905109,1,2372.46676115985,0.545452354080524
"12823","MT-ND2",0.0579978496376478,0.941414149548235,3.59721396304304,1,2372.46676115985,-0.0952041525172035
"6427","ZDHHC16",0.0580231203377006,0.941414149548235,3.5964886958225,1,2372.46676115985,0.514125824196842
"3534","F2R",0.0580269168175863,0.941414149548235,3.59637976614228,1,2372.46676115985,-10
"4581","MAD1L1",0.0585490429414973,0.941414149548235,3.58147050613268,1,2372.46676115985,-0.270711327255592
"1914","ORMDL1",0.0587254021390001,0.941414149548235,3.57646650487728,1,2372.46676115985,-0.245999156194085
"4879","SEM1",0.0588144241608898,0.941414149548235,3.57394666740848,1,2372.46676115985,-0.209997323091113
"12706","MCTS1",0.0588873806601336,0.941414149548235,3.5718845995457,1,2372.46676115985,-0.308918747197265
"12379","PLCXD1",0.059032159508226,0.941414149548235,3.56780055423706,1,2372.46676115985,-0.650208243316636
"5049","UBE2H",0.0590523341929644,0.941414149548235,3.56723229538334,1,2372.46676115985,-0.190558783950826
"1013","AXDND1",0.0591199560395829,0.941414149548235,3.56532910085825,1,2372.46676115985,1.68655056646342
"4685","MINDY4",0.0592154334686895,0.941414149548235,3.56264585952247,1,2372.46676115985,-10
"1429","GPATCH11",0.0592553349116834,0.941414149548235,3.56152585625546,1,2372.46676115985,-0.621651011002147
"8173","BORA",0.0593091948435194,0.941414149548235,3.56001532058619,1,2372.46676115985,-0.92674956556918
"7769","ZDHHC17",0.0595114158252305,0.941414149548235,3.55435690378823,1,2372.46676115985,0.273354936478223
"6694","TMEM9B",0.0596959963678454,0.941414149548235,3.54920992111444,1,2372.46676115985,-0.323336182075717
"6184","PLXDC2",0.0597195101629377,0.941414149548235,3.54855546111685,1,2372.46676115985,-0.12898379628847
"2595","PARP14",0.0597534253425953,0.941414149548235,3.54761198199325,1,2372.46676115985,-0.131370506738098
"96","TARDBP",0.0599462833415303,0.941414149548235,3.54225771817106,1,2372.46676115985,0.324360148871391
"11017","FKBP8",0.0599508695932203,0.941414149548235,3.54213061459008,1,2372.46676115985,-0.223885301551158
"7287","NLRX1",0.0599587266520576,0.941414149548235,3.54191288776612,1,2372.46676115985,0.573552142342818
"1558","MCEE",0.0599604100930409,0.941414149548235,3.54186624191185,1,2372.46676115985,-0.53212013799301
"6316","DNAJB12",0.060002543448154,0.941414149548235,3.54069923789221,1,2372.46676115985,-0.348427392281735
"11246","RPS19",0.0600134051886668,0.941414149548235,3.54039853226592,1,2372.46676115985,0.100439240538835
"11320","OPA3",0.0600476731091357,0.941414149548235,3.53945020966271,1,2372.46676115985,-0.511034758353666
"10306","TTYH2",0.060096979692286,0.941414149548235,3.53808672078162,1,2372.46676115985,-0.41246212617292
"1367","SELENOI",0.0601173724684268,0.941414149548235,3.53752314162955,1,2372.46676115985,0.388530620484976
"11151","ZNF260",0.0601714756557086,0.941414149548235,3.53602891987167,1,2372.46676115985,-0.620218566603485
"4359","MTRES1",0.060303182868428,0.941414149548235,3.5323974007177,1,2372.46676115985,-0.55500969323335
"7191","TMEM123",0.0603452410241202,0.941414149548235,3.53123952360413,1,2372.46676115985,-0.144366955450467
"1338","HS1BP3",0.0603466443091793,0.941414149548235,3.53120090544186,1,2372.46676115985,0.324913838968315
"8124","SLC25A30",0.0603476184437051,0.941414149548235,3.53117409799028,1,2372.46676115985,-0.615858934664854
"442","EPS15",0.0603780401701511,0.941414149548235,3.5303371466598,1,2372.46676115985,0.172589838423006
"2577","RABL3",0.0603969241002569,0.941414149548235,3.52981784473931,1,2372.46676115985,-0.55722519784553
"2219","UBE2E1",0.0604536622402664,0.941414149548235,3.52825860373157,1,2372.46676115985,0.182419887842588
"3545","ARSB",0.060471986246915,0.941414149548235,3.52775536801544,1,2372.46676115985,0.236013073303701
"10371","SEPTIN9",0.0604918276433229,0.941414149548235,3.52721064297905,1,2372.46676115985,0.170669450236667
"4164","ETV7",0.0606241823927637,0.941414149548235,3.52358184009536,1,2372.46676115985,-0.767492984277289
"7586","TMBIM6",0.0607631515484158,0.941414149548235,3.51978075598247,1,2372.46676115985,0.11783531177589
"8312","TM9SF1",0.0608350854220572,0.941414149548235,3.51781685527481,1,2372.46676115985,0.433598319020804
"768","MINDY1",0.0608903680040702,0.941414149548235,3.51630923921918,1,2372.46676115985,0.642673848151034
"473","MROH7",0.0609033054266945,0.941414149548235,3.51595663214013,1,2372.46676115985,0.402113242540945
"6589","INPP5A",0.0610856348350486,0.941414149548235,3.51099574492724,1,2372.46676115985,0.50185104005308
"8240","DCUN1D2",0.0611432308866051,0.941414149548235,3.50943192716524,1,2372.46676115985,0.430836660101747
"1956","NIF3L1",0.0612367494438439,0.941414149548235,3.50689609965083,1,2372.46676115985,0.587723099270678
"4674","CREB5",0.0613666362424553,0.941414149548235,3.50338095467542,1,2372.46676115985,-0.910328647275777
"1464","SLC3A1",0.0613734794429093,0.941414149548235,3.50319597601269,1,2372.46676115985,1.771094563852
"9486","SLC38A7",0.0613852358236749,0.941414149548235,3.50287824038712,1,2372.46676115985,-0.326454444806501
"4273","PHF3",0.0614640686709481,0.941414149548235,3.50074932579939,1,2372.46676115985,0.177134844886415
"2404","ABHD14B",0.0615306808776193,0.941414149548235,3.49895270116583,1,2372.46676115985,0.569159727545249
"4303","TENT5A",0.0616730586954061,0.941414149548235,3.49511951033902,1,2372.46676115985,-0.202015358293667
"487","PATJ",0.0616968829646236,0.941414149548235,3.49447901841332,1,2372.46676115985,1.11857500707644
"4046","NRM",0.0617091898031391,0.941414149548235,3.4941482644486,1,2372.46676115985,-1.36147568697384
"6092","FUT7",0.0618258529427159,0.941414149548235,3.49101635670369,1,2372.46676115985,1.13487748077472
"10746","KDM4B",0.0618753954278378,0.941414149548235,3.48968825684285,1,2372.46676115985,-0.289656930428295
"1284","ZNF669",0.0618835957530656,0.941414149548235,3.48946853764468,1,2372.46676115985,-1.62119501321266
"6768","TCP11L1",0.0619734838468574,0.941414149548235,3.48706211172852,1,2372.46676115985,0.326502282762512
"3297","ETFDH",0.0620135621558163,0.941414149548235,3.4859903599254,1,2372.46676115985,-0.445081336514744
"12832","MT-ND5",0.062058377260423,0.941414149548235,3.48479281328033,1,2372.46676115985,-0.0995989667621644
"4188","TREM2",0.0620957775338047,0.941414149548235,3.4837941106984,1,2372.46676115985,0.178334831667489
"1469","EPAS1",0.0621034987028846,0.941414149548235,3.48358801152604,1,2372.46676115985,0.267807864598518
"10947","CLEC17A",0.0622156361991902,0.941414149548235,3.48059782927807,1,2372.46676115985,1.41608721636048
"12784","RPL10",0.062271018524391,0.941414149548235,3.47912316036709,1,2372.46676115985,0.106252488286133
"8462","MAX",0.062386443961184,0.941414149548235,3.47605420767784,1,2372.46676115985,-0.185990022039088
"7802","SNRPF",0.0624661247735585,0.941414149548235,3.47393916910037,1,2372.46676115985,0.348423421244094
"8678","SNRPN",0.0625480800643051,0.941414149548235,3.4717667554941,1,2372.46676115985,0.281390075788467
"8697","ARHGAP11A",0.0627912835538691,0.941414149548235,3.46533790912336,1,2372.46676115985,-1.20277761586926
"3661","P4HA2",0.0628908323655707,0.941414149548235,3.4627140881744,1,2372.46676115985,-0.599662060893628
"11520","PTPRH",0.0629972998184218,0.941414149548235,3.45991280861592,1,2372.46676115985,1.80708579874328
"8654","INF2",0.0630755459383656,0.941414149548235,3.45785728129593,1,2372.46676115985,0.363453899053146
"2024","CATIP",0.0631277838186145,0.941414149548235,3.45648650429798,1,2372.46676115985,-10
"11841","CTSA",0.0631409450129331,0.941414149548235,3.45614133149621,1,2372.46676115985,0.160912484573142
"852","ASH1L",0.0631970363448484,0.941414149548235,3.45467110898834,1,2372.46676115985,-0.146878412037757
"155","MICOS10",0.0633654573828585,0.941414149548235,3.45026493719467,1,2372.46676115985,0.18061517341968
"134","SZRD1",0.0633684916103007,0.941414149548235,3.45018567140753,1,2372.46676115985,0.236261373951657
"8988","IREB2",0.0633702911567606,0.941414149548235,3.45013866218824,1,2372.46676115985,0.221963156604528
"9213","NAGPA",0.063399504043945,0.941414149548235,3.44937573847167,1,2372.46676115985,-0.526776355048948
"10355","UBALD2",0.0634249678452944,0.941414149548235,3.44871103171472,1,2372.46676115985,0.370573625693366
"7306","GRAMD1B",0.0635661968705122,0.941414149548235,3.44502955162841,1,2372.46676115985,0.379779584335862
"5794","SEMA4D",0.0636391728715145,0.941414149548235,3.44313067157271,1,2372.46676115985,0.373658924843584
"8520","NPC2",0.0636949211772875,0.941414149548235,3.44168163125885,1,2372.46676115985,0.113053474879376
"8905","MAP2K1",0.0641251430744743,0.941414149548235,3.4305443849906,1,2372.46676115985,-0.238229976849702
"12368","LMF2",0.0642050655838354,0.941414149548235,3.4284841982847,1,2372.46676115985,-0.468645200576165
"6785","LDLRAD3",0.064207094549299,0.941414149548235,3.42843193265954,1,2372.46676115985,-0.555121635332703
"1810","PRPF40A",0.0642540777587885,0.941414149548235,3.42722215013271,1,2372.46676115985,-0.181558239260459
"11579","ZNF154",0.0644432742426887,0.941414149548235,3.42236002066204,1,2372.46676115985,1.25992412722157
"9383","ZNF768",0.0645864050772338,0.941414149548235,3.41869183824226,1,2372.46676115985,0.607136149302521
"8497","DPF3",0.0646341271896414,0.941414149548235,3.41747073629542,1,2372.46676115985,-10
"10992","SLC27A1",0.0646794414342405,0.941414149548235,3.41631213690133,1,2372.46676115985,0.300116984443142
"10298","KCNJ2",0.0647407192100089,0.941414149548235,3.41474675787113,1,2372.46676115985,0.866489554100663
"5495","CCN3",0.0648015784302292,0.941414149548235,3.4131936361076,1,2372.46676115985,-10
"1407","ALK",0.0648035693973282,0.941414149548235,3.41314285312015,1,2372.46676115985,-0.910715167605092
"12365","DENND6B",0.0648912027252251,0.941414149548235,3.41090926558939,1,2372.46676115985,0.542890905243038
"2777","TBL1XR1",0.0649141702709816,0.941414149548235,3.41032440427173,1,2372.46676115985,-0.175566398375349
"8358","MIPOL1",0.0649817616311554,0.941414149548235,3.40860449274909,1,2372.46676115985,-10
"4988","SLC26A4",0.065080571346053,0.941414149548235,3.40609364207331,1,2372.46676115985,-10
"7899","MAPKAPK5",0.065105291441003,0.941414149548235,3.40546611712391,1,2372.46676115985,0.36939440916276
"6424","RRP12",0.0651461683474966,0.941414149548235,3.40442900609585,1,2372.46676115985,0.734578524054648
"9622","NECAB2",0.0652695338209637,0.941414149548235,3.40130323994119,1,2372.46676115985,-10
"760","GOLPH3L",0.0654635225856361,0.941414149548235,3.39640080048533,1,2372.46676115985,0.376939080273006
"6925","PLAAT3",0.0655571663776268,0.941414149548235,3.39403980673756,1,2372.46676115985,-1.2647429730734
"7996","DDX55",0.0655711984396114,0.941414149548235,3.39368633382259,1,2372.46676115985,0.490709814947297
"4051","DDR1",0.0655927032361021,0.941414149548235,3.39314477670404,1,2372.46676115985,-2.16914731621956
"9234","AC099489.1",0.0655952993859069,0.941414149548235,3.39307941047461,1,2372.46676115985,-0.956574294133274
"4127","WDR46",0.0656419390440738,0.941414149548235,3.39190558111384,1,2372.46676115985,0.493593603900124
"4643","ABCB5",0.06566405454173,0.941414149548235,3.39134928849121,1,2372.46676115985,2.22004506776823
"12002","MRPS6",0.0657592244783816,0.941414149548235,3.38895766844132,1,2372.46676115985,-0.262428042384418
"12600","RPS4X",0.0658808681009144,0.941414149548235,3.38590614339185,1,2372.46676115985,0.130554050625395
"8374","RPL36AL",0.0659277828414827,0.941414149548235,3.38473085891156,1,2372.46676115985,0.129618153396301
"3909","ZFP62",0.0660255074887299,0.941414149548235,3.38228557718638,1,2372.46676115985,-0.802677065617224
"6482","ACTR1A",0.0660389750538657,0.941414149548235,3.38194889286691,1,2372.46676115985,0.308522019145892
"343","NDUFS5",0.0660548999563699,0.941414149548235,3.3815508706534,1,2372.46676115985,0.161343760107235
"7601","HIGD1C",0.0660717586544863,0.941414149548235,3.38112962115654,1,2372.46676115985,-10
"10604","CCDC102B",0.0661685308659528,0.941414149548235,3.37871378687973,1,2372.46676115985,-0.563480585684878
"1293","PGBD2",0.0662920784447577,0.941414149548235,3.37563501059156,1,2372.46676115985,-1.34335801759004
"3158","STPG2",0.0663300881670079,0.941414149548235,3.37468905077505,1,2372.46676115985,0.47352115016313
"10627","MIER2",0.066500367524346,0.941414149548235,3.37045835519597,1,2372.46676115985,-0.576303567045317
"9728","ZZEF1",0.0667983046875697,0.941414149548235,3.36308370484252,1,2372.46676115985,0.209912393470122
"9273","GDE1",0.066798992010637,0.941414149548235,3.3630667326521,1,2372.46676115985,-0.258453552762615
"5091","NDUFB2",0.0668250271389694,0.941414149548235,3.36242398005759,1,2372.46676115985,-0.193499692349141
"9946","NUFIP2",0.0668944307482347,0.941414149548235,3.36071185815967,1,2372.46676115985,0.176259912467908
"7657","ORMDL2",0.0669122230739226,0.941414149548235,3.36027324403741,1,2372.46676115985,0.436876930436121
"3600","SLCO4C1",0.067175306994404,0.941414149548235,3.35380224950813,1,2372.46676115985,1.94537885750881
"4167","SRSF3",0.0672909968265871,0.941414149548235,3.35096523634073,1,2372.46676115985,0.242841175626574
"6164","MEIG1",0.0673936437033783,0.941414149548235,3.34845243412058,1,2372.46676115985,2.12041133897372
"11935","TNFRSF6B",0.0674131812046262,0.941414149548235,3.34797461854764,1,2372.46676115985,-10
"4252","PTCHD4",0.0674324672170028,0.941414149548235,3.34750309871426,1,2372.46676115985,1.33098630564976
"8799","C15orf48",0.0674808172896918,0.941414149548235,3.34632163133342,1,2372.46676115985,-0.266587301572173
"5738","PGM5",0.0674859092278965,0.941414149548235,3.34619725901352,1,2372.46676115985,-1.73947350041879
"3217","MAD2L1",0.0675789775637914,0.941414149548235,3.34392580002983,1,2372.46676115985,-10
"6566","FAM53B",0.067681073354914,0.941414149548235,3.34143785941406,1,2372.46676115985,0.326314860614109
"9269","ITPRIPL2",0.0677374888499513,0.941414149548235,3.34006480933535,1,2372.46676115985,-0.283142718742796
"10139","ARL17B",0.0677406627301879,0.941414149548235,3.33998759924124,1,2372.46676115985,-0.24546744540439
"11132","ARHGAP33",0.0677986221798416,0.941414149548235,3.33857831621392,1,2372.46676115985,-10
"10794","MAP2K7",0.0678180188483953,0.941414149548235,3.3381069743797,1,2372.46676115985,-0.443049673513424
"67","DNAJC11",0.0679652855264737,0.941414149548235,3.33453307066296,1,2372.46676115985,0.394671263864223
"7060","CPT1A",0.0679695443490002,0.941414149548235,3.33442983982255,1,2372.46676115985,-0.359195265532234
"8300","DHRS4",0.0680119876347066,0.941414149548235,3.33340142266959,1,2372.46676115985,-0.500969467157689
"2667","NCK1",0.0680232394328976,0.941414149548235,3.33312890242041,1,2372.46676115985,0.221657425907588
"7579","TUBA1B",0.0681681156743594,0.941414149548235,3.32962428069937,1,2372.46676115985,0.230544580597968
"659","TMIGD3",0.0682153111897628,0.941414149548235,3.3284843207482,1,2372.46676115985,0.421321489842659
"2435","CACNA1D",0.0682656695902929,0.941414149548235,3.32726889488672,1,2372.46676115985,-1.47891219881648
"7205","AASDHPPT",0.0683996411585393,0.941414149548235,3.32404008842951,1,2372.46676115985,-0.386411905996869
"2347","SLC25A20",0.0684043146664496,0.941414149548235,3.3239275758956,1,2372.46676115985,-0.541633671408515
"874","C1orf61",0.0685832403786388,0.941414149548235,3.3196261986223,1,2372.46676115985,-10
"8550","NGB",0.0687399540017909,0.941414149548235,3.31586865639909,1,2372.46676115985,-10
"4775","TMEM248",0.0687564208117822,0.941414149548235,3.31547436213578,1,2372.46676115985,0.239637486123801
"4507","PLEKHG1",0.0688218469857578,0.941414149548235,3.31390874446825,1,2372.46676115985,2.39947814926176
"1674","UNC50",0.0691050369262431,0.941414149548235,3.30715046811699,1,2372.46676115985,-0.467514543138147
"8761","TMEM87A",0.0691610528536466,0.941414149548235,3.30581717139159,1,2372.46676115985,0.236093665682534
"12584","SNX12",0.0691854748789959,0.941414149548235,3.30523623782254,1,2372.46676115985,-0.59735680537366
"3548","HOMER1",0.069189936764588,0.941414149548235,3.30513012542249,1,2372.46676115985,-1.03779137009961
"696","TTF2",0.0692354360747848,0.941414149548235,3.30404848065144,1,2372.46676115985,0.474846573373959
"8972","FBXO22",0.0693780738218367,0.941414149548235,3.30066251306502,1,2372.46676115985,0.316493814367496
"12061","COL18A1",0.0693886830437021,0.941414149548235,3.30041096685801,1,2372.46676115985,1.30616712912585
"7027","RCE1",0.0695196925416672,0.941414149548235,3.29730810300068,1,2372.46676115985,0.842149124976055
"8026","PGAM5",0.0695357627528741,0.941414149548235,3.29692792311403,1,2372.46676115985,-1.09279767465636
"3863","CDHR2",0.0697645939963174,0.941414149548235,3.2915245525057,1,2372.46676115985,-10
"2322","ALS2CL",0.070076997422445,0.941414149548235,3.28417837418696,1,2372.46676115985,0.983892715379873
"4398","COL10A1",0.070090464733584,0.941414149548235,3.28386247917911,1,2372.46676115985,-10
"7113","TPBGL",0.0701838753461187,0.941414149548235,3.28167318827416,1,2372.46676115985,-10
"11794","RPN2",0.0702034217617188,0.941414149548235,3.28121546843489,1,2372.46676115985,0.185097936295228
"8455","ZBTB1",0.0702119695717702,0.941414149548235,3.28101534665838,1,2372.46676115985,-0.233125169966252
"10015","DDX52",0.0703439451028498,0.941414149548235,3.27792883769991,1,2372.46676115985,-0.302040280074338
"5381","TERF1",0.0703622238320631,0.941414149548235,3.27750184274712,1,2372.46676115985,0.361640698900622
"5151","CHPF2",0.0703836815049209,0.941414149548235,3.27700073865893,1,2372.46676115985,0.495042499823173
"8752","RPAP1",0.0704472257687542,0.941414149548235,3.27551774018129,1,2372.46676115985,0.614565735431126
"3830","SPDL1",0.0706369404153321,0.941414149548235,3.27109868735997,1,2372.46676115985,0.684595186133081
"10894","ZNF709",0.0706905246907121,0.941414149548235,3.26985284413487,1,2372.46676115985,-0.767117821270086
"21","CCNL2",0.0706962381252303,0.941414149548235,3.26972006556437,1,2372.46676115985,-0.340505937461102
"8232","TEX29",0.0707410956895084,0.941414149548235,3.26867798820051,1,2372.46676115985,-10
"2350","WDR6",0.0708009312637003,0.941414149548235,3.26728906162514,1,2372.46676115985,-0.569616240125676
"1222","COG2",0.0708033365692767,0.941414149548235,3.26723325504817,1,2372.46676115985,0.355888730935058
"4617","C7orf26",0.0709965532135903,0.941414149548235,3.26275697511917,1,2372.46676115985,0.620428121388098
"2468","PSMD6",0.0710734680539291,0.941414149548235,3.26097871015927,1,2372.46676115985,-0.418478231267885
"8586","DGLUCY",0.0711018126724041,0.941414149548235,3.26032390506455,1,2372.46676115985,0.198748213248452
"10926","MRI1",0.0711962309054482,0.941414149548235,3.25814471317512,1,2372.46676115985,-0.633767714636321
"9513","LRRC29",0.0715016984699333,0.941414149548235,3.25111563246468,1,2372.46676115985,-0.701217236692786
"3525","NSA2",0.0716001899376544,0.941414149548235,3.24885611974408,1,2372.46676115985,-0.251449769965981
"12797","GAB3",0.0716108516246721,0.941414149548235,3.2486117277988,1,2372.46676115985,-0.292472379507067
"802","S100A13",0.0716518583392861,0.941414149548235,3.24767211716199,1,2372.46676115985,-1.02107460600403
"12590","ZMYM3",0.0719253279715094,0.941414149548235,3.24142066084735,1,2372.46676115985,0.482355641130216
"4055","TCF19",0.0719525347946513,0.941414149548235,3.24080011372839,1,2372.46676115985,-10
"11252","ZNF526",0.0719780057973095,0.941414149548235,3.24021938618742,1,2372.46676115985,0.749827822530276
"7781","CEP290",0.0720560312463033,0.941414149548235,3.23844181174921,1,2372.46676115985,-0.431222548183513
"3239","NOCT",0.072092884357898,0.941414149548235,3.23760294268183,1,2372.46676115985,-0.989543980432851
"12708","GRIA3",0.0720946946999119,0.941414149548235,3.23756174662187,1,2372.46676115985,1.45097662803802
"7733","TMBIM4",0.0722270030615128,0.941414149548235,3.23455394449453,1,2372.46676115985,0.172143751422004
"8960","SCAMP5",0.0722383662998303,0.941414149548235,3.2342958966055,1,2372.46676115985,-2.273031812549
"4311","CYB5R4",0.0722706112246315,0.941414149548235,3.2335638833769,1,2372.46676115985,-0.189275903275199
"10811","ZNF317",0.0723606100141031,0.941414149548235,3.23152261434289,1,2372.46676115985,-0.546741589066685
"8299","AP1G2",0.0724080250385277,0.941414149548235,3.23044828618372,1,2372.46676115985,-0.748562692635017
"3171","SLC39A8",0.0725542961736303,0.941414149548235,3.22713882989732,1,2372.46676115985,-0.26855109061869
"9812","NAA38",0.0726453449855716,0.941414149548235,3.22508241944855,1,2372.46676115985,-0.232121834854359
"7867","UNG",0.0726651444409451,0.941414149548235,3.22463559903552,1,2372.46676115985,-1.32820589847661
"11506","LAIR2",0.0727965589104531,0.941414149548235,3.22167323611496,1,2372.46676115985,1.75464956426794
"6189","SPAG6",0.0728239291458137,0.941414149548235,3.22105697478159,1,2372.46676115985,-10
"8892","UBAP1L",0.0728413521796412,0.941414149548235,3.22066481162261,1,2372.46676115985,0.704296923774507
"4557","WDR27",0.0729341088683479,0.941414149548235,3.21857870821452,1,2372.46676115985,0.433005925747217
"8103","SLC25A15",0.0730135517101069,0.941414149548235,3.21679429688821,1,2372.46676115985,-2.05397963823057
"8791","PATL2",0.0730539772863224,0.941414149548235,3.21588707477014,1,2372.46676115985,0.323598823343516
"8278","MRPL52",0.0730678723911163,0.941414149548235,3.21557536826029,1,2372.46676115985,0.270927774790944
"229","MAP3K6",0.0731952135902285,0.941414149548235,3.21272170544144,1,2372.46676115985,0.930090747359611
"9225","ATF7IP2",0.0732982636995488,0.941414149548235,3.21041629507083,1,2372.46676115985,0.340233581415484
"8839","RAB27A",0.0735546545629641,0.941414149548235,3.20469545310409,1,2372.46676115985,-0.345968792340374
"12356","CRELD2",0.0736613875971833,0.941414149548235,3.20232023183223,1,2372.46676115985,0.595477172258129
"2786","MRPL47",0.0737341366511978,0.941414149548235,3.20070340233374,1,2372.46676115985,-0.367252068169417
"9116","TPSB2",0.0737895733137015,0.941414149548235,3.19947248621685,1,2372.46676115985,0.456279016221749
"1301","RPS7",0.0738352526963164,0.941414149548235,3.19845896700011,1,2372.46676115985,0.122311751309909
"5567","NRBP2",0.0738657667658845,0.941414149548235,3.19778230593641,1,2372.46676115985,-1.0584662231982
"11474","ZNF160",0.07399517271412,0.941414149548235,3.19491601283861,1,2372.46676115985,-0.346205101171593
"6913","HNRNPUL2",0.0740204286167834,0.941414149548235,3.19435723211082,1,2372.46676115985,0.241115076804456
"2531","ALCAM",0.0740234457843244,0.941414149548235,3.19429049170533,1,2372.46676115985,-0.207845142867469
"10148","NPEPPS",0.0740610861363783,0.941414149548235,3.19345812443822,1,2372.46676115985,-0.194309561896068
"6339","PLAU",0.0741068470718686,0.941414149548235,3.19244679294588,1,2372.46676115985,0.408626670523118
"12654","BEX4",0.0741704666216329,0.941414149548235,3.19104189445531,1,2372.46676115985,-0.256847022822621
"4924","C7orf61",0.0742081894204879,0.941414149548235,3.19020948028533,1,2372.46676115985,-1.35752201361916
"12618","BRWD3",0.07433027028467,0.941414149548235,3.18751868291182,1,2372.46676115985,0.23965573561854
"4283","KHDC1",0.0744050496507861,0.941414149548235,3.18587280695845,1,2372.46676115985,1.34621573309181
"12075","XKR3",0.0744972776729228,0.941414149548235,3.18384533642181,1,2372.46676115985,-10
"5549","ZFP41",0.0747543074668356,0.941414149548235,3.17820919128985,1,2372.46676115985,0.748024447766289
"9424","MYLK3",0.0748798844060396,0.941414149548235,3.17546311080086,1,2372.46676115985,-10
"6989","AP5B1",0.0749170281123829,0.941414149548235,3.17465181137445,1,2372.46676115985,0.294015929982857
"12526","CACNA1F",0.0750173866515224,0.941414149548235,3.17246192277457,1,2372.46676115985,-10
"6305","PALD1",0.0751270276533414,0.941414149548235,3.17007308146572,1,2372.46676115985,-10
"9072","ARRDC4",0.0751415753470991,0.941414149548235,3.16975640019673,1,2372.46676115985,-0.477104405807204
"11485","MYADM",0.0752243857505888,0.941414149548235,3.16795499760834,1,2372.46676115985,0.64237660080605
"5154","RHEB",0.0752420418209242,0.941414149548235,3.16757119489928,1,2372.46676115985,0.204093111731972
"514","WLS",0.0752793361957247,0.941414149548235,3.1667608183957,1,2372.46676115985,0.36884837843239
"724","POLR3GL",0.0753669535655557,0.941414149548235,3.16485866101749,1,2372.46676115985,-0.270496072673483
"2193","CCDC174",0.0756818399026269,0.941414149548235,3.15804210988186,1,2372.46676115985,-0.37549225056153
"4462","PERP",0.0758997660330792,0.941414149548235,3.15334235395407,1,2372.46676115985,-10
"5905","COL27A1",0.0759046304309578,0.941414149548235,3.15323761487588,1,2372.46676115985,-10
"12593","OGT",0.075980163654029,0.941414149548235,3.151612176953,1,2372.46676115985,-0.275058310578988
"398","TMEM53",0.0760118197740295,0.941414149548235,3.15093146955141,1,2372.46676115985,0.513860696126724
"11430","SIGLEC9",0.0761403499501539,0.941414149548235,3.14817079048489,1,2372.46676115985,-0.301640128156561
"4530","SERAC1",0.0761515681768222,0.941414149548235,3.14793007389188,1,2372.46676115985,-0.491218248312679
"11493","TMC4",0.0761825946882799,0.941414149548235,3.14726451698641,1,2372.46676115985,0.808389838258148
"11818","TOX2",0.0764971021716257,0.941414149548235,3.14053435800213,1,2372.46676115985,-10
"8539","ERG28",0.076661187762333,0.941414149548235,3.13703489147698,1,2372.46676115985,0.635319322287587
"7472","GSG1",0.0768587496604535,0.941414149548235,3.13283215222107,1,2372.46676115985,-10
"9485","CNOT1",0.0768997206912528,0.941414149548235,3.13196203002067,1,2372.46676115985,-0.208266844640946
"5389","JPH1",0.0769070346666337,0.941414149548235,3.13180675196545,1,2372.46676115985,-10
"12255","C22orf23",0.0769992241739831,0.941414149548235,3.12985090062007,1,2372.46676115985,1.65738123911263
"12815","PRKY",0.0770016846533911,0.941414149548235,3.12979873472684,1,2372.46676115985,0.299694649089923
"9727","ATP2A3",0.0770191448139934,0.941414149548235,3.12942860438587,1,2372.46676115985,-0.404970881665156
"4995","DNAJB9",0.0771624180734623,0.941414149548235,3.12639482393057,1,2372.46676115985,0.557174862687005
"5799","ROR2",0.0772902827121396,0.941414149548235,3.12369243383684,1,2372.46676115985,-10
"11814","SRSF6",0.0773415085484647,0.941414149548235,3.12261113743437,1,2372.46676115985,-0.454764258353896
"5792","CKS2",0.0773938439464287,0.941414149548235,3.12150721589932,1,2372.46676115985,0.548354577562435
"4756","CCT6A",0.0774371663396708,0.941414149548235,3.12059401538342,1,2372.46676115985,0.248393963848357
"6378","ACTA2",0.0775627820584891,0.941414149548235,3.11794924558824,1,2372.46676115985,-0.549554644509762
"11298","NECTIN2",0.0776498816993694,0.941414149548235,3.1161181167448,1,2372.46676115985,-0.253911590196924
"9722","P2RX5",0.0778147716427333,0.941414149548235,3.11265762183377,1,2372.46676115985,1.6616424493645
"10187","CHAD",0.0778801527691534,0.941414149548235,3.11128767384981,1,2372.46676115985,-10
"12651","GPRASP2",0.0780253123292094,0.941414149548235,3.10825052990865,1,2372.46676115985,-10
"12150","LRRC75B",0.0781882533758104,0.941414149548235,3.10484858881454,1,2372.46676115985,1.21832188148096
"9648","ZNF469",0.0782118804960171,0.941414149548235,3.10435592740642,1,2372.46676115985,-1.56736376400318
"10231","GDPD1",0.07821883448256,0.941414149548235,3.10421095674117,1,2372.46676115985,-0.505770025533591
"7204","KBTBD3",0.0782961034343645,0.941414149548235,3.10260105439326,1,2372.46676115985,-0.836067167533507
"4003","TRIM38",0.0783415192102943,0.941414149548235,3.10165561291605,1,2372.46676115985,-0.168125483797588
"4022","ZSCAN31",0.0784256301908661,0.941414149548235,3.09990619359884,1,2372.46676115985,-10
"2581","GOLGB1",0.0784294845496956,0.941414149548235,3.09982607545889,1,2372.46676115985,0.17473599605848
"1070","PHLDA3",0.0785399556835231,0.941414149548235,3.09753158265711,1,2372.46676115985,0.434542703421958
"8496","RGS6",0.0785733217967842,0.941414149548235,3.09683924992219,1,2372.46676115985,-10
"8679","UBE3A",0.0786044492830837,0.941414149548235,3.09619365329119,1,2372.46676115985,-0.189411589210936
"3851","C5orf47",0.078657743988605,0.941414149548235,3.09508893889275,1,2372.46676115985,1.97676798204149
"6403","PLCE1",0.0786615688165497,0.941414149548235,3.09500968731833,1,2372.46676115985,-10
"4857","CYP51A1",0.0788754160186589,0.941414149548235,3.09058530340017,1,2372.46676115985,-0.528286739167842
"10934","IL27RA",0.0789421817051124,0.941414149548235,3.08920660463664,1,2372.46676115985,-0.704710257039104
"4146","ILRUN",0.0790530874424813,0.941414149548235,3.08691919734949,1,2372.46676115985,0.193008229353941
"9629","KLHL36",0.0790635998162115,0.941414149548235,3.0867025613471,1,2372.46676115985,0.309510986565486
"3567","VCAN",0.0791271658424646,0.941414149548235,3.08539327186077,1,2372.46676115985,-0.558698771523675
"8093","ALG5",0.079133164191044,0.941414149548235,3.08526978052364,1,2372.46676115985,0.365300805102783
"1680","MRPL30",0.0792347663619465,0.941414149548235,3.08317957164301,1,2372.46676115985,-0.814232561609207
"3620","YTHDC2",0.0792425013806326,0.941414149548235,3.08302056146574,1,2372.46676115985,0.25575163321662
"8345","EAPP",0.0793423287645814,0.941414149548235,3.08096989194909,1,2372.46676115985,-0.291245805999785
"4936","TRIP6",0.079355304448932,0.941414149548235,3.08070354770959,1,2372.46676115985,0.360121559598082
"7827","NUP37",0.0794110854286942,0.941414149548235,3.07955909883056,1,2372.46676115985,-0.50906914907317
"8596","SLC24A4",0.0794957897421986,0.941414149548235,3.07782289097725,1,2372.46676115985,-1.34486523555484
"5575","CYC1",0.0795936102896721,0.941414149548235,3.07582031593734,1,2372.46676115985,-0.397490599275327
"2521","ABI3BP",0.0796004999807064,0.941414149548235,3.07567937073009,1,2372.46676115985,-10
"7638","CALCOCO1",0.079699324011523,0.941414149548235,3.07365913360171,1,2372.46676115985,0.346188751022951
"8396","GNG2",0.0797465028459359,0.941414149548235,3.07269561976176,1,2372.46676115985,0.253998522311015
"5696","VCP",0.079787732344811,0.941414149548235,3.07185410987754,1,2372.46676115985,0.196061034640176
"4583","NUDT1",0.0798395607000633,0.941414149548235,3.07079693821778,1,2372.46676115985,0.301758732325956
"9243","CPPED1",0.0798720724582576,0.941414149548235,3.07013415552604,1,2372.46676115985,-0.19086920734084
"6790","LRRC4C",0.0798725225505195,0.941414149548235,3.07012498201479,1,2372.46676115985,-10
"8059","NUP58",0.0798995850274081,0.941414149548235,3.06957351321652,1,2372.46676115985,0.220596139089155
"1918","INPP1",0.0799630993889102,0.941414149548235,3.0682800325936,1,2372.46676115985,0.494174575963134
"639","GSTM4",0.0800141035514972,0.941414149548235,3.06724212613545,1,2372.46676115985,-0.78739488345791
"7394","CHD4",0.0800914594389916,0.941414149548235,3.06566933761522,1,2372.46676115985,0.18824546272464
"11614","MZF1",0.080096555007271,0.941414149548235,3.06556579279088,1,2372.46676115985,-0.537033802915028
"10303","C17orf80",0.0801578356563433,0.941414149548235,3.06432109161154,1,2372.46676115985,0.509363435320432
"91","CENPS",0.0802155698692806,0.941414149548235,3.06314936243084,1,2372.46676115985,-0.956459223961826
"5945","RPL35",0.0802239423511798,0.941414149548235,3.06297951650106,1,2372.46676115985,0.115699189984207
"6599","CYP2E1",0.0803438839301686,0.941414149548235,3.06054845313273,1,2372.46676115985,-10
"1009","FAM20B",0.0804735171678351,0.941414149548235,3.05792535038051,1,2372.46676115985,0.418250211284014
"4027","GABBR1",0.0805633105038409,0.941414149548235,3.0561110709906,1,2372.46676115985,-0.588013280745868
"7351","SLC6A12",0.0806538795675854,0.941414149548235,3.05428332658498,1,2372.46676115985,0.836223957130125
"6091","ABCA2",0.0807337582254591,0.941414149548235,3.05267315855876,1,2372.46676115985,-1.1474457370819
"5969","CDK9",0.0809223546077494,0.941414149548235,3.04887830446976,1,2372.46676115985,0.446074856131789
"10112","ASB16",0.0809658222729164,0.941414149548235,3.04800502035031,1,2372.46676115985,-10
"572","GBP5",0.0810586413966496,0.941414149548235,3.04614193664447,1,2372.46676115985,-0.360098120286441
"10096","RUNDC1",0.0810835355384242,0.941414149548235,3.04564264806999,1,2372.46676115985,0.376977398868469
"3325","FBXO8",0.0812862695182624,0.941414149548235,3.04158266988605,1,2372.46676115985,0.426351643052319
"4457","MAP7",0.0813520519418289,0.941414149548235,3.04026765021427,1,2372.46676115985,-0.654206393772138
"2038","CNPPD1",0.0813979470602498,0.941414149548235,3.03935086610624,1,2372.46676115985,-0.533733102190833
"5922","TRAF1",0.081402753963203,0.941414149548235,3.03925487745245,1,2372.46676115985,-1.03371915778494
"85","LZIC",0.0814184966296728,0.941414149548235,3.03894055625408,1,2372.46676115985,0.343063315413375
"7305","CLMP",0.0814399273031771,0.941414149548235,3.03851277260707,1,2372.46676115985,-10
"277","EIF3I",0.0814633334068365,0.941414149548235,3.03804569566099,1,2372.46676115985,0.294678254372493
"2689","TFDP2",0.0815505787761546,0.941414149548235,3.03630595947547,1,2372.46676115985,0.257191942543644
"12412","RAB9A",0.0816318324426976,0.941414149548235,3.03468750830161,1,2372.46676115985,-0.229140147724558
"11407","AP2A1",0.0818874836199799,0.941414149548235,3.02960664250938,1,2372.46676115985,-0.3423641438027
"9146","NTHL1",0.0821376525598322,0.941414149548235,3.02465128585229,1,2372.46676115985,-1.04694920105073
"4388","MFSD4B",0.0821377540800135,0.941414149548235,3.02464927824633,1,2372.46676115985,0.252989467768199
"5518","WASHC5",0.0821504780579028,0.941414149548235,3.02439767723516,1,2372.46676115985,0.2983640551787
"9972","RHBDL3",0.0822259333481854,0.941414149548235,3.02290650598213,1,2372.46676115985,-10
"12371","TYMP",0.082258802063469,0.941414149548235,3.02225740610281,1,2372.46676115985,-0.124916548674066
"2101","MLPH",0.0823700035289136,0.941414149548235,3.02006344611789,1,2372.46676115985,0.7433096967617
"3170","BANK1",0.0825550266711269,0.941414149548235,3.01642009482904,1,2372.46676115985,-1.46232942399718
"12833","MT-ND6",0.0827606763098297,0.941414149548235,3.01238091702554,1,2372.46676115985,-0.187522498079251
"10121","MEIOC",0.0830187648425681,0.941414149548235,3.0073271006197,1,2372.46676115985,1.67257707649053
"5492","MED30",0.0830322708064028,0.941414149548235,3.00706309828661,1,2372.46676115985,-0.67097151137269
"10715","PIP5K1C",0.083091954874245,0.941414149548235,3.00589700362462,1,2372.46676115985,0.340431713371174
"4807","TRIM73",0.083282352150714,0.941414149548235,3.00218310268212,1,2372.46676115985,-0.886960706936663
"7230","DLAT",0.0833379518023172,0.941414149548235,3.00110030335219,1,2372.46676115985,0.414899805617036
"12565","SPIN4",0.0834047536096117,0.941414149548235,2.99980037496269,1,2372.46676115985,1.35052551117554
"9976","CDK5R1",0.083639131682927,0.941414149548235,2.99524838458798,1,2372.46676115985,-10
"11355","PLA2G4C",0.0837364382179493,0.941414149548235,2.99336258809815,1,2372.46676115985,0.378834509175597
"749","APH1A",0.083793303775682,0.941414149548235,2.99226163250511,1,2372.46676115985,-0.231217353306188
"6286","SLC25A16",0.0840161611259987,0.941414149548235,2.9879547366384,1,2372.46676115985,-0.424088073338557
"8738","KNL1",0.0840944454006442,0.941414149548235,2.98644476169973,1,2372.46676115985,-2.02893798048776
"6545","INPP5F",0.0841155580051814,0.941414149548235,2.98603779450801,1,2372.46676115985,-0.454074188622688
"10235","PTRH2",0.0842217604189662,0.941414149548235,2.98399230760218,1,2372.46676115985,0.403169772252348
"483","FGGY",0.0843103594883395,0.941414149548235,2.98228799888504,1,2372.46676115985,0.197432121362491
"6748","FANCF",0.0843467673572232,0.941414149548235,2.98158821157057,1,2372.46676115985,0.753575909111274
"6078","EGFL7",0.0843700403859951,0.941414149548235,2.98114105715091,1,2372.46676115985,-0.781875783335842
"6299","AIFM2",0.0844953905252362,0.941414149548235,2.97873494466662,1,2372.46676115985,-0.487140678702546
"9278","GPRC5B",0.0845107347398782,0.941414149548235,2.97844067569853,1,2372.46676115985,-10
"6733","SERGEF",0.084582201413326,0.941414149548235,2.97707085993175,1,2372.46676115985,0.31286335501529
"7203","MSANTD4",0.0846012129129171,0.941414149548235,2.97670667360211,1,2372.46676115985,-0.619037079155732
"8279","MMP14",0.0846217261117165,0.941414149548235,2.97631381984122,1,2372.46676115985,0.212910010324505
"955","FAM78B",0.0846544826480679,0.941414149548235,2.97568670419039,1,2372.46676115985,-10
"10093","AOC2",0.0847681621632985,0.941414149548235,2.97351237298017,1,2372.46676115985,-10
"7919","SDS",0.0849539226382682,0.941414149548235,2.96996614020519,1,2372.46676115985,-0.255808976991356
"6508","ADD3",0.084975490319716,0.941414149548235,2.96955494925262,1,2372.46676115985,-0.25962176335464
"9345","NPIPB12",0.085046185987191,0.941414149548235,2.96820791745973,1,2372.46676115985,1.60526084078137
"10228","SKA2",0.0851368050078731,0.941414149548235,2.9664830378908,1,2372.46676115985,0.44145860358685
"11267","ZNF576",0.085194587065117,0.941414149548235,2.96538422748513,1,2372.46676115985,-0.716951466276018
"3862","RNF44",0.0852183909320157,0.941414149548235,2.96493179663825,1,2372.46676115985,-0.623552141485833
"2471","SLC25A26",0.0852695595059969,0.941414149548235,2.96395971822612,1,2372.46676115985,-0.322587343864603
"1708","RANBP2",0.0852778555769447,0.941414149548235,2.96380217253568,1,2372.46676115985,-0.212304792411442
"4850","CFAP69",0.0852798805643265,0.941414149548235,2.96376371973743,1,2372.46676115985,1.51988969017
"11022","KLHL26",0.0853832890096405,0.941414149548235,2.96180139336061,1,2372.46676115985,0.681621080904237
"4599","SLC29A4",0.0854096014028331,0.941414149548235,2.96130248773725,1,2372.46676115985,-10
"11876","ADNP",0.0854441062853889,0.941414149548235,2.96064849750869,1,2372.46676115985,-0.219491329060242
"4309","RWDD2A",0.0855170069851765,0.941414149548235,2.95926770944447,1,2372.46676115985,-1.31164001113761
"3209","ANK2",0.0856221914317248,0.941414149548235,2.95727768928344,1,2372.46676115985,0.692836886661331
"7831","HSP90B1",0.0857370160189702,0.941414149548235,2.95510830297143,1,2372.46676115985,0.164068586996318
"11921","OGFR",0.0858583046198124,0.941414149548235,2.95282020485822,1,2372.46676115985,0.244419981764443
"12149","GGT1",0.0858942296772432,0.941414149548235,2.95214315369716,1,2372.46676115985,-10
"4686","PDE1C",0.0859504018350116,0.941414149548235,2.95108513565224,1,2372.46676115985,1.84779088427278
"5289","ZNF703",0.0859524479714286,0.941414149548235,2.95104661024257,1,2372.46676115985,0.682360824099826
"12229","FOXRED2",0.0862171663847219,0.941414149548235,2.94607075132681,1,2372.46676115985,-0.950519079276023
"708","SRGAP2C",0.0862307271726599,0.941414149548235,2.94581629750997,1,2372.46676115985,-0.247070643013061
"2328","PTPN23",0.086239190117475,0.941414149548235,2.94565752127657,1,2372.46676115985,-0.509218003826966
"5558","EEF1D",0.0862984659901085,0.941414149548235,2.94454589889284,1,2372.46676115985,0.142312112448242
"10471","L3MBTL4",0.0863139866751542,0.941414149548235,2.94425497033383,1,2372.46676115985,0.212584218124849
"9377","ZNF48",0.0864069569924109,0.941414149548235,2.94251346700154,1,2372.46676115985,-1.11874485002388
"10185","LRRC59",0.0865109980170668,0.941414149548235,2.94056699375544,1,2372.46676115985,0.340249956018055
"9740","PSMB6",0.0866544768803554,0.941414149548235,2.93788684464038,1,2372.46676115985,-0.227085243461717
"1303","RSAD2",0.0866949454878504,0.941414149548235,2.93713177023611,1,2372.46676115985,-0.273633487550595
"2621","PODXL2",0.0868180108002955,0.941414149548235,2.93483792759992,1,2372.46676115985,1.60433488093852
"7730","LEMD3",0.0869669043985325,0.941414149548235,2.93206736996484,1,2372.46676115985,-0.312045731537326
"10447","RAB40B",0.08713841266389,0.941414149548235,2.92888236902865,1,2372.46676115985,0.937560741901083
"3973","JARID2",0.0871571944274712,0.941414149548235,2.9285339942537,1,2372.46676115985,-0.147360452723733
"11933","STMN3",0.0871961094691398,0.941414149548235,2.92781243485651,1,2372.46676115985,-10
"11621","TBC1D20",0.0872214079365124,0.941414149548235,2.92734353995628,1,2372.46676115985,-0.331708575763594
"3156","BMPR1B",0.0872223678862286,0.941414149548235,2.92732575065313,1,2372.46676115985,2.64733512278375
"7758","TBC1D15",0.0874291354914991,0.941414149548235,2.92349897418687,1,2372.46676115985,0.26095223242253
"3633","TNFAIP8",0.0874488934085173,0.941414149548235,2.92313381562562,1,2372.46676115985,-0.166147730094363
"1448","CDKL4",0.0876366143538461,0.941414149548235,2.91966888020746,1,2372.46676115985,-2.13001194414427
"10248","MED13",0.0876631842922041,0.941414149548235,2.91917910475945,1,2372.46676115985,-0.164313384121018
"10874","ZNF627",0.0877227864336978,0.941414149548235,2.91808101713411,1,2372.46676115985,-0.529516864184242
"10770","TNFSF9",0.0877499232992816,0.941414149548235,2.91758132554073,1,2372.46676115985,0.524626889926487
"6147","DHTKD1",0.0877931217240416,0.941414149548235,2.91678622579453,1,2372.46676115985,0.420274445978682
"4882","LMTK2",0.0878243970703389,0.941414149548235,2.91621084396509,1,2372.46676115985,0.696364324532876
"763","CTSK",0.0878432418256625,0.941414149548235,2.9158642586362,1,2372.46676115985,0.607148030309026
"12488","CDK16",0.087907807925279,0.941414149548235,2.9146773951987,1,2372.46676115985,-0.48570553704208
"5372","CSPP1",0.0879815382879715,0.941414149548235,2.91332322814684,1,2372.46676115985,0.36143337619272
"6958","PPP2R5B",0.0879883775106249,0.941414149548235,2.91319767807579,1,2372.46676115985,0.573592023065826
"1765","UGGT1",0.0880192396298386,0.941414149548235,2.91263126261013,1,2372.46676115985,-0.305702898391523
"10508","CABLES1",0.0880498869570184,0.941414149548235,2.9120690022789,1,2372.46676115985,0.288596000380223
"11569","ZNF419",0.0880733523352572,0.941414149548235,2.91163864643363,1,2372.46676115985,-1.11755070671613
"11241","BCKDHA",0.0881884656607347,0.941414149548235,2.90952926333477,1,2372.46676115985,0.370406125260514
"6904","B3GAT3",0.088263889310855,0.941414149548235,2.90814878813783,1,2372.46676115985,0.368230819569304
"2386","ZMYND10",0.0883178656499343,0.941414149548235,2.90716164699893,1,2372.46676115985,-10
"3740","PCDHGA8",0.0883766027062296,0.941414149548235,2.90608818297,1,2372.46676115985,-10
"7779","TMTC2",0.0884099441546655,0.941414149548235,2.90547918701352,1,2372.46676115985,-0.383873731026552
"10580","WDR7",0.0885102888320759,0.941414149548235,2.9036478498224,1,2372.46676115985,-0.169077444209631
"7357","RAD52",0.0885340199540847,0.941414149548235,2.90321507498694,1,2372.46676115985,-0.515424626237983
"2940","BLOC1S4",0.0885363650834818,0.941414149548235,2.90317231464517,1,2372.46676115985,-0.505520218350818
"10535","INO80C",0.0885544106472008,0.941414149548235,2.90284331867728,1,2372.46676115985,0.505768063538812
"5425","PIP4P2",0.0886136168914196,0.941414149548235,2.90176441611647,1,2372.46676115985,0.304375727074746
"12386","ASMTL",0.0886511935838445,0.941414149548235,2.90108006968521,1,2372.46676115985,-0.425906989263665
"6048","SURF4",0.0886606617090046,0.941414149548235,2.90090768588704,1,2372.46676115985,0.248779373607106
"12109","RTN4R",0.0887223934746327,0.941414149548235,2.89978424025901,1,2372.46676115985,1.55832920448162
"7921","RBM19",0.08873332463132,0.941414149548235,2.89958539440774,1,2372.46676115985,-0.46868434041141
"1719","MERTK",0.0888375090145685,0.941414149548235,2.89769153557237,1,2372.46676115985,-0.196857188664904
"6620","SLC25A22",0.089018046973714,0.941414149548235,2.89441542289091,1,2372.46676115985,-2.01812127063783
"5530","NDRG1",0.0890905176853904,0.941414149548235,2.89310236785512,1,2372.46676115985,-0.298737204136212
"5249","SLC25A37",0.0891127353982725,0.941414149548235,2.89270005000486,1,2372.46676115985,-0.465785399817814
"12657","TCEAL9",0.0891791259986932,0.941414149548235,2.89149849865976,1,2372.46676115985,-0.292548221454582
"11237","CCDC97",0.0892169020611235,0.941414149548235,2.8908152525175,1,2372.46676115985,-0.507575309244692
"10982","ANKLE1",0.0893014574384051,0.941414149548235,2.88928705764412,1,2372.46676115985,1.57512278882147
"4889","ARPC1B",0.0893553731549001,0.941414149548235,2.88831344214797,1,2372.46676115985,0.104697070563425
"9926","SPAG5",0.0894866388854336,0.941414149548235,2.88594569512887,1,2372.46676115985,-10
"2720","MED12L",0.0895263600733451,0.941414149548235,2.88522995444219,1,2372.46676115985,1.67789716530019
"601","SNX7",0.0897560716807853,0.941414149548235,2.88109750260492,1,2372.46676115985,-1.32064492769365
"7158","TMEM135",0.0898317666769505,0.941414149548235,2.87973828343349,1,2372.46676115985,0.293101098468363
"6534","RAB11FIP2",0.0898331045083526,0.941414149548235,2.87971427181059,1,2372.46676115985,-0.346760779949354
"5031","LEP",0.0900406254566372,0.941414149548235,2.87599434351379,1,2372.46676115985,-10
"8077","USPL1",0.0902063798955335,0.941414149548235,2.87302978299892,1,2372.46676115985,-0.31066328240883
"1472","PIGF",0.0904009769924956,0.941414149548235,2.86955690275313,1,2372.46676115985,-0.378445176415064
"3214","USP53",0.0904442904420258,0.941414149548235,2.86878501303795,1,2372.46676115985,0.426502780820876
"12069","YBEY",0.0905529412107114,0.941414149548235,2.86685051093643,1,2372.46676115985,-0.631272074937874
"8937","CELF6",0.0907119118917748,0.941414149548235,2.86402461184583,1,2372.46676115985,0.409821813574714
"12324","A4GALT",0.0907368474782247,0.941414149548235,2.86358183920941,1,2372.46676115985,0.786767809595387
"11330","CCDC61",0.0907765249890251,0.941414149548235,2.86287757167191,1,2372.46676115985,-1.10590743427429
"949","NUF2",0.0907903683733357,0.941414149548235,2.86263193316188,1,2372.46676115985,1.10542222134237
"12204","PIK3IP1",0.0908427887657981,0.941414149548235,2.86170214859014,1,2372.46676115985,0.415866683432235
"1556","TEX261",0.0908743287083435,0.941414149548235,2.86114300294079,1,2372.46676115985,0.391935690480292
"11680","TASP1",0.0911039652570097,0.941414149548235,2.85707830983893,1,2372.46676115985,-0.467853248355507
"2727","ARHGEF26",0.0911353170837164,0.941414149548235,2.85652422891407,1,2372.46676115985,-10
"1445","MORN2",0.0911869590941219,0.941414149548235,2.85561201083783,1,2372.46676115985,0.495133107314502
"12733","FAM122C",0.0911977600219344,0.941414149548235,2.85542129137482,1,2372.46676115985,-0.6072893013571
"3146","NAP1L5",0.0912728619249537,0.941414149548235,2.85409584325249,1,2372.46676115985,-2.07053692415895
"3717","CXXC5",0.091288347270352,0.941414149548235,2.85382269497395,1,2372.46676115985,0.206744319135137
"833","FLAD1",0.0913283453622308,0.941414149548235,2.85311739565622,1,2372.46676115985,-0.587716223466758
"9414","ITGAM",0.0913571836843501,0.941414149548235,2.85260908836925,1,2372.46676115985,0.228491266448488
"4202","TRERF1",0.0913617881922502,0.941414149548235,2.85252794497157,1,2372.46676115985,0.221012237378397
"5318","VDAC3",0.0913631981682764,0.941414149548235,2.85250309841771,1,2372.46676115985,0.242348927049284
"6134","IL2RA",0.0914798878023085,0.941414149548235,2.85044824014265,1,2372.46676115985,0.600948332551843
"5469","KLF10",0.0914873087543599,0.941414149548235,2.85031765645319,1,2372.46676115985,0.465792423009996
"8690","FAN1",0.0915127187863779,0.941414149548235,2.84987061288568,1,2372.46676115985,0.386168515061351
"1995","IDH1",0.0915333569315649,0.941414149548235,2.84950762129694,1,2372.46676115985,0.175416465166086
"7061","MRPL21",0.0915622739867902,0.941414149548235,2.8489991666576,1,2372.46676115985,0.314854570787908
"9501","CES4A",0.0915973614952995,0.941414149548235,2.84838244992615,1,2372.46676115985,-1.99489789170969
"8710","LPCAT4",0.0916932670538975,0.941414149548235,2.84669807180418,1,2372.46676115985,-1.13508636328075
"9463","MT1X",0.09175458038442,0.941414149548235,2.84562223595212,1,2372.46676115985,-0.597503184513522
"12684","KLHL13",0.0917675840982845,0.941414149548235,2.8453941663975,1,2372.46676115985,0.911107675925938
"9791","KCTD11",0.0917835472530523,0.941414149548235,2.84511423981784,1,2372.46676115985,0.787939999306017
"7681","PAN2",0.0918137827520059,0.941414149548235,2.84458418136357,1,2372.46676115985,-0.971534360614466
"6409","ALDH18A1",0.0918553776322233,0.941414149548235,2.84385529157486,1,2372.46676115985,0.836591234623925
"12116","PI4KA",0.0918677994813376,0.941414149548235,2.84363768629748,1,2372.46676115985,0.196389655334581
"9891","PRPSAP2",0.0919742417143594,0.941414149548235,2.84177434721148,1,2372.46676115985,0.331072124872906
"5312","GPAT4",0.091996816429937,0.941414149548235,2.84137946372267,1,2372.46676115985,-0.345712002828569
"5610","DOCK8",0.092017684245469,0.941414149548235,2.84101453150082,1,2372.46676115985,-0.114640053895803
"9906","TMEM11",0.0920232025011982,0.941414149548235,2.84091804437855,1,2372.46676115985,-0.455943268318449
"6077","NOTCH1",0.0922983679600572,0.941414149548235,2.83611471559781,1,2372.46676115985,0.399496804916626
"1775","GPR39",0.0924550903463472,0.941414149548235,2.83338590040947,1,2372.46676115985,2.55174495271098
"4403","RWDD1",0.0924680181187079,0.941414149548235,2.83316102951343,1,2372.46676115985,0.22608475604285
"10210","COIL",0.0925490933358105,0.941414149548235,2.83175155344105,1,2372.46676115985,-0.489284375331122
"11487","OSCAR",0.0926118768998137,0.941414149548235,2.83066099616531,1,2372.46676115985,-0.230875401434975
"10743","PLIN3",0.0926325576268256,0.941414149548235,2.83030194572788,1,2372.46676115985,0.204781188052378
"9149","RAB26",0.0926470572694982,0.941414149548235,2.83005026076353,1,2372.46676115985,-10
"3649","PRRC1",0.0927324808234924,0.941414149548235,2.82856834678798,1,2372.46676115985,0.372442850540636
"10302","FAM104A",0.0927543194482435,0.941414149548235,2.82818973214579,1,2372.46676115985,-0.354350698337315
"1380","CAD",0.0931749679026108,0.941414149548235,2.82091584194342,1,2372.46676115985,-0.874457222773979
"822","ATP8B2",0.0931865355266968,0.941414149548235,2.8207163185358,1,2372.46676115985,0.798007123378875
"231","AHDC1",0.0932793908317463,0.941414149548235,2.81911568546819,1,2372.46676115985,0.481117406411104
"7754","ZFC3H1",0.0933218049525957,0.941414149548235,2.8183851305553,1,2372.46676115985,-0.191346015810223
"12328","MCAT",0.0933327428585216,0.941414149548235,2.81819679101927,1,2372.46676115985,0.819288295780201
"1832","FAP",0.0933953952639382,0.941414149548235,2.8171184433013,1,2372.46676115985,-10
"9113","RPUSD1",0.0935220585163653,0.941414149548235,2.81494076899724,1,2372.46676115985,-0.924612281563214
"1577","BOLA3",0.0936078881966773,0.941414149548235,2.81346695449051,1,2372.46676115985,0.401024081993929
"3295","TMEM144",0.093615118456593,0.941414149548235,2.81334286807249,1,2372.46676115985,0.269854445718555
"1631","CHMP3",0.0936153237570667,0.941414149548235,2.81333934483823,1,2372.46676115985,0.163894182317895
"10988","PLVAP",0.0936254625563246,0.941414149548235,2.81316535976721,1,2372.46676115985,-10
"5269","EXTL3",0.0936256884190956,0.941414149548235,2.81316148412255,1,2372.46676115985,0.393579403387932
"5221","ATP6V1B2",0.0936393363970203,0.941414149548235,2.81292731339918,1,2372.46676115985,0.163073031664626
"8590","TC2N",0.0937407105028074,0.941414149548235,2.81118910769941,1,2372.46676115985,-10
"8116","ENOX1",0.0939244242859643,0.941414149548235,2.80804427585884,1,2372.46676115985,-10
"4159","SRPK1",0.0940132521561493,0.941414149548235,2.8065261113103,1,2372.46676115985,-0.337549858312239
"53","C1orf174",0.0941805880170814,0.941414149548235,2.80367039666872,1,2372.46676115985,-0.67121605673155
"11698","SMIM26",0.0941933941544055,0.941414149548235,2.80345207768748,1,2372.46676115985,0.240682699675594
"7772","SYT1",0.0942428231633221,0.941414149548235,2.80260971507594,1,2372.46676115985,-0.544009649498034
"7594","CERS5",0.0942897001622827,0.941414149548235,2.80181128772561,1,2372.46676115985,-0.326535573950539
"1378","SLC5A6",0.0943298234070722,0.941414149548235,2.80112823611807,1,2372.46676115985,0.696320859736004
"10672","ABHD17A",0.094412980842937,0.941414149548235,2.79971358401674,1,2372.46676115985,-0.267093486409605
"10034","STARD3",0.094467159180499,0.941414149548235,2.79879264625046,1,2372.46676115985,0.254553607889572
"1712","SOWAHC",0.0946105919926891,0.941414149548235,2.79635731114515,1,2372.46676115985,-0.877542255994087
"11422","NAPSA",0.0946290078106072,0.941414149548235,2.79604492158361,1,2372.46676115985,-10
"1194","SDE2",0.0948770907702286,0.941414149548235,2.79184310430431,1,2372.46676115985,0.491990801448566
"9907","NATD1",0.0949015967402559,0.941414149548235,2.79142869260498,1,2372.46676115985,0.751568010577929
"8440","PPM1A",0.0949387121800272,0.941414149548235,2.79080126855133,1,2372.46676115985,0.268627036229051
"7834","GLT8D2",0.0949573381778327,0.941414149548235,2.79048650297545,1,2372.46676115985,-10
"3113","SCD5",0.0950892845816717,0.941414149548235,2.78825863017253,1,2372.46676115985,0.769269965923444
"7378","AKAP3",0.0951583274705304,0.941414149548235,2.78709420468285,1,2372.46676115985,1.08368817482652
"5999","ENDOG",0.0951596335048268,0.941414149548235,2.78707218695954,1,2372.46676115985,-0.614489460791989
"10801","NDUFA7",0.0952128764312023,0.941414149548235,2.78617487350094,1,2372.46676115985,0.288062628928307
"3054","NOA1",0.0952289314678547,0.941414149548235,2.78590440208614,1,2372.46676115985,0.506537407788472
"4105","HLA-DRB1",0.0953002189199603,0.941414149548235,2.78470405662898,1,2372.46676115985,0.196587563621812
"2791","DNAJC19",0.0953969930168388,0.941414149548235,2.78307612877461,1,2372.46676115985,-0.394427210493952
"8675","CYFIP1",0.0955480327650369,0.941414149548235,2.7805389395498,1,2372.46676115985,-0.140833050805465
"5758","CARNMT1",0.095633289852029,0.941414149548235,2.77910870653327,1,2372.46676115985,0.444735473922688
"1501","VRK2",0.095637285760621,0.941414149548235,2.77904170712773,1,2372.46676115985,-0.199976351074779
"6457","SEMA4G",0.095701985925202,0.941414149548235,2.77795730372332,1,2372.46676115985,-10
"525","FPGT",0.095780851524431,0.941414149548235,2.77663656125,1,2372.46676115985,-0.424633197722629
"9739","GLTPD2",0.0958089678955177,0.941414149548235,2.7761659899518,1,2372.46676115985,-10
"596","F3",0.0958454761862101,0.941414149548235,2.77555519132241,1,2372.46676115985,-10
"3903","TBC1D9B",0.0960515432968716,0.941414149548235,2.7721123522189,1,2372.46676115985,0.204309432715884
"1452","SLC8A1",0.096148095587537,0.941414149548235,2.77050198620305,1,2372.46676115985,-0.130201005896831
"222","GPN2",0.096337515647917,0.941414149548235,2.76734782231686,1,2372.46676115985,0.42458439880754
"6597","MTG1",0.0964595231717973,0.941414149548235,2.7653197687474,1,2372.46676115985,-0.35983573108404
"3775","TIGD6",0.0964862978866804,0.941414149548235,2.76487508387604,1,2372.46676115985,-1.24039952793733
"12059","ADARB1",0.0965335330005629,0.941414149548235,2.76409091268529,1,2372.46676115985,-0.472761696559806
"4501","LATS1",0.0966415690582566,0.941414149548235,2.76229892952548,1,2372.46676115985,0.221710074405796
"1419","YIPF4",0.0969421960889631,0.941414149548235,2.75732393290666,1,2372.46676115985,-0.246495097950928
"3757","PLAC8L1",0.0970052888499805,0.941414149548235,2.75628196371095,1,2372.46676115985,-10
"11364","KCNJ14",0.0970135302069186,0.941414149548235,2.75614591329499,1,2372.46676115985,-1.9340121789946
"9510","EXOC3L1",0.0973258111914443,0.941414149548235,2.75099996753474,1,2372.46676115985,-10
"9182","TIGD7",0.0973699589598253,0.941414149548235,2.75027392855126,1,2372.46676115985,0.683795625804337
"676","AP4B1",0.0974212951255081,0.941414149548235,2.74943012311558,1,2372.46676115985,0.664880622874608
"2532","CBLB",0.0975077044088703,0.941414149548235,2.74801092054262,1,2372.46676115985,-0.197071194840507
"2361","USP4",0.0975523430967084,0.941414149548235,2.74727830361529,1,2372.46676115985,-0.196848286997556
"5560","PYCR3",0.0975745515364015,0.941414149548235,2.74691395156764,1,2372.46676115985,1.6118589545956
"11685","SNRPB2",0.0976073574307682,0.941414149548235,2.74637590300615,1,2372.46676115985,-0.260023960518316
"4699","ANLN",0.0978336926496121,0.941414149548235,2.74266915377223,1,2372.46676115985,-10
"9830","NDEL1",0.0979675765412764,0.941414149548235,2.74048090557616,1,2372.46676115985,-0.312888189432074
"2830","RFC4",0.0980327695909816,0.941414149548235,2.7394165472895,1,2372.46676115985,-1.02393552392004
"8259","RNASE4",0.0980923728281176,0.941414149548235,2.7384441254724,1,2372.46676115985,0.379233126963773
"3392","MYO10",0.0982068997681164,0.941414149548235,2.73657743685942,1,2372.46676115985,-0.380782073233431
"8734","BAHD1",0.0982497967920389,0.941414149548235,2.73587886460702,1,2372.46676115985,-0.591778805669342
"12364","PLXNB2",0.0982581125997247,0.941414149548235,2.73574348132552,1,2372.46676115985,0.18338940392239
"4175","RNF8",0.0983312071230535,0.941414149548235,2.73455402335071,1,2372.46676115985,0.330213548092994
"7717","SLC16A7",0.0983324553194816,0.941414149548235,2.73453371998986,1,2372.46676115985,0.994998663867835
"2260","ACAA1",0.0984403792322329,0.941414149548235,2.73277927553384,1,2372.46676115985,0.265849095215923
"4481","LTV1",0.0984968846062796,0.941414149548235,2.73186154402426,1,2372.46676115985,0.440925922268706
"6162","SUV39H2",0.0985880914134876,0.941414149548235,2.73038142148806,1,2372.46676115985,-1.47554435308594
"8595","CPSF2",0.0985976599498659,0.941414149548235,2.73022622799504,1,2372.46676115985,0.221249339848136
"11595","ZNF274",0.0987413877968493,0.941414149548235,2.72789706163905,1,2372.46676115985,-0.353255813839682
"10757","NDUFA11",0.0989307441761857,0.941414149548235,2.72483411205803,1,2372.46676115985,0.171129011462132
"7439","PZP",0.098947638483392,0.941414149548235,2.7245611479369,1,2372.46676115985,-10
"7718","TAFA2",0.0990954273925373,0.941414149548235,2.72217546594845,1,2372.46676115985,0.310334191383565
"12078","HDHD5",0.099100549928256,0.941414149548235,2.72209284512233,1,2372.46676115985,-0.39960118640301
"12311","SEPTIN3",0.0991292328958092,0.941414149548235,2.72163030679509,1,2372.46676115985,-10
"12517","TFE3",0.0991695190182086,0.941414149548235,2.72098090406442,1,2372.46676115985,0.310418815478243
"7220","ZC3H12C",0.0991716547497484,0.941414149548235,2.7209464846219,1,2372.46676115985,-0.330439367201098
"6835","PTPRJ",0.0994065839157544,0.941414149548235,2.71716530168362,1,2372.46676115985,-0.123434448074352
"6789","RAG1",0.0995589683979377,0.941414149548235,2.71471789044303,1,2372.46676115985,1.05385747357186
"9588","RFWD3",0.0996130388065401,0.941414149548235,2.71385046189964,1,2372.46676115985,-0.411928085270635
"7322","HYLS1",0.0996859006888356,0.941414149548235,2.71268238305681,1,2372.46676115985,-1.52957900881729
"9286","DNAH3",0.0997523479371775,0.941414149548235,2.71161795281833,1,2372.46676115985,-10
"7227","FDXACB1",0.0998425778167047,0.941414149548235,2.71017378404174,1,2372.46676115985,-1.91208292311208
"10413","PDE6G",0.0999433742839178,0.941414149548235,2.70856217787284,1,2372.46676115985,0.955733939712407
"3695","SMAD5",0.100009415657511,0.941414149548235,2.70750722386135,1,2372.46676115985,-0.247162107248063
"2283","TRAK1",0.100067645418528,0.941414149548235,2.7065776849967,1,2372.46676115985,-0.188525781046695
"5231","SLC39A14",0.100254718724618,0.941414149548235,2.7035953740873,1,2372.46676115985,0.918930614337836
"1365","HADHB",0.100266038958546,0.941414149548235,2.70341510283175,1,2372.46676115985,0.165555314504406
"8820","SPPL2A",0.10038941582289,0.941414149548235,2.70145180538573,1,2372.46676115985,0.151758015239419
"8281","RBM23",0.100506098115587,0.941414149548235,2.69959746395872,1,2372.46676115985,0.258382986644141
"1716","BUB1",0.100587648979531,0.941414149548235,2.69830283582718,1,2372.46676115985,-1.51071236672838
"7924","MAP1LC3B2",0.100588975458513,0.941414149548235,2.69828178732564,1,2372.46676115985,0.942993152421741
"7253","SIDT2",0.100631728744169,0.941414149548235,2.69760354280761,1,2372.46676115985,0.311707471292754
"5277","RBPMS",0.100746985418367,0.941414149548235,2.6957766619819,1,2372.46676115985,-10
"8362","PNN",0.101039834514711,0.941414149548235,2.69114510569866,1,2372.46676115985,-0.224095693605534
"11744","ACTL10",0.101270331981133,0.941414149548235,2.68750998442943,1,2372.46676115985,-10
"10095","PTGES3L",0.101294807119281,0.941414149548235,2.68712452433059,1,2372.46676115985,-10
"6771","CD59",0.101447885917296,0.941414149548235,2.68471598793762,1,2372.46676115985,-0.196227826470569
"1351","ITSN2",0.101460539482384,0.941414149548235,2.68451707510474,1,2372.46676115985,0.144469425532321
"12741","INTS6L",0.10165974792494,0.941414149548235,2.68138910928589,1,2372.46676115985,0.300749745759005
"4842","CROT",0.101762506492893,0.941414149548235,2.67977821750794,1,2372.46676115985,-0.521053553079842
"9562","PDPR",0.101787698123088,0.941414149548235,2.67938357326051,1,2372.46676115985,-0.301840655917193
"3519","ANKRA2",0.101914784574809,0.941414149548235,2.6773943045149,1,2372.46676115985,0.36491842166885
"9037","HAPLN3",0.101934434264346,0.941414149548235,2.67708697261226,1,2372.46676115985,-10
"11833","DBNDD2",0.10215648524373,0.941414149548235,2.67361847275393,1,2372.46676115985,0.284034163294993
"1977","CYP20A1",0.102162683371828,0.941414149548235,2.67352177461723,1,2372.46676115985,-0.26925214231506
"11449","ZNF613",0.102251099253856,0.941414149548235,2.67214308081445,1,2372.46676115985,0.681517419333068
"8709","NOP10",0.102301579327748,0.941414149548235,2.67135651578013,1,2372.46676115985,-0.185654667513383
"11452","ZNF614",0.102305516312126,0.941414149548235,2.67129518875487,1,2372.46676115985,-0.991232569150102
"663","DDX20",0.102325634686444,0.941414149548235,2.67098184199299,1,2372.46676115985,0.482990033383846
"9130","MAPK8IP3",0.102382207326138,0.941414149548235,2.67010107574573,1,2372.46676115985,-0.315731043041724
"5371","COPS5",0.102453753140808,0.941414149548235,2.66898795817324,1,2372.46676115985,0.295920695219067
"7360","FBXL14",0.102530034231306,0.941414149548235,2.66780210548389,1,2372.46676115985,0.567136187719573
"1563","EXOC6B",0.102554025123759,0.941414149548235,2.66742934683086,1,2372.46676115985,0.212999202804392
"4933","GIGYF1",0.102755766552535,0.941414149548235,2.66429855956897,1,2372.46676115985,-0.408891516276767
"5844","ANKS6",0.10276962733669,0.941414149548235,2.66408370377665,1,2372.46676115985,-1.97200347902949
"3230","PLK4",0.102813702866621,0.941414149548235,2.66340070048726,1,2372.46676115985,-10
"45","TTC34",0.10292881357546,0.941414149548235,2.66161843264532,1,2372.46676115985,1.31652954804768
"10891","ZNF442",0.10312871848432,0.941414149548235,2.65852846993013,1,2372.46676115985,-10
"4737","MYO1G",0.103186963073477,0.941414149548235,2.65762940765504,1,2372.46676115985,-0.664144068140615
"5801","NOL8",0.103189861495037,0.941414149548235,2.65758468219717,1,2372.46676115985,-0.311948721041196
"7537","KIF21A",0.103508569179212,0.941414149548235,2.65267508898227,1,2372.46676115985,0.919424669718073
"4614","KDELR2",0.10352835622564,0.941414149548235,2.65237082175191,1,2372.46676115985,0.248280386502399
"8177","KLF12",0.103639249122982,0.941414149548235,2.65066678956019,1,2372.46676115985,1.539883125771
"11653","CENPB",0.103782984203498,0.941414149548235,2.64846105897825,1,2372.46676115985,-0.425479252544181
"8447","PPP2R5E",0.103854246428168,0.941414149548235,2.64736872340819,1,2372.46676115985,-0.187618370290561
"10085","CCR10",0.103926455695441,0.941414149548235,2.64626270854895,1,2372.46676115985,-10
"12399","FAM9B",0.104061614308015,0.941414149548235,2.64419477245286,1,2372.46676115985,1.23736596711298
"7323","PUS3",0.10411132002751,0.941414149548235,2.64343501163009,1,2372.46676115985,0.653496791407856
"5700","FAM214B",0.104148622251855,0.941414149548235,2.64286510149145,1,2372.46676115985,-0.379664004861502
"10584","ALPK2",0.104331306552186,0.941414149548235,2.64007724431372,1,2372.46676115985,1.44868237709836
"1615","GGCX",0.104379357575615,0.941414149548235,2.63934484939402,1,2372.46676115985,-0.398624113040693
"5413","CA2",0.10439939653054,0.941414149548235,2.63903952431648,1,2372.46676115985,0.620271184031743
"2772","TNFSF10",0.104482523318053,0.941414149548235,2.63777364218802,1,2372.46676115985,-0.286089517031884
"1441","GALM",0.10448814528121,0.941414149548235,2.63768806893733,1,2372.46676115985,-0.146662030781727
"8190","NDFIP2",0.104526499281973,0.941414149548235,2.63710440811273,1,2372.46676115985,0.846066286573932
"12349","CELSR1",0.104545700397494,0.941414149548235,2.63681229889675,1,2372.46676115985,-0.376237782192418
"9938","ERAL1",0.104558373503832,0.941414149548235,2.63661953339873,1,2372.46676115985,-0.724422613513139
"2653","NPHP3",0.104630647424386,0.941414149548235,2.63552069330146,1,2372.46676115985,0.24166752935289
"652","CEPT1",0.104661422254465,0.941414149548235,2.63505305070063,1,2372.46676115985,-0.218365570533512
"1391","ZNF512",0.104661533328093,0.941414149548235,2.63505136314109,1,2372.46676115985,-0.372182139079159
"6327","ANXA7",0.104769929946185,0.941414149548235,2.6334054110646,1,2372.46676115985,-0.212819254101727
"6498","SH3PXD2A",0.104779812192046,0.941414149548235,2.63325544663996,1,2372.46676115985,0.248358397600111
"6531","SHTN1",0.104850674289171,0.941414149548235,2.6321805587294,1,2372.46676115985,-0.197129842097608
"10330","MIF4GD",0.104954152436077,0.941414149548235,2.63061235672047,1,2372.46676115985,-0.306917635201578
"5483","EMC2",0.104979472992721,0.941414149548235,2.63022888412101,1,2372.46676115985,0.241029238929098
"7875","GLTP",0.105047322314009,0.941414149548235,2.62920182530055,1,2372.46676115985,-0.317832132845396
"1130","LAMB3",0.105187045507488,0.941414149548235,2.62708907613315,1,2372.46676115985,0.680882551673736
"6517","ACSL5",0.10520693742487,0.941414149548235,2.62678854147235,1,2372.46676115985,-0.523098369231079
"11477","ZNF665",0.105250328964166,0.941414149548235,2.62613318174804,1,2372.46676115985,0.823049593922169
"7961","CAMKK2",0.105250450648098,0.941414149548235,2.62613134432374,1,2372.46676115985,0.349249220554546
"6261","ZWINT",0.105289053259138,0.941414149548235,2.62554856344211,1,2372.46676115985,-1.90283616590844
"12652","BEX1",0.105478163722868,0.941414149548235,2.62269695811872,1,2372.46676115985,-1.67814992750282
"8371","MIS18BP1",0.105482971465446,0.941414149548235,2.62262453505835,1,2372.46676115985,0.224858641311119
"3798","GLRA1",0.105507641574311,0.941414149548235,2.6222529654566,1,2372.46676115985,1.76399488149258
"3454","NDUFS4",0.105604428494277,0.941414149548235,2.62079612609509,1,2372.46676115985,-0.211898482821528
"1192","LEFTY1",0.105630329694831,0.941414149548235,2.62040650892715,1,2372.46676115985,1.75853352071721
"2506","ARL6",0.1057256919852,0.941414149548235,2.61897293042638,1,2372.46676115985,-0.946213901556199
"5657","CDKN2A",0.10573070816546,0.941414149548235,2.61889756161028,1,2372.46676115985,0.797999719696719
"8382","VCPKMT",0.105770895705612,0.941414149548235,2.61829387971802,1,2372.46676115985,0.51951970258413
"7136","KCTD21",0.105869436836213,0.941414149548235,2.61681469681143,1,2372.46676115985,0.588520037682647
"2821","SENP2",0.105914816392055,0.941414149548235,2.61613402048665,1,2372.46676115985,0.304102895979819
"10614","ZADH2",0.106052238457352,0.941414149548235,2.61407469109227,1,2372.46676115985,0.32169327802834
"9141","TBL3",0.106063753834929,0.941414149548235,2.61390226112383,1,2372.46676115985,0.628724751483776
"9493","CMTM4",0.106089441957645,0.941414149548235,2.613517684077,1,2372.46676115985,0.382057578766365
"7839","CHST11",0.106140303760936,0.941414149548235,2.61275653305938,1,2372.46676115985,-0.160068841920793
"1645","KCNIP3",0.106249474670758,0.941414149548235,2.61112413220135,1,2372.46676115985,-10
"57","RNF207",0.10625811097871,0.941414149548235,2.61099507457304,1,2372.46676115985,1.77189627610977
"12498","ZNF630",0.106263657730081,0.941414149548235,2.61091219214774,1,2372.46676115985,0.654106487632534
"5565","SCRIB",0.10633860282803,0.941414149548235,2.60979278900699,1,2372.46676115985,0.670301630137579
"3639","SNX24",0.106342247252036,0.941414149548235,2.60973837684112,1,2372.46676115985,-0.184343498417781
"8158","DHRS12",0.106420388225458,0.941414149548235,2.60857220460183,1,2372.46676115985,0.55153843164788
"12004","KCNE1",0.106472630502649,0.941414149548235,2.60779306737033,1,2372.46676115985,0.312004807016693
"168","HSPG2",0.106624479381297,0.941414149548235,2.60553078525068,1,2372.46676115985,0.88341853759631
"11339","ARHGAP35",0.106625777896972,0.941414149548235,2.60551145489653,1,2372.46676115985,-0.222241302072008
"7877","GIT2",0.106669557303768,0.941414149548235,2.60485988391987,1,2372.46676115985,-0.171578048731403
"469","MRPL37",0.106814883041658,0.941414149548235,2.60269909685337,1,2372.46676115985,0.453040961517508
"9716","RAP1GAP2",0.106916463875627,0.941414149548235,2.60119064982317,1,2372.46676115985,-0.312898729723227
"7787","ATP2B1",0.107163506557004,0.941414149548235,2.59752869212757,1,2372.46676115985,-0.214074672455562
"4149","TAF11",0.107206442679479,0.941414149548235,2.59689318792317,1,2372.46676115985,0.295139707883821
"4317","SMIM8",0.107219256584349,0.941414149548235,2.59670358148253,1,2372.46676115985,-0.407995439380008
"1150","SPATA45",0.107285856597518,0.941414149548235,2.59571850642564,1,2372.46676115985,1.54024389911708
"4896","ZNF394",0.107362087555834,0.941414149548235,2.59459180479703,1,2372.46676115985,0.310861880929663
"10266","ICAM2",0.107362725159923,0.941414149548235,2.59458238464653,1,2372.46676115985,-0.485483835540722
"9755","ZNF594",0.10750793001423,0.941414149548235,2.59243868417401,1,2372.46676115985,-0.651981713705559
"1802","NMI",0.107546262439708,0.941414149548235,2.59187330223355,1,2372.46676115985,-0.223072480960155
"1607","TMSB10",0.107762479639812,0.941414149548235,2.58868835883899,1,2372.46676115985,0.0890660698473744
"12105","DGCR8",0.107770262588678,0.941414149548235,2.58857384461879,1,2372.46676115985,-0.640031640900161
"8292","PPP1R3E",0.107821867301335,0.941414149548235,2.58781478974084,1,2372.46676115985,0.528807468527468
"12345","PPARA",0.107836901882458,0.941414149548235,2.58759372082298,1,2372.46676115985,0.236258284851768
"9015","HOMER2",0.107884398645543,0.941414149548235,2.58689554942911,1,2372.46676115985,0.494616697014982
"5729","DCAF10",0.107931341932849,0.941414149548235,2.58620584549994,1,2372.46676115985,-0.245208982530611
"6870","CCDC86",0.108028985317647,0.941414149548235,2.58477229666682,1,2372.46676115985,1.05613469714257
"12801","F8A1",0.108068205464878,0.941414149548235,2.58419688780114,1,2372.46676115985,-0.967453412722686
"7618","KRT18",0.10809769662961,0.941414149548235,2.58376436645381,1,2372.46676115985,-10
"1394","SUPT7L",0.108104338375278,0.941414149548235,2.58366697561597,1,2372.46676115985,0.414400503959669
"10160","SNX11",0.108155873152747,0.941414149548235,2.58291152186107,1,2372.46676115985,-0.325375896400375
"10136","PLEKHM1",0.108273487684054,0.941414149548235,2.58118887846701,1,2372.46676115985,-0.270322324653428
"10726","EBI3",0.108469254226068,0.941414149548235,2.57832613522064,1,2372.46676115985,1.35434549257275
"4917","STAG3",0.108477662028934,0.941414149548235,2.57820331301145,1,2372.46676115985,-1.2006017461651
"11965","CHODL",0.108529220727462,0.941414149548235,2.57745036598968,1,2372.46676115985,2.02712892435447
"2122","MTERF4",0.108573497748817,0.941414149548235,2.57680407200953,1,2372.46676115985,-0.373130553341131
"12575","AR",0.108638840240696,0.941414149548235,2.57585082280886,1,2372.46676115985,-10
"8222","TNFSF13B",0.108715576507986,0.941414149548235,2.57473215978265,1,2372.46676115985,-0.112857263818485
"10279","PRKCA",0.108772072409558,0.941414149548235,2.57390911586842,1,2372.46676115985,-0.180367888014396
"5811","SUSD3",0.108830921379626,0.941414149548235,2.57305229151721,1,2372.46676115985,0.847648251838812
"10725","ANKRD24",0.108831945475642,0.941414149548235,2.57303738547821,1,2372.46676115985,1.01775321526256
"4080","HSPA1L",0.108968415130248,0.941414149548235,2.57105240503043,1,2372.46676115985,1.47321520501673
"9769","C17orf100",0.109242564407726,0.941414149548235,2.56707309228258,1,2372.46676115985,-10
"4841","TMEM243",0.109399506582204,0.941414149548235,2.5647999954222,1,2372.46676115985,-0.489675613794443
"9255","MARF1",0.109409513902609,0.941414149548235,2.56465517445294,1,2372.46676115985,0.221227125110041
"7948","SRSF9",0.1094322564741,0.941414149548235,2.56432610942224,1,2372.46676115985,0.171080428127655
"5175","ERICH1",0.109557369991643,0.941414149548235,2.56251717071195,1,2372.46676115985,0.221966428648235
"6473","NOLC1",0.109573003424237,0.941414149548235,2.56229129631139,1,2372.46676115985,-0.538872881190898
"44","MMEL1",0.109718737765723,0.941414149548235,2.56018740643976,1,2372.46676115985,1.08806800538728
"2067","AGFG1",0.109722660321287,0.941414149548235,2.56013082106086,1,2372.46676115985,-0.190361572124468
"8570","GPR65",0.109848984639098,0.941414149548235,2.55830970061343,1,2372.46676115985,0.209330167161001
"2152","MTMR14",0.109852747834449,0.941414149548235,2.55825548486556,1,2372.46676115985,-0.265002270492004
"8894","CLPX",0.11001701198763,0.941414149548235,2.55589094677217,1,2372.46676115985,0.26096881094062
"4113","TAP1",0.1100760285293,0.941414149548235,2.55504236789239,1,2372.46676115985,0.234146032125637
"11099","LSM14A",0.110106030229429,0.941414149548235,2.55461117549533,1,2372.46676115985,0.156423671374014
"7884","GPN3",0.110132672566372,0.941414149548235,2.55422837311502,1,2372.46676115985,-0.430722118209779
"11725","ID1",0.110214533428186,0.941414149548235,2.55305281722916,1,2372.46676115985,-10
"2631","ISY1",0.110238417519914,0.941414149548235,2.55271001282016,1,2372.46676115985,-0.355605359570909
"8293","BCL2L2",0.110282076712996,0.941414149548235,2.55208359084881,1,2372.46676115985,-0.699251903095169
"6522","DCLRE1A",0.110387148570907,0.941414149548235,2.55057713814862,1,2372.46676115985,0.922063177989776
"3858","NOP16",0.110437446691477,0.941414149548235,2.5498565544541,1,2372.46676115985,-1.43991015670671
"12179","NIPSNAP1",0.110489263033025,0.941414149548235,2.54911459793637,1,2372.46676115985,-0.607400216530743
"7112","SLCO2B1",0.110553844766143,0.941414149548235,2.5481903900952,1,2372.46676115985,-0.147964632460186
"9279","ACSM5",0.110721044309731,0.941414149548235,2.54580041067644,1,2372.46676115985,-0.666341510409671
"9313","SLC5A11",0.110771259242687,0.941414149548235,2.54508340530173,1,2372.46676115985,-1.21517109101873
"1892","CWC22",0.110826552517584,0.941414149548235,2.54429430144273,1,2372.46676115985,0.264108704102946
"275","DCDC2B",0.110871181708773,0.941414149548235,2.54365770333829,1,2372.46676115985,-10
"11296","BCL3",0.11104999776783,0.941414149548235,2.54110986826788,1,2372.46676115985,-0.387815722438239
"10446","WDR45B",0.111087714439791,0.941414149548235,2.54057304447911,1,2372.46676115985,-0.261470407241583
"5436","VIRMA",0.111189478079863,0.941414149548235,2.53912563670065,1,2372.46676115985,-0.309863177025555
"11880","ATP9A",0.111219523914001,0.941414149548235,2.53869856674298,1,2372.46676115985,1.65649249698995
"6167","FAM171A1",0.111295960285109,0.941414149548235,2.53761267648758,1,2372.46676115985,2.02677957888625
"11623","SRXN1",0.111392983697568,0.941414149548235,2.53623549944199,1,2372.46676115985,0.53236978824264
"1894","ITGA4",0.111410399847398,0.941414149548235,2.53598842965537,1,2372.46676115985,0.237840631007721
"8551","POMT2",0.111432493852832,0.941414149548235,2.53567505985561,1,2372.46676115985,-0.88472896367163
"1616","VAMP8",0.111436907718803,0.941414149548235,2.53561246409304,1,2372.46676115985,0.103600871148957
"12137","CHCHD10",0.111532386970341,0.941414149548235,2.53425908176055,1,2372.46676115985,0.187774558944747
"5402","FABP4",0.111549779726387,0.941414149548235,2.53401268340343,1,2372.46676115985,0.5302639886674
"2836","TPRG1",0.111639996030642,0.941414149548235,2.53273529259698,1,2372.46676115985,-0.30585957019415
"2168","BRK1",0.111899876247463,0.941414149548235,2.52906194183026,1,2372.46676115985,0.159230246198212
"11836","SNX21",0.111926181339717,0.941414149548235,2.52869064887782,1,2372.46676115985,-0.731554151093708
"2817","VPS8",0.112054327020053,0.941414149548235,2.526883263092,1,2372.46676115985,-0.155691268664294
"2345","IP6K2",0.112103560941994,0.941414149548235,2.52618946594892,1,2372.46676115985,0.275606060132318
"1165","BPNT1",0.112324440080311,0.941414149548235,2.52308099608263,1,2372.46676115985,-0.543732070557895
"5543","ADGRB1",0.112334042582693,0.941414149548235,2.52294601123361,1,2372.46676115985,-1.9829697546657
"1822","TANC1",0.112507147255388,0.941414149548235,2.52051481266356,1,2372.46676115985,0.739905418381724
"1084","ADIPOR1",0.112553961865492,0.941414149548235,2.51985802489908,1,2372.46676115985,0.206184075259585
"201","RHCE",0.11263743298122,0.941414149548235,2.51868770962051,1,2372.46676115985,-10
"10561","SMAD7",0.112681021906631,0.941414149548235,2.51807694650541,1,2372.46676115985,0.432529391773433
"9099","PIGQ",0.112713300450893,0.941414149548235,2.51762483097472,1,2372.46676115985,0.547182573596798
"8694","CHRNA7",0.112750737460821,0.941414149548235,2.51710064113068,1,2372.46676115985,-10
"11908","FAM217B",0.11277260043492,0.941414149548235,2.516794606343,1,2372.46676115985,-0.42594433017037
"9803","EIF4A1",0.112800012334341,0.941414149548235,2.51641099088067,1,2372.46676115985,-0.124918987503345
"2835","LPP",0.112911075506613,0.941414149548235,2.51485776974029,1,2372.46676115985,-0.121142072142003
"8446","SNAPC1",0.113009094598242,0.941414149548235,2.51348836885266,1,2372.46676115985,0.361929160482347
"944","UHMK1",0.113029854413234,0.941414149548235,2.51319850655867,1,2372.46676115985,0.197967037680133
"6347","ZNF503",0.113115869467862,0.941414149548235,2.51199813245308,1,2372.46676115985,0.343319868388285
"6630","MUC6",0.113156302797525,0.941414149548235,2.51143421701744,1,2372.46676115985,1.45570647641096
"10644","TMEM259",0.113307713570197,0.941414149548235,2.50932449369866,1,2372.46676115985,-0.258723149684011
"1528","ACTR2",0.113362324384925,0.941414149548235,2.5085643217002,1,2372.46676115985,-0.106748533748229
"10281","PSMD12",0.113466736160501,0.941414149548235,2.50711205341263,1,2372.46676115985,-0.222133854607023
"11989","C21orf62",0.113466901296286,0.941414149548235,2.50710975769865,1,2372.46676115985,1.28100414504299
"8373","LRR1",0.113699324667426,0.941414149548235,2.50388226022975,1,2372.46676115985,-0.694979129524383
"2533","BBX",0.113768548567198,0.941414149548235,2.50292240354387,1,2372.46676115985,-0.142340381753961
"3549","TENT2",0.113939974266177,0.941414149548235,2.50054818987226,1,2372.46676115985,0.12062088551134
"10595","ZCCHC2",0.113988568389987,0.941414149548235,2.49987588716122,1,2372.46676115985,-0.164164703182683
"6981","FAM89B",0.114361871006267,0.941414149548235,2.49472174365576,1,2372.46676115985,-0.343767231008837
"11439","SIGLEC12",0.114394177965319,0.941414149548235,2.49427655848018,1,2372.46676115985,-10
"9305","UBFD1",0.114439820273165,0.941414149548235,2.49364785055168,1,2372.46676115985,-0.557419985097084
"5596","RECQL4",0.114474367365317,0.941414149548235,2.49317215956403,1,2372.46676115985,-10
"11852","SLC13A3",0.114511232413769,0.941414149548235,2.49266472651901,1,2372.46676115985,-10
"846","FAM189B",0.114553571831154,0.941414149548235,2.49208216329437,1,2372.46676115985,-0.624311095901453
"1433","NDUFAF7",0.114655946735838,0.941414149548235,2.49067453165601,1,2372.46676115985,-0.45523265057785
"984","PRRC2C",0.11473923363746,0.941414149548235,2.4895303786524,1,2372.46676115985,-0.113696968112619
"6425","PGAM1",0.114853864641986,0.941414149548235,2.48795713453694,1,2372.46676115985,0.17495241812827
"10504","SNRPD1",0.114909153131623,0.941414149548235,2.48719895151271,1,2372.46676115985,-0.285433665139587
"1431","CEBPZOS",0.115011243452281,0.941414149548235,2.48580002257289,1,2372.46676115985,-0.295925252683161
"1990","CREB1",0.115026128701925,0.941414149548235,2.4855961666563,1,2372.46676115985,0.162430054062647
"2763","GPR160",0.115046829235359,0.941414149548235,2.48531271788875,1,2372.46676115985,-0.403928703960952
"7116","KLHL35",0.115071016967116,0.941414149548235,2.48498159084958,1,2372.46676115985,-10
"2388","CYB561D2",0.115075190248639,0.941414149548235,2.48492446691733,1,2372.46676115985,0.367089590026139
"6863","MRPL16",0.115114000374303,0.941414149548235,2.48439334291641,1,2372.46676115985,0.306317659154805
"7246","RBM7",0.115179479912785,0.941414149548235,2.48349769088864,1,2372.46676115985,-0.472522441385054
"4609","EIF2AK1",0.115192756405717,0.941414149548235,2.48331615892284,1,2372.46676115985,0.247320521731539
"374","YBX1",0.115357998169507,0.941414149548235,2.48105870855791,1,2372.46676115985,0.100833296128689
"11917","ADRM1",0.115387883953861,0.941414149548235,2.48065080520584,1,2372.46676115985,0.241848924591786
"329","CDCA8",0.115650232677886,0.941414149548235,2.47707507468905,1,2372.46676115985,-10
"11939","SLC2A4RG",0.115682029297953,0.941414149548235,2.47664230550947,1,2372.46676115985,0.549834984825784
"4939","TRIM56",0.115706314264144,0.941414149548235,2.47631186247685,1,2372.46676115985,0.188661498499574
"6937","TRPT1",0.11580235267555,0.941414149548235,2.47500582776138,1,2372.46676115985,0.504303698638618
"2553","ATP6V1A",0.115892031608758,0.941414149548235,2.47378735585526,1,2372.46676115985,-0.15079597768554
"3565","TMEM167A",0.115994606318847,0.941414149548235,2.47239494471116,1,2372.46676115985,-0.175033960537798
"9263","XYLT1",0.116118774857262,0.941414149548235,2.47071122466681,1,2372.46676115985,-0.214793915366399
"12550","APEX2",0.116161629953401,0.941414149548235,2.47013057307774,1,2372.46676115985,-0.677336160349051
"2046","TUBA4A",0.116220584397794,0.941414149548235,2.46933217507804,1,2372.46676115985,-0.776797343989567
"9475","KATNB1",0.116355540512142,0.941414149548235,2.46750619824725,1,2372.46676115985,-1.41124444299758
"6611","HRAS",0.116488779790657,0.941414149548235,2.46570574473854,1,2372.46676115985,0.397176169447549
"6997","FOSL1",0.116499550043227,0.941414149548235,2.46556030645228,1,2372.46676115985,-0.768559779596218
"11913","PSMA7",0.116505486301702,0.941414149548235,2.46548015133556,1,2372.46676115985,-0.12616446537446
"2394","MAPKAPK3",0.116560434151891,0.941414149548235,2.4647384248751,1,2372.46676115985,0.286329360001177
"10088","VPS25",0.116632135989233,0.941414149548235,2.46377112168408,1,2372.46676115985,-0.397583383381057
"10505","ABHD3",0.116746213486552,0.941414149548235,2.46223349781932,1,2372.46676115985,-0.208929296284913
"9784","CTDNEP1",0.116828189328771,0.941414149548235,2.46112958970317,1,2372.46676115985,0.214711935618408
"8606","UNC79",0.116880401813305,0.941414149548235,2.4604269289659,1,2372.46676115985,0.824351191138201
"1532","C1D",0.116931607310306,0.941414149548235,2.45973815688894,1,2372.46676115985,-0.229885070961307
"2184","RPL32",0.117067303795384,0.941414149548235,2.45791449640975,1,2372.46676115985,0.102148212838515
"10310","CD300C",0.117073543225257,0.941414149548235,2.45783069928545,1,2372.46676115985,-0.822032502668507
"3915","IRF4",0.117164646981368,0.941414149548235,2.45660771480407,1,2372.46676115985,-10
"2233","TGFBR2",0.117260804785163,0.941414149548235,2.4553180243003,1,2372.46676115985,0.154270398655402
"1119","IL19",0.117265761941599,0.941414149548235,2.4552515694788,1,2372.46676115985,-0.991515714236545
"8186","SLAIN1",0.117281283482915,0.941414149548235,2.45504351034309,1,2372.46676115985,0.936422257904328
"10829","PPAN",0.117363610763259,0.941414149548235,2.45394045971073,1,2372.46676115985,-0.535921211450395
"2935","WFS1",0.1173784777177,0.941414149548235,2.45374135808729,1,2372.46676115985,-0.946370632898512
"8241","TMCO3",0.117529906246116,0.941414149548235,2.45171498001303,1,2372.46676115985,0.225804180607022
"9204","UBALD1",0.117614511745722,0.941414149548235,2.45058406751469,1,2372.46676115985,0.512816672130769
"9966","RAB11FIP4",0.117752408954811,0.941414149548235,2.44874273739013,1,2372.46676115985,0.711135410293513
"60","ACOT7",0.117834506071491,0.941414149548235,2.44764763356131,1,2372.46676115985,0.579276753433313
"2179","PPARG",0.11786719816946,0.941414149548235,2.44721178444546,1,2372.46676115985,-0.461820575189677
"4354","ATG5",0.117955670634449,0.941414149548235,2.44603294504262,1,2372.46676115985,0.188509101718807
"9987","RAD51D",0.118029386837092,0.941414149548235,2.44505147019078,1,2372.46676115985,-0.633803966958439
"10191","CACNA1G",0.118146050213093,0.941414149548235,2.44349957154785,1,2372.46676115985,1.82158893888214
"4492","STXBP5",0.118154542699302,0.941414149548235,2.44338666761175,1,2372.46676115985,0.200911699911415
"11883","ZNF217",0.11825982594957,0.941414149548235,2.44198771739774,1,2372.46676115985,-0.226004954718841
"2411","TWF2",0.118308978392181,0.941414149548235,2.44133507651786,1,2372.46676115985,-0.247185047937015
"12203","LIMK2",0.118336871986185,0.941414149548235,2.44096484177708,1,2372.46676115985,0.350150477891889
"958","ILDR2",0.11838837167021,0.941414149548235,2.44028153445673,1,2372.46676115985,1.80623734964591
"2021","AAMP",0.118411830846147,0.941414149548235,2.43997038280223,1,2372.46676115985,-0.4030282454
"5473","FZD6",0.118445209167692,0.941414149548235,2.43952778573996,1,2372.46676115985,1.22479032165193
"804","SNAPIN",0.118658463487051,0.941414149548235,2.43670328403891,1,2372.46676115985,-0.413578134170776
"9893","GRAP",0.118690133808918,0.941414149548235,2.43628429743954,1,2372.46676115985,-1.83845332895748
"4671","HIBADH",0.118695052508732,0.941414149548235,2.43621923596793,1,2372.46676115985,0.259053377967696
"3453","MOCS2",0.118719417680995,0.941414149548235,2.43589699276772,1,2372.46676115985,0.258332467684892
"2291","POMGNT2",0.118817568827877,0.941414149548235,2.43459962919246,1,2372.46676115985,-0.804229406243723
"817","TPM3",0.118912692925037,0.941414149548235,2.43334340860349,1,2372.46676115985,-0.101419763190332
"12193","PES1",0.118979781557326,0.941414149548235,2.43245809653916,1,2372.46676115985,-0.452798597597714
"3739","PCDHGA6",0.119058366500367,0.941414149548235,2.43142177983689,1,2372.46676115985,1.71949710032789
"1599","POLE4",0.119158369264204,0.941414149548235,2.43010411606256,1,2372.46676115985,0.285419267646335
"7115","RPS3",0.119240845618062,0.941414149548235,2.42901830594409,1,2372.46676115985,0.112139568367939
"7496","C2CD5",0.119286353179382,0.941414149548235,2.42841954988745,1,2372.46676115985,-0.212156301901233
"8076","HMGB1",0.11936960875699,0.941414149548235,2.42732478665171,1,2372.46676115985,0.115597981405806
"5741","FXN",0.119506466473603,0.941414149548235,2.42552702182286,1,2372.46676115985,0.485947813328385
"5728","EXOSC3",0.119597453641525,0.941414149548235,2.42433307434928,1,2372.46676115985,-0.395505954904721
"12417","FANCB",0.119603238590722,0.941414149548235,2.42425719737773,1,2372.46676115985,-1.21162660665748
"4532","TULP4",0.119651240555365,0.941414149548235,2.42362774725418,1,2372.46676115985,0.217088185134616
"12053","LRRC3",0.119692987878251,0.941414149548235,2.42308054162828,1,2372.46676115985,-1.17825561092954
"3021","YIPF7",0.119872308763273,0.941414149548235,2.42073248360252,1,2372.46676115985,-10
"12013","CLDN14",0.119925470734436,0.941414149548235,2.4200371193452,1,2372.46676115985,0.995210508291012
"11405","PRMT1",0.119984183927577,0.941414149548235,2.41926954118262,1,2372.46676115985,0.323894927126937
"10056","HAP1",0.120068049849632,0.941414149548235,2.41817385388787,1,2372.46676115985,-10
"347","BMP8B",0.120098394421196,0.941414149548235,2.41777761850632,1,2372.46676115985,-10
"1961","CASP10",0.12045017210922,0.941414149548235,2.41319223189533,1,2372.46676115985,-0.282211300929787
"4833","CD36",0.12045986317532,0.941414149548235,2.41306611992056,1,2372.46676115985,-0.174341142541327
"12153","CRYBB2",0.120516556181783,0.941414149548235,2.41232858654413,1,2372.46676115985,-10
"2706","HLTF",0.120522212024736,0.941414149548235,2.41225502937209,1,2372.46676115985,0.323128592362189
"11073","ZNF681",0.120535493560238,0.941414149548235,2.41208231114885,1,2372.46676115985,1.24913202157586
"9439","NKD1",0.120672754041628,0.941414149548235,2.41029855705343,1,2372.46676115985,-1.45064631256923
"3508","SMN1",0.120705577686059,0.941414149548235,2.40987233397831,1,2372.46676115985,0.833345247550116
"9875","TOM1L2",0.120868048303234,0.941414149548235,2.40776450297959,1,2372.46676115985,0.286593045473837
"618","PRMT6",0.120872797601843,0.941414149548235,2.40770293466339,1,2372.46676115985,-1.05280741746032
"11555","ZNF835",0.120886030224392,0.941414149548235,2.40753140551962,1,2372.46676115985,-10
"6770","HIPK3",0.121132273334609,0.941414149548235,2.40434324736702,1,2372.46676115985,0.154409532082351
"5942","NEK6",0.121133523885848,0.941414149548235,2.40432707457445,1,2372.46676115985,-0.265183289412743
"61","PLEKHG5",0.121288335936082,0.941414149548235,2.40232639147985,1,2372.46676115985,-10
"5142","TMEM176A",0.12146275381346,0.941414149548235,2.40007572538571,1,2372.46676115985,0.339359423494048
"9430","PHKB",0.121480618773136,0.941414149548235,2.39984540056414,1,2372.46676115985,-0.142649205475066
"3367","SLC12A7",0.121523530148263,0.941414149548235,2.39929231709143,1,2372.46676115985,0.236539655646009
"10953","EPHX3",0.121556879225508,0.941414149548235,2.39886263133264,1,2372.46676115985,-10
"1059","ZBTB41",0.121560270793628,0.941414149548235,2.39881894003996,1,2372.46676115985,0.33650657296408
"12837","AL354822.1",0.121595961959558,0.941414149548235,2.39835923668369,1,2372.46676115985,-0.752945708543942
"4781","POM121",0.121844150492778,0.941414149548235,2.39516669293951,1,2372.46676115985,-0.252578547424806
"7143","RAB30",0.121859275852387,0.941414149548235,2.39497236288504,1,2372.46676115985,0.704851769917601
"3468","PDE4D",0.122053250291321,0.941414149548235,2.39248255559066,1,2372.46676115985,0.262008597177616
"4078","SAPCD1",0.122060786053769,0.941414149548235,2.39238591702073,1,2372.46676115985,-10
"12599","ERCC6L",0.122070500352514,0.941414149548235,2.39226135067956,1,2372.46676115985,1.67392697214952
"8006","SCARB1",0.12217850211401,0.941414149548235,2.3908771856401,1,2372.46676115985,0.234942473820057
"9721","EMC6",0.122205100717053,0.941414149548235,2.39053650268832,1,2372.46676115985,-0.277072347883613
"10479","RALBP1",0.122291952720679,0.941414149548235,2.38942464856365,1,2372.46676115985,-0.22669690381921
"4472","CITED2",0.122294412853752,0.941414149548235,2.38939316741481,1,2372.46676115985,-0.318608373094856
"2336","CCDC51",0.122297758898925,0.941414149548235,2.38935035079933,1,2372.46676115985,0.722292090519074
"7079","ANAPC15",0.122333300228221,0.941414149548235,2.38889563755533,1,2372.46676115985,0.428794648555005
"9329","NUPR1",0.12249143586375,0.941414149548235,2.38687423689172,1,2372.46676115985,-0.332749127208515
"5617","SPATA6L",0.122509591221543,0.941414149548235,2.38664234768868,1,2372.46676115985,-10
"11033","BORCS8",0.122531393536513,0.941414149548235,2.38636392813294,1,2372.46676115985,0.439552985037338
"8176","KLF5",0.122531977791018,0.941414149548235,2.38635646785221,1,2372.46676115985,-10
"10652","CBARP",0.122714021829561,0.941414149548235,2.38403388811049,1,2372.46676115985,-10
"10803","ANGPTL4",0.122797663876851,0.941414149548235,2.3829680361295,1,2372.46676115985,-10
"10399","RPTOR",0.122821947254661,0.941414149548235,2.38265874356257,1,2372.46676115985,0.217768543241091
"12145","SPECC1L",0.122834153486371,0.941414149548235,2.38250330084108,1,2372.46676115985,0.175697072613968
"1805","NEB",0.122873880874375,0.941414149548235,2.3819975030774,1,2372.46676115985,0.679550795446926
"1330","GEN1",0.122921951038093,0.941414149548235,2.38138573010791,1,2372.46676115985,-0.486333355959547
"6108","NSMF",0.122954155802237,0.941414149548235,2.3809760193238,1,2372.46676115985,0.512226039248658
"11945","SAMD10",0.123005985043613,0.941414149548235,2.38031689490533,1,2372.46676115985,-10
"11096","CEBPA",0.123093134348924,0.941414149548235,2.37920929178155,1,2372.46676115985,-0.408825134237827
"12743","SLC9A6",0.123137951303227,0.941414149548235,2.37864004036903,1,2372.46676115985,0.300306287106082
"9714","PAFAH1B1",0.123243390778383,0.941414149548235,2.37730168661336,1,2372.46676115985,0.125293775089739
"1128","CD46",0.123339326337889,0.941414149548235,2.37608507103038,1,2372.46676115985,-0.198075302686664
"801","S100A2",0.123377026989797,0.941414149548235,2.37560725430076,1,2372.46676115985,-10
"1196","LIN9",0.12349873327611,0.941414149548235,2.37406585883334,1,2372.46676115985,-0.720815636137775
"9552","VPS4A",0.1235314491773,0.941414149548235,2.37365180351015,1,2372.46676115985,-0.324064997148552
"5258","TRIM35",0.123637891316595,0.941414149548235,2.37230550453451,1,2372.46676115985,0.564690603088456
"491","ALG6",0.123764803412329,0.941414149548235,2.37070197917816,1,2372.46676115985,0.478193760213998
"8206","GPR18",0.123811092843362,0.941414149548235,2.37011756993624,1,2372.46676115985,-10
"8933","MYO9A",0.123855740602432,0.941414149548235,2.36955411685205,1,2372.46676115985,-0.20985797082275
"10711","C19orf71",0.1239321041331,0.941414149548235,2.3685909345875,1,2372.46676115985,-1.82722803486277
"728","NBPF12",0.123951854773134,0.941414149548235,2.36834192471673,1,2372.46676115985,-0.376328161008065
"6915","ZBTB3",0.123978287131774,0.941414149548235,2.3680087427845,1,2372.46676115985,0.742712534408719
"52","DFFB",0.124080279092245,0.941414149548235,2.36672386543179,1,2372.46676115985,-0.750922167091351
"11344","BBC3",0.124085775330159,0.941414149548235,2.3666546580799,1,2372.46676115985,-0.559804514476614
"6463","DPCD",0.12409861025121,0.941414149548235,2.36649305699371,1,2372.46676115985,-0.708731662457293
"3829","PANK3",0.124107192696508,0.941414149548235,2.36638500805965,1,2372.46676115985,0.281108858299752
"6926","ATL3",0.124115061239988,0.941414149548235,2.36628595410558,1,2372.46676115985,-0.244185958102415
"12051","CFAP410",0.124303528292356,0.941414149548235,2.36391550006688,1,2372.46676115985,-0.651915808786444
"11400","PRR12",0.124418464276437,0.941414149548235,2.36247184605957,1,2372.46676115985,-0.373831650324916
"1923","STAT1",0.124571955949986,0.941414149548235,2.36054622224143,1,2372.46676115985,-0.116872199534136
"5573","EXOSC4",0.124661325194036,0.941414149548235,2.35942625792082,1,2372.46676115985,-0.482190614048726
"1931","HECW2",0.124669372118568,0.941414149548235,2.35932545864591,1,2372.46676115985,-10
"9254","BMERB1",0.124671902198181,0.941414149548235,2.35929376726283,1,2372.46676115985,0.415664729358244
"11542","U2AF2",0.12478854996602,0.941414149548235,2.35783343109747,1,2372.46676115985,0.376355348883874
"9148","PKD1",0.124794808920628,0.941414149548235,2.35775511691291,1,2372.46676115985,-0.506353357587213
"1845","KLHL41",0.124912396159275,0.941414149548235,2.35628463596264,1,2372.46676115985,1.09965496825893
"12028","MX2",0.124921343559124,0.941414149548235,2.35617280772479,1,2372.46676115985,-0.128771830631765
"5342","RP1",0.125178122050147,0.941414149548235,2.35296727452828,1,2372.46676115985,-10
"4716","C7orf25",0.125299031384651,0.941414149548235,2.35146041489898,1,2372.46676115985,0.657569932899962
"764","ARNT",0.125336731804504,0.941414149548235,2.3509908955758,1,2372.46676115985,-0.216808012751617
"4915","GAL3ST4",0.125440401440028,0.941414149548235,2.34970060774551,1,2372.46676115985,0.6604942125348
"9899","SLC47A2",0.125483420841323,0.941414149548235,2.34916552987038,1,2372.46676115985,-10
"2414","GLYCTK",0.125483823907011,0.941414149548235,2.34916051747989,1,2372.46676115985,0.874055616663188
"4415","MAN1A1",0.125708384716518,0.941414149548235,2.34637073416862,1,2372.46676115985,0.196224316284328
"10290","WIPI1",0.125744096112618,0.941414149548235,2.34592759203267,1,2372.46676115985,-0.211528386487678
"4514","ESR1",0.125859228300071,0.941414149548235,2.34449987103492,1,2372.46676115985,0.327687359560041
"4887","SMURF1",0.125892053737083,0.941414149548235,2.34409307836966,1,2372.46676115985,-0.236526385337727
"3010","N4BP2",0.125928025674126,0.941414149548235,2.34364742782946,1,2372.46676115985,0.36219801145669
"4048","TUBB",0.125949440234068,0.941414149548235,2.34338219352327,1,2372.46676115985,0.170195433734484
"9805","MPDU1",0.125995213970689,0.941414149548235,2.3428154219327,1,2372.46676115985,0.296736755817463
"9162","PDPK1",0.126116097062715,0.941414149548235,2.34131974479545,1,2372.46676115985,-0.301655204725306
"3542","AP3B1",0.1261317373564,0.941414149548235,2.34112634517356,1,2372.46676115985,-0.119029666756879
"12087","USP18",0.12621842535783,0.941414149548235,2.34005489056323,1,2372.46676115985,-0.248384828083897
"7325","RPUSD4",0.126332869537551,0.941414149548235,2.33864162565287,1,2372.46676115985,0.568817802737206
"8585","RPS6KA5",0.126406745515289,0.941414149548235,2.33773009154221,1,2372.46676115985,0.308906881578015
"9649","ZFPM1",0.126441785323427,0.941414149548235,2.33729795280131,1,2372.46676115985,-0.523802422501859
"3258","SMARCA5",0.126554093947017,0.941414149548235,2.3359137711315,1,2372.46676115985,0.162412373272639
"6023","ABL1",0.126588251075656,0.941414149548235,2.33549306230166,1,2372.46676115985,-0.158873557056557
"5115","EZH2",0.126783832649487,0.941414149548235,2.33308653997481,1,2372.46676115985,0.379647821876628
"8815","ATP8B4",0.126793894071619,0.941414149548235,2.3329628515343,1,2372.46676115985,0.126578831293738
"1656","NEURL3",0.12679782407223,0.941414149548235,2.33291454168386,1,2372.46676115985,-2.00012552453977
"9327","APOBR",0.126885038463509,0.941414149548235,2.33184288036252,1,2372.46676115985,0.258036312546441
"1954","CLK1",0.126918936924217,0.941414149548235,2.3314265686306,1,2372.46676115985,-0.284748467270003
"2957","RAB28",0.126919947447645,0.941414149548235,2.33141416015091,1,2372.46676115985,-0.258966589935878
"903","PEA15",0.126923849414334,0.941414149548235,2.33136624792028,1,2372.46676115985,0.234269220735237
"11770","ERGIC3",0.126925045726791,0.941414149548235,2.33135155873363,1,2372.46676115985,0.222480477021744
"11903","NELFCD",0.126979238220592,0.941414149548235,2.33068630578815,1,2372.46676115985,0.403146615621932
"6600","BET1L",0.127021838981101,0.941414149548235,2.33016357176132,1,2372.46676115985,-0.395983991397128
"11262","ETHE1",0.127094897748286,0.941414149548235,2.32926755591389,1,2372.46676115985,-0.315868532068203
"12062","SLC19A1",0.12713557509037,0.941414149548235,2.32876892456113,1,2372.46676115985,0.617975631889976
"9839","ADPRM",0.127203492076303,0.941414149548235,2.32793677965117,1,2372.46676115985,-0.661161135051778
"11476","ZNF347",0.127212781368041,0.941414149548235,2.32782300214564,1,2372.46676115985,0.454935760145292
"8109","NAA16",0.127255643615449,0.941414149548235,2.32729813468244,1,2372.46676115985,0.252335115133842
"1315","GRHL1",0.127257879397669,0.941414149548235,2.32727076192641,1,2372.46676115985,-10
"9218","METTL22",0.127424643217482,0.941414149548235,2.32523057489695,1,2372.46676115985,0.330049068422406
"228","SYTL1",0.127427456819284,0.941414149548235,2.32519617882423,1,2372.46676115985,-10
"4425","NCOA7",0.127452084532357,0.941414149548235,2.32489514295419,1,2372.46676115985,-0.20301174107092
"11604","ZNF584",0.127468072701323,0.941414149548235,2.32469974687755,1,2372.46676115985,0.929538398574788
"12814","PCDH11Y",0.127861611781634,0.941414149548235,2.31989877584509,1,2372.46676115985,-10
"7798","NR2C1",0.127868393083653,0.941414149548235,2.31981619179293,1,2372.46676115985,-0.352175253688982
"8498","DCAF4",0.127873164656656,0.941414149548235,2.31975808554632,1,2372.46676115985,1.0270528205581
"6836","FOLH1",0.127940989144482,0.941414149548235,2.31893240795994,1,2372.46676115985,-10
"6876","CD5",0.128041348373962,0.941414149548235,2.31771155493803,1,2372.46676115985,-10
"7795","CEP83",0.128102000738083,0.941414149548235,2.31697424583529,1,2372.46676115985,-0.412784885369217
"9863","ZNF287",0.128113239136992,0.941414149548235,2.31683767104713,1,2372.46676115985,-10
"8909","SMAD6",0.128117270089974,0.941414149548235,2.31678868809074,1,2372.46676115985,-1.26732825469345
"10440","SECTM1",0.128164435686937,0.941414149548235,2.31621567314832,1,2372.46676115985,-0.307314309594028
"1588","CCDC142",0.128333174718506,0.941414149548235,2.31416758421237,1,2372.46676115985,-0.691247088431481
"7074","RNF121",0.128353019906805,0.941414149548235,2.31392690820084,1,2372.46676115985,-0.314273421820551
"1998","MAP2",0.128389026770127,0.941414149548235,2.31349033446888,1,2372.46676115985,1.15568989923727
"7294","TLCD5",0.128556611932895,0.941414149548235,2.31146020199477,1,2372.46676115985,-10
"2126","HDLBP",0.128625120645627,0.941414149548235,2.3106311340748,1,2372.46676115985,0.148195296692776
"6567","EEF1AKMT2",0.128638436354948,0.941414149548235,2.31047004924258,1,2372.46676115985,0.266365224794495
"12719","AIFM1",0.128757907055522,0.941414149548235,2.30902560078089,1,2372.46676115985,0.290074477762137
"10010","AATF",0.12887512122158,0.941414149548235,2.30760988560482,1,2372.46676115985,0.22744710734074
"1686","AFF3",0.128889038642192,0.941414149548235,2.3074418860229,1,2372.46676115985,1.1255102883028
"6386","KIF20B",0.128971255683162,0.941414149548235,2.30644984230785,1,2372.46676115985,0.392775578374445
"12073","S100B",0.128991921606125,0.941414149548235,2.30620059489505,1,2372.46676115985,-0.576552519959519
"3756","PRELID2",0.129045066117431,0.941414149548235,2.30555983431456,1,2372.46676115985,-0.611428399540833
"2537","DZIP3",0.129181353836313,0.941414149548235,2.3039179639539,1,2372.46676115985,0.334246917585752
"12548","MAGED2",0.129262907880238,0.941414149548235,2.30293639828897,1,2372.46676115985,-0.444189056481922
"12432","SCML1",0.129295449738887,0.941414149548235,2.30254492467239,1,2372.46676115985,-0.372503722158134
"4276","LMBRD1",0.129568697090852,0.941414149548235,2.29926212812159,1,2372.46676115985,0.16390622966172
"11203","RPS16",0.129618842252226,0.941414149548235,2.29866052196841,1,2372.46676115985,-0.1035508063376
"10680","DOT1L",0.129624441068589,0.941414149548235,2.29859336743944,1,2372.46676115985,-0.429552378064631
"7154","HIKESHI",0.129652368832417,0.941414149548235,2.29825843854071,1,2372.46676115985,-0.326305257552509
"635","ATXN7L2",0.129688023938438,0.941414149548235,2.29783095495951,1,2372.46676115985,1.3768664526881
"4076","CLIC1",0.129694468722351,0.941414149548235,2.2977536998078,1,2372.46676115985,0.128936768652605
"4150","ANKS1A",0.129702585233589,0.941414149548235,2.2976564113553,1,2372.46676115985,0.159484126013383
"12577","YIPF6",0.129845187011984,0.941414149548235,2.29594822377612,1,2372.46676115985,0.271696155213335
"9447","AKTIP",0.129864376659777,0.941414149548235,2.29571851597895,1,2372.46676115985,0.629072516683989
"10223","MTMR4",0.129959815646466,0.941414149548235,2.29457663502896,1,2372.46676115985,0.442265591620412
"6341","AP3M1",0.130009010496505,0.941414149548235,2.29398840788875,1,2372.46676115985,-0.340177090220042
"7988","C12orf65",0.13011884696871,0.941414149548235,2.29267597905038,1,2372.46676115985,0.32859796811027
"10158","NFE2L1",0.130185962147368,0.941414149548235,2.29187463229935,1,2372.46676115985,0.219959292274372
"4730","NUDCD3",0.130206277218424,0.941414149548235,2.29163216377638,1,2372.46676115985,0.255999238654138
"12064","COL6A1",0.130251797510659,0.941414149548235,2.29108901402305,1,2372.46676115985,-0.666540019767846
"1229","EXOC8",0.130281274459901,0.941414149548235,2.29073740696432,1,2372.46676115985,0.505757029037682
"6681","MRPL17",0.130368564680417,0.941414149548235,2.28969671176576,1,2372.46676115985,-0.280626109723347
"4764","ZNF273",0.130394966612813,0.941414149548235,2.28938209464447,1,2372.46676115985,0.586325929059155
"6962","SNX15",0.130398634776486,0.941414149548235,2.28933838880476,1,2372.46676115985,0.530992601083704
"4715","GLI3",0.130447484448265,0.941414149548235,2.28875648010629,1,2372.46676115985,1.77416802740057
"7675","RNF41",0.130719971750527,0.941414149548235,2.28551500242125,1,2372.46676115985,-0.410335495971847
"2174","SLC6A11",0.130750038075051,0.941414149548235,2.2851577988349,1,2372.46676115985,-10
"10607","SOCS6",0.130823961238871,0.941414149548235,2.2842799427939,1,2372.46676115985,0.256572030660336
"12198","MORC2",0.130896296770323,0.941414149548235,2.28342147602636,1,2372.46676115985,-0.404152151633575
"6819","NR1H3",0.13092216788946,0.941414149548235,2.28311457017741,1,2372.46676115985,0.260651069796813
"3965","PHACTR1",0.130938746504784,0.941414149548235,2.28291793572307,1,2372.46676115985,0.339089584288835
"9537","SLC12A4",0.130955532763262,0.941414149548235,2.28271886678038,1,2372.46676115985,0.48927580321445
"11829","STK4",0.131040653309154,0.941414149548235,2.28170985686742,1,2372.46676115985,-0.141363758547364
"8444","PRKCH",0.131118742625858,0.941414149548235,2.28078483764557,1,2372.46676115985,0.241136884740668
"2950","HTRA3",0.13127767099146,0.941414149548235,2.27890412484291,1,2372.46676115985,-10
"9259","ABCC6",0.131286603393755,0.941414149548235,2.27879849680498,1,2372.46676115985,-0.510891325010098
"12742","MMGT1",0.131321585383977,0.941414149548235,2.27838490267357,1,2372.46676115985,-0.416839000905074
"10563","C18orf32",0.13140578942331,0.941414149548235,2.27738985753988,1,2372.46676115985,0.159174440616669
"8714","ZNF770",0.131431325834173,0.941414149548235,2.27708823263361,1,2372.46676115985,0.312095165135313
"1880","AGPS",0.131433657685859,0.941414149548235,2.27706069308269,1,2372.46676115985,0.19362853287715
"177","HNRNPR",0.131456930344114,0.941414149548235,2.27678586905965,1,2372.46676115985,-0.182584759800616
"6719","RRAS2",0.131563210872806,0.941414149548235,2.27553150523898,1,2372.46676115985,0.735362363185646
"11125","COX6B1",0.131612717186848,0.941414149548235,2.27494759883963,1,2372.46676115985,0.121654789220215
"11084","DPY19L3",0.131653829211804,0.941414149548235,2.27446288597061,1,2372.46676115985,0.463579020874151
"9492","CMTM3",0.131706550376728,0.941414149548235,2.27384154805596,1,2372.46676115985,-0.263105833672047
"4813","TMEM120A",0.13183916225986,0.941414149548235,2.27227989648374,1,2372.46676115985,0.45926865722007
"4419","PKIB",0.13189929913586,0.941414149548235,2.27157229633086,1,2372.46676115985,0.357346357064715
"9944","MYO18A",0.131976756577946,0.941414149548235,2.27066142462224,1,2372.46676115985,-0.338574275729569
"6086","EDF1",0.132041549144111,0.941414149548235,2.26989994584055,1,2372.46676115985,0.119857486163072
"10718","MATK",0.132484755980226,0.941414149548235,2.26470229685307,1,2372.46676115985,0.382686499252151
"12042","PDXK",0.132502808187041,0.941414149548235,2.26449100392029,1,2372.46676115985,-0.160591331848495
"10192","ABCC3",0.132820483670094,0.941414149548235,2.26077801082217,1,2372.46676115985,0.165937466125326
"4275","ADGRB3",0.132834549821615,0.941414149548235,2.26061383506579,1,2372.46676115985,-2.22100847908873
"4357","QRSL1",0.132894424562399,0.941414149548235,2.25991521298655,1,2372.46676115985,-0.398621276147201
"8107","KBTBD7",0.132904459847109,0.941414149548235,2.25979815510381,1,2372.46676115985,-0.71574859507246
"10687","SPPL2B",0.133060294017748,0.941414149548235,2.25798167398582,1,2372.46676115985,0.433965636879267
"582","RPAP2",0.133065767838073,0.941414149548235,2.25791791163226,1,2372.46676115985,0.226216465597522
"1493","RTN4",0.133075877906794,0.941414149548235,2.2578001511754,1,2372.46676115985,-0.116261739910413
"8178","TBC1D4",0.13308543585602,0.941414149548235,2.25768883091376,1,2372.46676115985,0.34263518823594
"9719","CTNS",0.133224518308282,0.941414149548235,2.25606996515656,1,2372.46676115985,-0.425845433927967
"5804","OMD",0.133244872628141,0.941414149548235,2.25583320726295,1,2372.46676115985,-1.80186446235488
"10050","RARA",0.133371723496497,0.941414149548235,2.25435861074343,1,2372.46676115985,-0.525109183260953
"6849","ZDHHC5",0.13338076448158,0.941414149548235,2.25425357235387,1,2372.46676115985,0.248590157250972
"6088","FBXW5",0.133552772824997,0.941414149548235,2.25225669027209,1,2372.46676115985,-0.250569129449203
"10532","ZSCAN30",0.13361115303129,0.941414149548235,2.25157959541211,1,2372.46676115985,0.404716056576822
"6562","CPXM2",0.133643355938462,0.941414149548235,2.25120624697878,1,2372.46676115985,-10
"3812","CYFIP2",0.133682803349343,0.941414149548235,2.25074904555865,1,2372.46676115985,0.617740723227568
"2996","TLR10",0.133707749804215,0.941414149548235,2.25045999026563,1,2372.46676115985,-10
"9026","ZNF592",0.133752989473132,0.941414149548235,2.24993595074325,1,2372.46676115985,-0.261214777755836
"7402","LAG3",0.133778506610228,0.941414149548235,2.24964045713323,1,2372.46676115985,-1.04865086120251
"10659","GAMT",0.13379751491143,0.941414149548235,2.24942037812434,1,2372.46676115985,-0.640330361541954
"8835","ARPP19",0.133817253180587,0.941414149548235,2.24919188451692,1,2372.46676115985,-0.187331824114584
"10263","PSMC5",0.133828466995289,0.941414149548235,2.24906208825425,1,2372.46676115985,0.213558068747039
"3426","TTC33",0.13391682537186,0.941414149548235,2.24803979408228,1,2372.46676115985,0.33874973542273
"6502","GSTO1",0.134049787963251,0.941414149548235,2.2465028563118,1,2372.46676115985,0.115762862821562
"3804","FAXDC2",0.134063725790156,0.941414149548235,2.246341845292,1,2372.46676115985,0.313853487028494
"931","SDHC",0.134145121617086,0.941414149548235,2.24540192726636,1,2372.46676115985,-0.219244348149854
"4655","IGF2BP3",0.134220681686782,0.941414149548235,2.2445299684748,1,2372.46676115985,-0.850370938571769
"10477","ANKRD12",0.134392609797869,0.941414149548235,2.24254797283298,1,2372.46676115985,-0.11963172916964
"7528","RESF1",0.134398924579111,0.941414149548235,2.24247522974644,1,2372.46676115985,-0.220383538523294
"7503","RASSF8",0.134452926038582,0.941414149548235,2.24185331638082,1,2372.46676115985,-0.471667606944996
"11218","HIPK4",0.134519686966993,0.941414149548235,2.24108484351063,1,2372.46676115985,1.18816256570079
"4028","HLA-F",0.134536163505556,0.941414149548235,2.24089525073739,1,2372.46676115985,0.216642466741761
"12686","DOCK11",0.134572987515148,0.941414149548235,2.2404716169253,1,2372.46676115985,-0.192607676873192
"4714","INHBA",0.134579759491573,0.941414149548235,2.24039372431588,1,2372.46676115985,-1.91944737547627
"6478","FBXL15",0.134623828773503,0.941414149548235,2.23988693785575,1,2372.46676115985,0.246189770531717
"7303","JHY",0.134634011637236,0.941414149548235,2.23976986370246,1,2372.46676115985,0.800393458053713
"5292","BRF2",0.134753857117531,0.941414149548235,2.23839272354611,1,2372.46676115985,0.596518808926631
"12060","POFUT2",0.134758451240276,0.941414149548235,2.23833995992642,1,2372.46676115985,0.541962654478017
"3681","CDKL3",0.134758888522887,0.941414149548235,2.23833493782914,1,2372.46676115985,0.393169531730073
"8250","TTC5",0.134876187659663,0.941414149548235,2.23698844055396,1,2372.46676115985,0.439251762759331
"5751","ABHD17B",0.134887881097006,0.941414149548235,2.23685428138956,1,2372.46676115985,-0.318774442515576
"6157","PRPF18",0.13493613115442,0.941414149548235,2.23630084464432,1,2372.46676115985,-0.32853597830181
"8148","KPNA3",0.134946752458854,0.941414149548235,2.23617904613855,1,2372.46676115985,0.179503671715147
"2366","DAG1",0.135008174161455,0.941414149548235,2.23547491067733,1,2372.46676115985,0.474172125458748
"5680","UBE2R2",0.135050826161183,0.941414149548235,2.23498616111371,1,2372.46676115985,-0.140706509160073
"11722","NANP",0.135120353070799,0.941414149548235,2.23418982204735,1,2372.46676115985,0.582233166138563
"12260","TMEM184B",0.135203660931173,0.941414149548235,2.23323624423869,1,2372.46676115985,-0.428661309771174
"6636","LSP1",0.135332336838361,0.941414149548235,2.23176465604123,1,2372.46676115985,0.145806390398989
"11413","TBC1D17",0.135349464383603,0.941414149548235,2.23156889684867,1,2372.46676115985,-0.421738576359899
"5349","FAM110B",0.135353458293287,0.941414149548235,2.2315232524657,1,2372.46676115985,-0.720112857682347
"8989","HYKK",0.135546670550091,0.941414149548235,2.22931692614458,1,2372.46676115985,-10
"9585","ZFHX3",0.135652962715591,0.941414149548235,2.22810465738583,1,2372.46676115985,-0.161800732264168
"1288","GCSAML",0.135692607098837,0.941414149548235,2.22765278306248,1,2372.46676115985,-10
"6041","RALGDS",0.135692619820811,0.941414149548235,2.22765263807869,1,2372.46676115985,0.311418308770769
"1131","G0S2",0.1357237745279,0.941414149548235,2.22729763449284,1,2372.46676115985,-0.506501013969042
"5590","VPS28",0.135760479092255,0.941414149548235,2.22687950812617,1,2372.46676115985,0.175836050125224
"6034","TTF1",0.135775543185264,0.941414149548235,2.22670793955742,1,2372.46676115985,0.29814948176149
"4185","APOBEC2",0.135787872038405,0.941414149548235,2.22656753915461,1,2372.46676115985,-10
"11762","TRPC4AP",0.135789313284359,0.941414149548235,2.22655112724515,1,2372.46676115985,0.159539235143513
"10909","RNASEH2A",0.13584821034623,0.941414149548235,2.22588061518446,1,2372.46676115985,1.34475365753198
"3180","TET2",0.13605813740465,0.941414149548235,2.22349335188292,1,2372.46676115985,0.133996556718577
"8474","RDH11",0.136069914406737,0.941414149548235,2.22335954758471,1,2372.46676115985,-0.255964475019191
"3948","BMP6",0.136133227848658,0.941414149548235,2.22264043478213,1,2372.46676115985,-0.836892026832731
"3876","PRR7",0.136274031740981,0.941414149548235,2.22104252924537,1,2372.46676115985,-10
"9323","GSG1L",0.136285833946706,0.941414149548235,2.22090867656185,1,2372.46676115985,-10
"9236","SNN",0.136362668438618,0.941414149548235,2.22003758876309,1,2372.46676115985,-0.331865078334409
"309","CLSPN",0.13642569295147,0.941414149548235,2.21932347786616,1,2372.46676115985,-1.88444985177608
"1189","SRP9",0.13645517436532,0.941414149548235,2.21898956013927,1,2372.46676115985,-0.196378115093081
"3880","DDX41",0.13655348009936,0.941414149548235,2.2178766958473,1,2372.46676115985,0.360189053916617
"11479","ZNF845",0.136580629281054,0.941414149548235,2.21756951332419,1,2372.46676115985,-0.79422693300231
"1490","ACYP2",0.136813627000726,0.941414149548235,2.21493604423819,1,2372.46676115985,-0.179041549222724
"8482","ERH",0.136939509070409,0.941414149548235,2.21351534603646,1,2372.46676115985,-0.191998331101034
"5260","EPHX2",0.137045462470317,0.941414149548235,2.21232069581805,1,2372.46676115985,-10
"11305","RELB",0.137048641970009,0.941414149548235,2.21228486219153,1,2372.46676115985,-0.268239544528996
"7526","ETFBKMT",0.137122003015487,0.941414149548235,2.21145832657954,1,2372.46676115985,-0.895562595294017
"6232","HNRNPF",0.137165629751141,0.941414149548235,2.21096703301465,1,2372.46676115985,-0.191175859581258
"3460","SLC38A9",0.137296106708711,0.941414149548235,2.20949873819721,1,2372.46676115985,0.206041403811489
"3135","HSD17B11",0.137382918730014,0.941414149548235,2.2085226839344,1,2372.46676115985,0.216110954575477
"12142","DDTL",0.137424187149161,0.941414149548235,2.20805893287823,1,2372.46676115985,-10
"11776","RBM39",0.13745578033095,0.941414149548235,2.20770401216095,1,2372.46676115985,0.137810747040779
"9726","P2RX1",0.137491914940305,0.941414149548235,2.20729818474841,1,2372.46676115985,0.464789569893728
"7481","PDE6H",0.137506856456459,0.941414149548235,2.20713041168852,1,2372.46676115985,-10
"7743","MDM2",0.137697131271268,0.941414149548235,2.20499566840263,1,2372.46676115985,0.163976965830366
"11987","SYNJ1",0.137736222557991,0.941414149548235,2.2045575025887,1,2372.46676115985,0.186315661906764
"9358","TMEM219",0.137905672120458,0.941414149548235,2.20265979020679,1,2372.46676115985,0.129156890912295
"232","FGR",0.13801292367646,0.941414149548235,2.20146000152944,1,2372.46676115985,0.348925676404828
"577","ZNF644",0.138016090462522,0.941414149548235,2.20142459160941,1,2372.46676115985,0.144095893170534
"9512","ELMO3",0.138096889082907,0.941414149548235,2.20052143719044,1,2372.46676115985,-10
"9851","CDRT1",0.138276066677322,0.941414149548235,2.19852073101147,1,2372.46676115985,-10
"4749","SEC61G",0.138408197364886,0.941414149548235,2.19704721538588,1,2372.46676115985,0.174447724905495
"11626","PSMF1",0.138561336074896,0.941414149548235,2.19534139269255,1,2372.46676115985,-0.217420276487829
"10195","TOB1",0.138845184487144,0.941414149548235,2.19218517340735,1,2372.46676115985,0.319820500397536
"11821","FITM2",0.138954600063184,0.941414149548235,2.19097047297271,1,2372.46676115985,-1.01816914096639
"2169","VHL",0.139044664695179,0.941414149548235,2.1899714065036,1,2372.46676115985,-0.278408871937915
"10913","SYCE2",0.139046914536194,0.941414149548235,2.18994645882974,1,2372.46676115985,-10
"11039","GATAD2A",0.139167673807318,0.941414149548235,2.18860806742118,1,2372.46676115985,-0.187817013896809
"1749","TMEM185B",0.139217554284396,0.941414149548235,2.1880556157568,1,2372.46676115985,0.552577375261971
"721","PEX11B",0.139224759540333,0.941414149548235,2.18797583224972,1,2372.46676115985,-0.524991614264155
"5467","RRM2B",0.139281861972781,0.941414149548235,2.18734370322827,1,2372.46676115985,0.216046033827603
"10374","TMC8",0.139360744889774,0.941414149548235,2.18647094074751,1,2372.46676115985,0.303500165713851
"9438","BRD7",0.139387375058063,0.941414149548235,2.18617642915537,1,2372.46676115985,0.194307866662831
"8756","JMJD7",0.13963217875332,0.941414149548235,2.18347202279127,1,2372.46676115985,0.55365622787318
"3981","KIF13A",0.139650975973665,0.941414149548235,2.18326458544223,1,2372.46676115985,-0.12504732758395
"12569","ZC4H2",0.139824778353294,0.941414149548235,2.18134806761924,1,2372.46676115985,-0.619518430315767
"5159","ACTR3B",0.140040488414417,0.941414149548235,2.17897315187253,1,2372.46676115985,0.504028886373563
"1975","CARF",0.140183653185759,0.941414149548235,2.17739920984705,1,2372.46676115985,0.330872436870099
"9325","NPIPB7",0.14037083876285,0.941414149548235,2.17534402861108,1,2372.46676115985,-10
"4189","TREM1",0.140476116753004,0.941414149548235,2.17418949425603,1,2372.46676115985,0.740649926555197
"5838","TRMO",0.140996971976909,0.941414149548235,2.16849178909871,1,2372.46676115985,-0.541295729552919
"5502","ZHX2",0.141077554485252,0.941414149548235,2.1676123997022,1,2372.46676115985,-0.268861392278657
"8512","FAM161B",0.141213379983958,0.941414149548235,2.16613142598563,1,2372.46676115985,-1.34563961290748
"10262","FTSJ3",0.1412263769688,0.941414149548235,2.16598979728282,1,2372.46676115985,-0.510558737961776
"3706","REEP2",0.141364436194439,0.941414149548235,2.1644862639546,1,2372.46676115985,1.33449086080177
"1479","MSH2",0.14146055750482,0.941414149548235,2.16344042987143,1,2372.46676115985,0.48026331920794
"6894","BEST1",0.141583128361766,0.941414149548235,2.16210797389238,1,2372.46676115985,0.315398482469754
"2463","PTPRG",0.141663461632057,0.941414149548235,2.16123538216879,1,2372.46676115985,-10
"8378","KLHDC1",0.141751374457632,0.941414149548235,2.16028109771556,1,2372.46676115985,0.303269169566107
"439","FAF1",0.141763599414657,0.941414149548235,2.16014844981407,1,2372.46676115985,-0.161323341609327
"10294","ABCA6",0.141769182726721,0.941414149548235,2.16008787190706,1,2372.46676115985,-10
"4436","AKAP7",0.141779427376673,0.941414149548235,2.15997672632142,1,2372.46676115985,0.268484476858499
"7616","ATG101",0.141815313172577,0.941414149548235,2.15958746772016,1,2372.46676115985,-0.466577530022974
"9296","EEF2K",0.141861163354542,0.941414149548235,2.15909028510574,1,2372.46676115985,-0.249584175574316
"8686","GOLGA8Q",0.14193221826171,0.941414149548235,2.15832014865191,1,2372.46676115985,1.36321350501492
"1100","DSTYK",0.141942388961748,0.941414149548235,2.15820994787893,1,2372.46676115985,-0.244560743564136
"2138","CRBN",0.141979950306822,0.941414149548235,2.15780304309364,1,2372.46676115985,-0.246038008854888
"10022","PCGF2",0.14200670216191,0.941414149548235,2.15751331212783,1,2372.46676115985,-1.13657139527694
"2339","SHISA5",0.142066593651928,0.941414149548235,2.15686489108116,1,2372.46676115985,0.179464512868497
"7364","CACNA1C",0.14207487897566,0.941414149548235,2.15677521343084,1,2372.46676115985,1.24647854725719
"9992","SLFN13",0.142152679778503,0.941414149548235,2.15593340973487,1,2372.46676115985,1.58194710828192
"10501","ROCK1",0.142202862902575,0.941414149548235,2.15539070391543,1,2372.46676115985,0.110851987914941
"9652","MVD",0.142373043241792,0.941414149548235,2.15355189031793,1,2372.46676115985,0.438502921268101
"8772","TMEM62",0.142409573531056,0.941414149548235,2.15315749972223,1,2372.46676115985,-0.305649226649186
"11160","ZNF568",0.142415028526943,0.941414149548235,2.153098615923,1,2372.46676115985,0.522353586192525
"7510","MED21",0.142421389016365,0.941414149548235,2.15302996100409,1,2372.46676115985,0.283185425319013
"5499","MRPL13",0.142470106249721,0.941414149548235,2.15250422313853,1,2372.46676115985,0.2461100892769
"10030","RPL19",0.142498683978068,0.941414149548235,2.15219591728757,1,2372.46676115985,0.0870605308020955
"10272","DDX5",0.142564944126323,0.941414149548235,2.1514813488097,1,2372.46676115985,-0.0952149512012224
"7538","ABCD2",0.142609753380232,0.941414149548235,2.1509983247447,1,2372.46676115985,-10
"9436","TENT4B",0.142752941968804,0.941414149548235,2.14945595891347,1,2372.46676115985,0.198220372834673
"9561","WWP2",0.142797794004747,0.941414149548235,2.14897319019379,1,2372.46676115985,0.176298074144421
"8163","THSD1",0.142800046617951,0.941414149548235,2.14894894850041,1,2372.46676115985,1.02445119189874
"7854","BTBD11",0.14281303520254,0.941414149548235,2.14880917911041,1,2372.46676115985,-1.24125083376718
"5228","REEP4",0.142835619799517,0.941414149548235,2.14856618166473,1,2372.46676115985,-0.388223486670013
"10428","ASPSCR1",0.142885437761565,0.941414149548235,2.14803032154546,1,2372.46676115985,-0.428540609677443
"1747","PTPN4",0.143011157970362,0.941414149548235,2.14667896374821,1,2372.46676115985,0.308985923220605
"4086","C2",0.143158626129359,0.941414149548235,2.14509554207456,1,2372.46676115985,-0.296368058313668
"10073","STAT3",0.143199063901169,0.941414149548235,2.14466166714116,1,2372.46676115985,-0.15518444427121
"12158","HPS4",0.143221298942043,0.941414149548235,2.14442315622011,1,2372.46676115985,0.326997407628209
"1993","FZD5",0.143267186861962,0.941414149548235,2.14393105728204,1,2372.46676115985,0.677811501149922
"4844","ABCB1",0.143478971795,0.941414149548235,2.14166218743297,1,2372.46676115985,0.981591158102627
"9868","FLCN",0.143765584913604,0.941414149548235,2.13859767529077,1,2372.46676115985,0.302425768119498
"2927","LYAR",0.143827767105825,0.941414149548235,2.13793372194936,1,2372.46676115985,-0.513007748397783
"6122","PITRM1",0.143833748824561,0.941414149548235,2.13786986890855,1,2372.46676115985,-0.482665828500639
"978","SELL",0.144019230919187,0.941414149548235,2.1358913866555,1,2372.46676115985,-0.550393398846883
"2597","SLC49A4",0.144027048925582,0.941414149548235,2.13580805736222,1,2372.46676115985,0.2001863242199
"3346","ACSL1",0.144068324526245,0.941414149548235,2.13536820016479,1,2372.46676115985,-0.197971716621258
"10905","GET3",0.144086849059093,0.941414149548235,2.13517083794716,1,2372.46676115985,-0.306403231060229
"12461","PRRG1",0.144142662356328,0.941414149548235,2.13457637029102,1,2372.46676115985,-0.443598620386557
"6720","COPB1",0.144368112578643,0.941414149548235,2.1321777358546,1,2372.46676115985,-0.178434459070175
"12675","ATG4A",0.144428441580678,0.941414149548235,2.13153659277306,1,2372.46676115985,0.418058724492476
"3875","GRK6",0.144520091328502,0.941414149548235,2.13056316747936,1,2372.46676115985,-0.326989570863312
"9231","CLEC16A",0.144536127575696,0.941414149548235,2.13039291567824,1,2372.46676115985,0.186462612683082
"2745","RARRES1",0.144585431383454,0.941414149548235,2.12986960594003,1,2372.46676115985,0.400990572708329
"3932","PRPF4B",0.144591359152314,0.941414149548235,2.12980670225027,1,2372.46676115985,0.156486812797029
"2072","SP140",0.144614142341895,0.941414149548235,2.12956496098445,1,2372.46676115985,-0.254646360230298
"7260","FXYD2",0.144868082845801,0.941414149548235,2.12687342468002,1,2372.46676115985,-0.61974852875337
"4727","POLM",0.144876035968584,0.941414149548235,2.12678921477962,1,2372.46676115985,0.457860168919029
"11154","ZNF461",0.144981244417676,0.941414149548235,2.12567572831159,1,2372.46676115985,-0.794150194255383
"7457","TAS2R14",0.144994279895844,0.941414149548235,2.12553782916043,1,2372.46676115985,0.954314862115753
"9832","PIK3R6",0.145171509324546,0.941414149548235,2.1236643477857,1,2372.46676115985,-0.302285201876096
"885","ARHGEF11",0.145191474267759,0.941414149548235,2.12345346121801,1,2372.46676115985,-0.175526322610984
"292","AZIN2",0.14520821927396,0.941414149548235,2.12327661154996,1,2372.46676115985,-1.21268651038903
"4644","SP4",0.145238572251483,0.941414149548235,2.12295610210778,1,2372.46676115985,-0.427669397673514
"7608","SMAGP",0.14528883891633,0.941414149548235,2.12242548200381,1,2372.46676115985,-10
"12107","RANBP1",0.145368168191933,0.941414149548235,2.12158849496277,1,2372.46676115985,0.298920976364361
"3828","WWC1",0.145453591445463,0.941414149548235,2.12068778732482,1,2372.46676115985,1.42349867946213
"144","ARHGEF10L",0.145464452033096,0.941414149548235,2.12057331541426,1,2372.46676115985,-0.249903840820751
"8522","LTBP2",0.145474118625652,0.941414149548235,2.12047143646324,1,2372.46676115985,-0.913060745501096
"7366","ITFG2",0.145481564841448,0.941414149548235,2.12039296389567,1,2372.46676115985,-0.313059956578203
"6401","FRA10AC1",0.145521065311171,0.941414149548235,2.11997676062511,1,2372.46676115985,0.247615619676572
"9284","DCUN1D3",0.145703139917118,0.941414149548235,2.11805994705339,1,2372.46676115985,0.642709851831006
"9157","ABCA3",0.14579448029362,0.941414149548235,2.11709936695648,1,2372.46676115985,-1.15918432486936
"4289","SLC17A5",0.14589733557571,0.941414149548235,2.11601850272491,1,2372.46676115985,-0.181850585616237
"6376","ANKRD22",0.145982556881365,0.941414149548235,2.1151235977079,1,2372.46676115985,1.75996488384199
"2964","BST1",0.146059817084485,0.941414149548235,2.11431280106291,1,2372.46676115985,-0.367359412236324
"8864","BNIP2",0.14608891329349,0.941414149548235,2.11400758028665,1,2372.46676115985,-0.172114924255465
"8091","SPART",0.146118611131849,0.941414149548235,2.11369611910448,1,2372.46676115985,-0.189718655695968
"2681","CLSTN2",0.146233132586786,0.941414149548235,2.11249572406652,1,2372.46676115985,1.96700379433555
"6272","RTKN2",0.146427281039774,0.941414149548235,2.11046311338837,1,2372.46676115985,-10
"7062","IGHMBP2",0.14644519614278,0.941414149548235,2.11027570694472,1,2372.46676115985,0.501485066739944
"4439","ENPP1",0.146521817996667,0.941414149548235,2.10947447233836,1,2372.46676115985,1.95129111978968
"3240","ELF2",0.146587423184542,0.941414149548235,2.10878881466879,1,2372.46676115985,-0.137175094531146
"5840","NANS",0.146705298105202,0.941414149548235,2.10755774153152,1,2372.46676115985,-0.246676965807175
"8725","SRP14",0.146737267636025,0.941414149548235,2.10722404760274,1,2372.46676115985,0.0982276068475632
"1958","FAM126B",0.14703958442371,0.941414149548235,2.10407255469182,1,2372.46676115985,-0.242347405107577
"5056","MKLN1",0.147089919369097,0.941414149548235,2.10354854984056,1,2372.46676115985,-0.125083550235788
"5246","R3HCC1",0.14716210487776,0.941414149548235,2.10279742603614,1,2372.46676115985,-0.475653101771433
"9364","ALDOA",0.14720624839212,0.941414149548235,2.10233829718212,1,2372.46676115985,-0.558866749624587
"4074","ABHD16A",0.147269053976237,0.941414149548235,2.10168533531983,1,2372.46676115985,-0.310542058870402
"12303","POLR3H",0.147312166679889,0.941414149548235,2.10123729359826,1,2372.46676115985,-0.592625907286705
"7210","RAB39A",0.147312880953783,0.941414149548235,2.10122987187056,1,2372.46676115985,-0.31955902980075
"265","TINAGL1",0.147466877687133,0.941414149548235,2.09963070297415,1,2372.46676115985,-10
"12538","KANTR",0.147545141509824,0.941414149548235,2.09881870010352,1,2372.46676115985,-0.317581365736359
"11087","NUDT19",0.14787353515644,0.941414149548235,2.09541684533885,1,2372.46676115985,0.44599046112506
"8379","KLHDC2",0.147892636849095,0.941414149548235,2.09521923213867,1,2372.46676115985,-0.355133091160983
"1023","MR1",0.14793834955628,0.941414149548235,2.09474643641363,1,2372.46676115985,0.194971091673806
"6397","HHEX",0.14807355666075,0.941414149548235,2.09334898673835,1,2372.46676115985,0.366376555876741
"1031","NMNAT2",0.148100533757308,0.941414149548235,2.0930703341536,1,2372.46676115985,-10
"4707","AMPH",0.148112453519417,0.941414149548235,2.09294723047854,1,2372.46676115985,1.1886129359295
"9831","MYH10",0.148188766204728,0.941414149548235,2.09215936143727,1,2372.46676115985,1.03482427037725
"1444","DHX57",0.148255413205242,0.941414149548235,2.09147165799096,1,2372.46676115985,-0.332726113578654
"7697","LRP1",0.148410551577067,0.941414149548235,2.08987219999307,1,2372.46676115985,0.116872275081091
"8561","ADCK1",0.148826250346998,0.941414149548235,2.08559569373258,1,2372.46676115985,0.410604182992235
"3726","EIF4EBP3",0.148883626778465,0.941414149548235,2.08500649353391,1,2372.46676115985,-0.483558873519676
"3599","ST8SIA4",0.149033072701606,0.941414149548235,2.08347303339144,1,2372.46676115985,-0.148689248249659
"826","UBE2Q1",0.149036915478073,0.941414149548235,2.08343362570613,1,2372.46676115985,0.265779804325422
"1140","SLC30A1",0.149075104331704,0.941414149548235,2.08304206131243,1,2372.46676115985,-0.333828814666645
"1316","KLF11",0.149173566729798,0.941414149548235,2.08203301299945,1,2372.46676115985,-0.506225606262882
"12398","ANOS1",0.149251070811177,0.941414149548235,2.08123927627479,1,2372.46676115985,0.767616642426396
"1702","C2orf49",0.149253657051446,0.941414149548235,2.08121279804294,1,2372.46676115985,-0.38933036907865
"619","VAV3",0.149351520010918,0.941414149548235,2.08021124664569,1,2372.46676115985,-0.118269585980878
"5638","SNAPC3",0.149387883283743,0.941414149548235,2.07983928588398,1,2372.46676115985,0.244299531929675
"6123","KLF6",0.149391667414512,0.941414149548235,2.07980058380473,1,2372.46676115985,0.177234721854277
"5768","CEP78",0.149396964090814,0.941414149548235,2.07974641407519,1,2372.46676115985,-0.503243069574379
"4808","POM121C",0.149439258319999,0.941414149548235,2.07931394393374,1,2372.46676115985,-0.295063779517561
"12192","MTFP1",0.149469722948134,0.941414149548235,2.07900252047538,1,2372.46676115985,-0.580693236012254
"12392","XG",0.149505304519978,0.941414149548235,2.07863888013511,1,2372.46676115985,1.98218175495691
"4106","HLA-DQA1",0.1495898137313,0.941414149548235,2.07777559606643,1,2372.46676115985,0.287516957047415
"6337","NDST2",0.149613688653596,0.941414149548235,2.07753180731512,1,2372.46676115985,0.330290011270249
"2430","SFMBT1",0.149672427604446,0.941414149548235,2.07693220642179,1,2372.46676115985,0.236931335222637
"3662","PDLIM4",0.149704757987544,0.941414149548235,2.07660229490575,1,2372.46676115985,0.677418983291884
"6922","WDR74",0.149728378049449,0.941414149548235,2.07636131776155,1,2372.46676115985,-0.773899246161218
"6560","ACADSB",0.149736581804712,0.941414149548235,2.07627763128023,1,2372.46676115985,0.41606228387901
"7256","RNF214",0.149766220869561,0.941414149548235,2.07597532648679,1,2372.46676115985,-0.297477153226747
"6862","STX3",0.149778536266503,0.941414149548235,2.075849735019,1,2372.46676115985,0.24015472946847
"3845","RPL26L1",0.149839793254582,0.941414149548235,2.0752252144949,1,2372.46676115985,-0.299247017237518
"3215","C4orf3",0.149885408623021,0.941414149548235,2.07476034928426,1,2372.46676115985,-0.122671321236638
"8525","YLPM1",0.149953003736529,0.941414149548235,2.07407178321122,1,2372.46676115985,0.193680831778572
"2839","IL1RAP",0.150247786866326,0.941414149548235,2.07107303777144,1,2372.46676115985,-0.378166186352345
"4570","DNAAF5",0.150291315678728,0.941414149548235,2.0706307956208,1,2372.46676115985,-0.703538630662572
"10401","BAIAP2",0.150316857098765,0.941414149548235,2.07037136847594,1,2372.46676115985,-0.329737556860376
"418","GPBP1L1",0.150435391178384,0.941414149548235,2.06916805679765,1,2372.46676115985,0.147461840303008
"2606","HEG1",0.150446240022032,0.941414149548235,2.06905797717693,1,2372.46676115985,0.477174599464395
"11092","RHPN2",0.150523246952865,0.941414149548235,2.06827687149426,1,2372.46676115985,-10
"1304","RNF144A",0.150767859936653,0.941414149548235,2.06579868163313,1,2372.46676115985,0.769957321207568
"3636","SRFBP1",0.15082790560429,0.941414149548235,2.06519105082807,1,2372.46676115985,-0.267973125274367
"9474","ADGRG1",0.150839300887224,0.941414149548235,2.06507576743126,1,2372.46676115985,-10
"6460","PDZD7",0.150853246411336,0.941414149548235,2.06493469725999,1,2372.46676115985,-1.33588142988992
"8946","STOML1",0.150879504949588,0.941414149548235,2.06466911113412,1,2372.46676115985,0.871572964766551
"8350","FAM177A1",0.150887702114194,0.941414149548235,2.06458621345913,1,2372.46676115985,0.232256483081623
"6177","TMEM236",0.150975373039868,0.941414149548235,2.0636999188214,1,2372.46676115985,-1.01280489240755
"8231","ARHGEF7",0.150978368374163,0.941414149548235,2.06366964828258,1,2372.46676115985,-0.222247933194286
"5117","ZNF786",0.150991078776733,0.941414149548235,2.06354120583183,1,2372.46676115985,-0.499292061801616
"6155","SEPHS1",0.151059831176946,0.941414149548235,2.06284665423206,1,2372.46676115985,0.375229964288215
"11694","DZANK1",0.151119930056553,0.941414149548235,2.06223981548913,1,2372.46676115985,-0.756412915100774
"10102","TMEM106A",0.151214270740398,0.941414149548235,2.06128777660938,1,2372.46676115985,0.193214689782644
"11495","TSEN34",0.151274259423258,0.941414149548235,2.0606827506546,1,2372.46676115985,0.296569131245669
"9575","PHLPP2",0.151285919494482,0.941414149548235,2.06056518258235,1,2372.46676115985,0.471874628802813
"5586","FBXL6",0.151323888796331,0.941414149548235,2.06018241060094,1,2372.46676115985,-0.821675981586366
"4658","FAM221A",0.151331949217038,0.941414149548235,2.06010116676328,1,2372.46676115985,0.687056504607549
"2275","EIF1B",0.151385879168254,0.941414149548235,2.05955771372265,1,2372.46676115985,0.205460364489414
"7142","DDIAS",0.151407528078945,0.941414149548235,2.05933961895052,1,2372.46676115985,1.77791149333342
"2159","TTLL3",0.151421614607394,0.941414149548235,2.05919772785663,1,2372.46676115985,-0.350650228050827
"8608","DDX24",0.151529051274414,0.941414149548235,2.05811602902613,1,2372.46676115985,-0.141818620979803
"4052","GTF2H4",0.151553899004652,0.941414149548235,2.0578659796392,1,2372.46676115985,-0.633680935745519
"3660","MEIKIN",0.151634114450179,0.941414149548235,2.05705906687214,1,2372.46676115985,-0.19457380707268
"8986","DNAJA4",0.15174500832986,0.941414149548235,2.05594434587368,1,2372.46676115985,0.522755441336095
"6283","HNRNPH3",0.151820702543298,0.941414149548235,2.0551839867154,1,2372.46676115985,-0.205406812902845
"6791","API5",0.151914829797587,0.941414149548235,2.05423906391058,1,2372.46676115985,0.22744262552796
"7092","RELT",0.151952026586335,0.941414149548235,2.05386583637203,1,2372.46676115985,-0.321529560543031
"2049","DNPEP",0.152013320700511,0.941414149548235,2.05325104530842,1,2372.46676115985,0.323040592934911
"3635","PRR16",0.152033190145129,0.941414149548235,2.05305181146165,1,2372.46676115985,-1.03445507796608
"8311","IPO4",0.152215090580448,0.941414149548235,2.05122923930652,1,2372.46676115985,1.02618147830158
"5300","NSD3",0.152253421792431,0.941414149548235,2.05084549019951,1,2372.46676115985,0.14123639649092
"10035","TCAP",0.152345713363099,0.941414149548235,2.0499219713361,1,2372.46676115985,-10
"11914","SS18L1",0.15242016278877,0.941414149548235,2.04917745245017,1,2372.46676115985,-0.388566466452199
"11624","FAM110A",0.152533611322506,0.941414149548235,2.04804372180701,1,2372.46676115985,-0.565771812409702
"7812","IKBIP",0.152737356257184,0.941414149548235,2.04601002548989,1,2372.46676115985,0.280827642252969
"9967","COPRS",0.152833928067331,0.941414149548235,2.04504716028326,1,2372.46676115985,-0.258674418601019
"4207","C6orf226",0.152914635612438,0.941414149548235,2.04424299803136,1,2372.46676115985,-0.607713209946425
"1154","PROX1",0.152921395471559,0.941414149548235,2.04417566528386,1,2372.46676115985,1.32870237208421
"3983","TPMT",0.153038157793062,0.941414149548235,2.04301316625804,1,2372.46676115985,-0.238038827816996
"866","SLC25A44",0.153081954843031,0.941414149548235,2.04257737715943,1,2372.46676115985,0.373160690741172
"1830","PSMD14",0.153088890064907,0.941414149548235,2.04250838332968,1,2372.46676115985,-0.201786125521149
"11522","PPP6R1",0.153138243202176,0.941414149548235,2.04201750469318,1,2372.46676115985,0.217633473429518
"3578","ARRDC3",0.153160247044474,0.941414149548235,2.04179870679679,1,2372.46676115985,-0.284141378126922
"5423","TMEM64",0.153222394261875,0.941414149548235,2.04118093080695,1,2372.46676115985,-0.550836087276068
"10090","CNTD1",0.153234763533813,0.941414149548235,2.04105800765227,1,2372.46676115985,1.29127988260157
"1946","C2orf69",0.153257205841744,0.941414149548235,2.04083500956726,1,2372.46676115985,-0.47874078206381
"7209","SLC35F2",0.153403573079786,0.941414149548235,2.03938153871815,1,2372.46676115985,0.784507815101942
"5085","PARP12",0.153414225459619,0.941414149548235,2.03927581877778,1,2372.46676115985,-0.181550653867803
"10472","LAMA1",0.15353663592435,0.941414149548235,2.03806154881034,1,2372.46676115985,0.74361445173189
"11788","DSN1",0.153614248656103,0.941414149548235,2.03729222575169,1,2372.46676115985,-0.501673087353667
"4677","WIPF3",0.153614448891885,0.941414149548235,2.03729024151869,1,2372.46676115985,0.858526716629993
"3447","MRPS30",0.153634704568684,0.941414149548235,2.03708953340141,1,2372.46676115985,-0.489293083023099
"9665","RPL13",0.153656193177364,0.941414149548235,2.03687664130199,1,2372.46676115985,0.0770630801803291
"8644","CKB",0.153697628827559,0.941414149548235,2.03646622506588,1,2372.46676115985,0.752628390637501
"365","SLFNL1",0.153776644267976,0.941414149548235,2.03568393232059,1,2372.46676115985,-10
"1371","MAPRE3",0.153784059205758,0.941414149548235,2.03561054409986,1,2372.46676115985,0.456329246312087
"129","SPEN",0.153805713694477,0.941414149548235,2.03539624506525,1,2372.46676115985,-0.158872805539651
"10810","ZNF558",0.153865515063744,0.941414149548235,2.03480461130603,1,2372.46676115985,-0.867751821477943
"7150","CREBZF",0.153877855640292,0.941414149548235,2.03468255457332,1,2372.46676115985,0.271265986830646
"4876","PDK4",0.153988035827447,0.941414149548235,2.03359328925653,1,2372.46676115985,0.30684591726775
"8631","HSP90AA1",0.154048530592433,0.941414149548235,2.03299560084729,1,2372.46676115985,-0.109298033049541
"11208","DYRK1B",0.15417041930257,0.941414149548235,2.03179214866697,1,2372.46676115985,-0.561771460838901
"5072","MTPN",0.154187289731638,0.941414149548235,2.03162566576714,1,2372.46676115985,0.128373867230745
"145","IGSF21",0.15429899451397,0.941414149548235,2.03052384786716,1,2372.46676115985,1.81309107236879
"2108","ILKAP",0.154435532923365,0.941414149548235,2.02917830846558,1,2372.46676115985,-0.277276586483443
"3148","TIGD2",0.154456588431775,0.941414149548235,2.02897093378821,1,2372.46676115985,-0.882849521156132
"6118","GTPBP4",0.154493216260575,0.941414149548235,2.02861026453544,1,2372.46676115985,-0.345237581938963
"1636","RGPD2",0.154558357281799,0.941414149548235,2.02796906949858,1,2372.46676115985,-1.70686428389587
"11031","TMEM161A",0.154633886281471,0.941414149548235,2.02722600762167,1,2372.46676115985,-0.609036019837995
"9187","ZNF597",0.154767194903861,0.941414149548235,2.02591550885755,1,2372.46676115985,0.703256387818187
"11892","FAM209B",0.154918976564277,0.941414149548235,2.02442496910407,1,2372.46676115985,-10
"3535","S100Z",0.154951411523196,0.941414149548235,2.02410666346222,1,2372.46676115985,0.435147962261852
"6383","IFIT1",0.154962051809033,0.941414149548235,2.0240022598004,1,2372.46676115985,-0.176808985274092
"6565","LHPP",0.155015032380906,0.941414149548235,2.02348252971476,1,2372.46676115985,0.298222947577392
"7078","LAMTOR1",0.155023585732511,0.941414149548235,2.02339864175175,1,2372.46676115985,-0.168225739021343
"2349","P4HTM",0.155062746888508,0.941414149548235,2.02301463139458,1,2372.46676115985,-0.419300876617753
"6381","IFIT2",0.155148380741259,0.941414149548235,2.02217529803166,1,2372.46676115985,-0.219496218003008
"9230","DEXI",0.155254561484213,0.941414149548235,2.0211353062817,1,2372.46676115985,-0.309724012223364
"11426","C19orf81",0.155321073590539,0.941414149548235,2.02048426206657,1,2372.46676115985,-10
"9460","MT1F",0.155405923828668,0.941414149548235,2.01965417717308,1,2372.46676115985,0.438074899230091
"4556","AFDN",0.1554389455657,0.941414149548235,2.01933126660694,1,2372.46676115985,0.589660635434046
"4405","KPNA5",0.155522647429616,0.941414149548235,2.01851311785409,1,2372.46676115985,-0.32279705862631
"4130","TAPBP",0.155565557754405,0.941414149548235,2.01809388229938,1,2372.46676115985,-0.142847480624598
"893","AIM2",0.155574193788167,0.941414149548235,2.01800952379072,1,2372.46676115985,-0.678911942066542
"1807","CACNB4",0.155745830578319,0.941414149548235,2.01633404390246,1,2372.46676115985,-0.960532798216913
"12227","MYH9",0.155823617410446,0.941414149548235,2.01557539693986,1,2372.46676115985,0.142839104782346
"9040","FANCI",0.155892647346657,0.941414149548235,2.01490251535909,1,2372.46676115985,-0.712317003102635
"9618","CDH13",0.155946437165758,0.941414149548235,2.01437842417792,1,2372.46676115985,-10
"9530","NUTF2",0.156205157807008,0.941414149548235,2.01186049432722,1,2372.46676115985,-0.335052051035904
"6959","MAJIN",0.156340385978595,0.941414149548235,2.01054630748375,1,2372.46676115985,-10
"12141","GSTT2B",0.156343522051971,0.941414149548235,2.01051584553784,1,2372.46676115985,0.483915810787857
"5622","JAK2",0.156370630318704,0.941414149548235,2.01025256095235,1,2372.46676115985,-0.174270220125194
"10638","CFD",0.156416552109111,0.941414149548235,2.00980667147309,1,2372.46676115985,-0.187904877400905
"6227","AL117339.4",0.156448813044931,0.941414149548235,2.0094935145669,1,2372.46676115985,-10
"10643","GRIN3B",0.156486515798903,0.941414149548235,2.00912762694105,1,2372.46676115985,-10
"8438","PCNX4",0.156562277873593,0.941414149548235,2.0083926942915,1,2372.46676115985,-0.180229108113091
"8647","KLC1",0.156612426463354,0.941414149548235,2.00790644848984,1,2372.46676115985,-0.183533110429405
"8926","KIF23",0.156699735643859,0.941414149548235,2.00706031205452,1,2372.46676115985,-1.96923016021516
"9689","TIMM22",0.156747190860032,0.941414149548235,2.0066006357739,1,2372.46676115985,-0.518551154194635
"198","RSRP1",0.156789784635918,0.941414149548235,2.00618818469722,1,2372.46676115985,0.13708439911837
"2258","PLCD1",0.156828554147996,0.941414149548235,2.00581287610306,1,2372.46676115985,0.691468334295584
"10037","ERBB2",0.156833349290318,0.941414149548235,2.00576646401767,1,2372.46676115985,-1.69962378525065
"4075","DDAH2",0.157038377630083,0.941414149548235,2.00378350697272,1,2372.46676115985,0.246942035579841
"11195","PAK4",0.157069321498373,0.941414149548235,2.00348448521932,1,2372.46676115985,-0.551522446469199
"3819","PWWP2A",0.157089907267384,0.941414149548235,2.00328559462028,1,2372.46676115985,0.288976700236113
"6568","ABRAXAS2",0.157129070633983,0.941414149548235,2.00290729731013,1,2372.46676115985,-0.276294969366838
"1025","CACNA1E",0.157160994080883,0.941414149548235,2.00259901309916,1,2372.46676115985,-10
"4603","FSCN1",0.157227350841403,0.941414149548235,2.00195843475431,1,2372.46676115985,-0.643820537623919
"7051","NDUFS8",0.157336196795558,0.941414149548235,2.00090835041962,1,2372.46676115985,-0.192154263953835
"2782","ZNF639",0.157443977725364,0.941414149548235,1.99986935475885,1,2372.46676115985,0.384801068580918
"9621","OSGIN1",0.157473353064638,0.941414149548235,1.99958632019927,1,2372.46676115985,-0.962875545849969
"9883","FLII",0.157488557173823,0.941414149548235,1.9994398505563,1,2372.46676115985,0.230827768656281
"10071","STAT5B",0.157546663274652,0.941414149548235,1.99888023033564,1,2372.46676115985,0.190655729659001
"7257","BACE1",0.157580530880977,0.941414149548235,1.99855415951131,1,2372.46676115985,0.286084253530327
"8454","AKAP5",0.157779007285547,0.941414149548235,1.99664486811048,1,2372.46676115985,1.31442731081598
"9518","HSD11B2",0.157871702910411,0.941414149548235,1.99575409627596,1,2372.46676115985,-10
"11670","CRLS1",0.158011564202343,0.941414149548235,1.9944112050859,1,2372.46676115985,-0.31042181562667
"3864","GPRIN1",0.158149584397391,0.941414149548235,1.99308731683009,1,2372.46676115985,-10
"1040","NIBAN1",0.158300969269373,0.941414149548235,1.99163674607347,1,2372.46676115985,-0.380432201007968
"599","PTBP2",0.158402112351199,0.941414149548235,1.99066847207628,1,2372.46676115985,-0.18578606205719
"8036","ZNF268",0.158487004309438,0.941414149548235,1.98985631822119,1,2372.46676115985,0.499558299397093
"6313","ASCC1",0.158570000259287,0.941414149548235,1.98906278194803,1,2372.46676115985,-0.245173908870773
"6662","TRIM6",0.158592323596815,0.941414149548235,1.9888494259861,1,2372.46676115985,-0.445483113046775
"558","COL24A1",0.158735149939183,0.941414149548235,1.98748516771069,1,2372.46676115985,-1.29569464481153
"5583","HSF1",0.15874628513912,0.941414149548235,1.98737886449432,1,2372.46676115985,0.25806714576209
"1557","NAGK",0.158889072196369,0.941414149548235,1.98601648667937,1,2372.46676115985,0.132139829940407
"3536","CRHBP",0.158944178905449,0.941414149548235,1.98549106844238,1,2372.46676115985,0.676403744519104
"10003","CCL4L2",0.159028603548928,0.941414149548235,1.9846865188336,1,2372.46676115985,-10
"712","NBPF20",0.159044677672758,0.941414149548235,1.98453339084121,1,2372.46676115985,0.913291547848398
"1137","KCNH1",0.159097665440614,0.941414149548235,1.9840287347451,1,2372.46676115985,-10
"12426","CTPS2",0.159174730064495,0.941414149548235,1.9832951119717,1,2372.46676115985,0.343227044571389
"4073","LY6G5C",0.159182637317344,0.941414149548235,1.98321986113884,1,2372.46676115985,-1.69435947953853
"11256","PAFAH1B3",0.1592286826653,0.941414149548235,1.9827817466453,1,2372.46676115985,0.620043972623489
"1176","DISP1",0.159280465540416,0.941414149548235,1.98228921282444,1,2372.46676115985,0.212103970552731
"234","FAM76A",0.159281284353119,0.941414149548235,1.98228142613647,1,2372.46676115985,-0.400847056583302
"9506","FBXL8",0.15928417169064,0.941414149548235,1.98225396869928,1,2372.46676115985,0.605116867091087
"2464","C3orf14",0.159400755548302,0.941414149548235,1.98114577573456,1,2372.46676115985,0.579912537565935
"8451","ESR2",0.159467710282513,0.941414149548235,1.98050975190606,1,2372.46676115985,-10
"5994","SET",0.159542255286126,0.941414149548235,1.97980198357493,1,2372.46676115985,-0.152447412463744
"7685","SPRYD4",0.159588728742447,0.941414149548235,1.97936093148632,1,2372.46676115985,-0.572135806473458
"2918","ADD1",0.159747309229792,0.941414149548235,1.97785703879238,1,2372.46676115985,-0.16142635720857
"1300","RNASEH1",0.160229696340452,0.941414149548235,1.97329277481525,1,2372.46676115985,-0.29981266375351
"2412","PPM1M",0.160251779703781,0.941414149548235,1.97308420085718,1,2372.46676115985,-0.280046604975766
"2977","PPARGC1A",0.160257953490089,0.941414149548235,1.97302589625866,1,2372.46676115985,-10
"6539","SFXN4",0.160258611168274,0.941414149548235,1.9730196853649,1,2372.46676115985,0.421932791027926
"10550","HAUS1",0.160268368165398,0.941414149548235,1.97292754694609,1,2372.46676115985,-0.361186274649141
"12272","APOBEC3C",0.16030395250679,0.941414149548235,1.97259156690048,1,2372.46676115985,0.256129021363628
"10341","GALK1",0.16031878778423,0.941414149548235,1.97245152036705,1,2372.46676115985,-0.439791148855509
"2916","TNIP2",0.160432515502685,0.941414149548235,1.97137840959631,1,2372.46676115985,0.323821753345317
"4513","CCDC170",0.160467609725569,0.941414149548235,1.97104744299921,1,2372.46676115985,0.253809647824325
"10162","HOXB2",0.160527829118073,0.941414149548235,1.97047971820368,1,2372.46676115985,-1.68647402053161
"5045","SMO",0.16083699821806,0.941414149548235,1.96756881202315,1,2372.46676115985,1.4803336903933
"11926","YTHDF1",0.160842681108514,0.941414149548235,1.96751536589112,1,2372.46676115985,-0.381892007605441
"11581","ZNF776",0.160912601786183,0.941414149548235,1.9668579559907,1,2372.46676115985,-0.63192309490607
"2185","IQSEC1",0.160989031950733,0.941414149548235,1.96613971503217,1,2372.46676115985,0.173939905702226
"4797","LAT2",0.161135591614741,0.941414149548235,1.96476352996225,1,2372.46676115985,-0.283537152838313
"3218","ANXA5",0.161189171507269,0.941414149548235,1.96426077484438,1,2372.46676115985,-0.109133447510953
"5073","DGKI",0.161208443388981,0.941414149548235,1.96407998800144,1,2372.46676115985,-10
"581","GLMN",0.161268073895791,0.941414149548235,1.96352075863002,1,2372.46676115985,-0.386725208030053
"4787","TBL2",0.161408755596595,0.941414149548235,1.96220234571109,1,2372.46676115985,0.332546879533209
"7274","CXCR5",0.161562702213739,0.941414149548235,1.96076112072442,1,2372.46676115985,-1.09917305834905
"3309","CPE",0.161751494981811,0.941414149548235,1.9589958089992,1,2372.46676115985,0.8858432610601
"4653","GPNMB",0.161766686361414,0.941414149548235,1.95885386382614,1,2372.46676115985,-0.0978961458929315
"11592","ZNF135",0.1617934451397,0.941414149548235,1.9586038722169,1,2372.46676115985,1.93895498090627
"281","FAM229A",0.161809784629884,0.941414149548235,1.95845124512176,1,2372.46676115985,-1.27306947663324
"7829","IGF1",0.161823613475126,0.941414149548235,1.95832208369044,1,2372.46676115985,0.266568134815441
"10118","ITGA2B",0.16194125959861,0.941414149548235,1.95722377793278,1,2372.46676115985,1.64295702940318
"7738","DYRK2",0.161955309425099,0.941414149548235,1.95709267421836,1,2372.46676115985,0.333713008612455
"589","DR1",0.162027423999584,0.941414149548235,1.95641995282466,1,2372.46676115985,-0.269053002433184
"9105","RHOT2",0.162233590912752,0.941414149548235,1.9544986067215,1,2372.46676115985,-0.407908269674596
"413","MMACHC",0.162238900442341,0.941414149548235,1.95444916206257,1,2372.46676115985,-1.26870468604524
"6671","HPX",0.162371510344169,0.941414149548235,1.9532148396348,1,2372.46676115985,-10
"4362","SOBP",0.162496523050793,0.941414149548235,1.95205228476561,1,2372.46676115985,-10
"523","NEGR1",0.162498792785838,0.941414149548235,1.95203118681874,1,2372.46676115985,0.494860507743129
"8366","KLHL28",0.162532629087309,0.941414149548235,1.95171670696446,1,2372.46676115985,0.238296270131991
"7416","C1S",0.162640634350277,0.941414149548235,1.95071338916972,1,2372.46676115985,-0.878332072369599
"4804","CASTOR2",0.162641994005521,0.941414149548235,1.95070076346548,1,2372.46676115985,0.738393055244959
"4087","CFB",0.162838574291423,0.941414149548235,1.94887659423975,1,2372.46676115985,-0.492291463753251
"9996","TAF15",0.162923345874876,0.941414149548235,1.94809073124813,1,2372.46676115985,0.152005383738956
"5806","ECM2",0.162928485401728,0.941414149548235,1.94804310100693,1,2372.46676115985,-1.77373244231335
"1289","TRIM58",0.163062651354685,0.941414149548235,1.94680033328999,1,2372.46676115985,0.91307133291126
"3347","SLC25A4",0.163088759257486,0.941414149548235,1.94655863378479,1,2372.46676115985,0.818922334016767
"11689","OVOL2",0.163104854544978,0.941414149548235,1.94640965023388,1,2372.46676115985,-0.956734341004797
"2009","FN1",0.163242640164579,0.941414149548235,1.94513494574405,1,2372.46676115985,0.459101208055927
"4665","NFE2L3",0.16325092531185,0.941414149548235,1.94505833603721,1,2372.46676115985,-0.390612767587475
"11157","ZNF790",0.163259032886887,0.941414149548235,1.94498337257549,1,2372.46676115985,0.43266713105893
"2467","ATXN7",0.163283536308915,0.941414149548235,1.94475683729746,1,2372.46676115985,-0.192548727995795
"2599","SEC22A",0.163286176536292,0.941414149548235,1.94473243059031,1,2372.46676115985,0.248183951634607
"3921","SERPINB1",0.163291556445032,0.941414149548235,1.94468269920198,1,2372.46676115985,-0.134093794423841
"5990","ODF2",0.163491131833879,0.941414149548235,1.94283916410119,1,2372.46676115985,0.471206537357284
"11826","YWHAB",0.163497975231213,0.941414149548235,1.94277599528166,1,2372.46676115985,-0.108755311027856
"4754","MRPS17",0.163541518132811,0.941414149548235,1.94237413793735,1,2372.46676115985,0.356032455443366
"4897","ZKSCAN5",0.1636219271549,0.941414149548235,1.94163236450977,1,2372.46676115985,0.449633693920752
"9341","SPNS1",0.163789279800671,0.941414149548235,1.94008987083691,1,2372.46676115985,0.245173361422956
"1129","PLXNA2",0.163855339513842,0.941414149548235,1.93948149251976,1,2372.46676115985,-0.652128129450311
"12346","CDPF1",0.163866986312275,0.941414149548235,1.93937426015486,1,2372.46676115985,-1.0807507043556
"11658","RNF24",0.16389818318538,0.941414149548235,1.93908707267552,1,2372.46676115985,0.287701348125993
"3036","DCUN1D4",0.164087579725703,0.941414149548235,1.93734489461271,1,2372.46676115985,-0.299129272955414
"2013","XRCC5",0.164182715969043,0.941414149548235,1.93647064399255,1,2372.46676115985,0.121590971120708
"7621","IGFBP6",0.164184466210836,0.941414149548235,1.93645456564289,1,2372.46676115985,0.928330983916099
"7071","DHCR7",0.164214188241173,0.941414149548235,1.93618155831295,1,2372.46676115985,-0.73340969993504
"10378","SOCS3",0.164248910902136,0.941414149548235,1.93586268996857,1,2372.46676115985,-0.436229848033923
"918","ARHGAP30",0.164276958483581,0.941414149548235,1.93560517709578,1,2372.46676115985,-0.170843763437814
"7655","GDF11",0.164283620772449,0.941414149548235,1.93554401610317,1,2372.46676115985,-1.30919845010602
"12622","HDX",0.164389217516154,0.941414149548235,1.93457499780164,1,2372.46676115985,-0.354388976726483
"2355","USP19",0.164553965635416,0.941414149548235,1.93306459199762,1,2372.46676115985,0.550458106061748
"3212","SEC24D",0.16465214272986,0.941414149548235,1.93216532942482,1,2372.46676115985,-0.173188236734532
"11327","SYMPK",0.164681012749102,0.941414149548235,1.93190100836809,1,2372.46676115985,-0.263685138192576
"4703","EPDR1",0.164772257428804,0.941414149548235,1.9310659609714,1,2372.46676115985,0.288517813798869
"12507","SUV39H1",0.164795763034452,0.941414149548235,1.93085092949948,1,2372.46676115985,0.978993579972608
"4475","HIVEP2",0.164817424534514,0.941414149548235,1.93065279913565,1,2372.46676115985,-0.254179573839377
"4018","ZKSCAN4",0.164848557220156,0.941414149548235,1.93036809122244,1,2372.46676115985,-0.40824244869299
"8069","PAN3",0.164959387620466,0.941414149548235,1.92935504795149,1,2372.46676115985,-0.127451305436671
"9368","GDPD3",0.165216077383887,0.941414149548235,1.92701176672832,1,2372.46676115985,-1.69909165003113
"2287","ZBTB47",0.165226407016453,0.941414149548235,1.92691755630235,1,2372.46676115985,-0.614538872955426
"4343","FBXL4",0.165231140607461,0.941414149548235,1.92687438628984,1,2372.46676115985,0.258096890186425
"746","VPS45",0.16528997423696,0.941414149548235,1.92633794584563,1,2372.46676115985,-0.203272560668268
"2192","SLC6A6",0.16549305731562,0.941414149548235,1.92448792750153,1,2372.46676115985,-0.18150101813594
"2528","CEP97",0.1655938581077,0.941414149548235,1.92357063080513,1,2372.46676115985,0.494396467642352
"6881","CYB561A3",0.165644386279245,0.941414149548235,1.92311106010635,1,2372.46676115985,0.16579703766288
"11815","L3MBTL1",0.165652512707754,0.941414149548235,1.92303716248565,1,2372.46676115985,0.423029313107399
"3651","FBN2",0.165666639229747,0.941414149548235,1.92290871293165,1,2372.46676115985,0.341242267096529
"5461","SPAG1",0.165734842547973,0.941414149548235,1.92228873053234,1,2372.46676115985,-0.640654403840027
"976","F5",0.165741870691911,0.941414149548235,1.92222485983372,1,2372.46676115985,1.70454864231385
"1368","OTOF",0.165750125194354,0.941414149548235,1.92214984813478,1,2372.46676115985,-10
"7443","CD69",0.16594497301115,0.941414149548235,1.92038043510602,1,2372.46676115985,-1.28407713691801
"12359","TRABD",0.166035217542224,0.941414149548235,1.9195617301847,1,2372.46676115985,-0.248135509219734
"5725","FBXO10",0.166071903716479,0.941414149548235,1.91922905618521,1,2372.46676115985,-0.521666117687242
"5377","LACTB2",0.166263640336454,0.941414149548235,1.9174917367396,1,2372.46676115985,0.334189220464108
"12804","MTCP1",0.166272459867956,0.941414149548235,1.91741187843687,1,2372.46676115985,-1.2579076178826
"12693","UBE2A",0.166382884268012,0.941414149548235,1.91641242783726,1,2372.46676115985,-0.232922397161423
"10463","LPIN2",0.16638466546382,0.941414149548235,1.91639631246984,1,2372.46676115985,-0.184672755815887
"9949","TP53I13",0.166440750721173,0.941414149548235,1.91588898217967,1,2372.46676115985,-0.414780226585052
"6842","SLC43A1",0.166449017596011,0.941414149548235,1.91581421908322,1,2372.46676115985,0.655077780875079
"3520","UTP15",0.166484636866726,0.941414149548235,1.91549213788083,1,2372.46676115985,-1.05349624607771
"1039","EDEM3",0.166519504457335,0.941414149548235,1.91517693004513,1,2372.46676115985,-0.169086030889313
"330","MANEAL",0.166519933759702,0.941414149548235,1.91517304956351,1,2372.46676115985,2.11006297904257
"3627","ATG12",0.166560804614966,0.941414149548235,1.9148036686935,1,2372.46676115985,-0.211038073542073
"4306","UBE3D",0.166687131295011,0.941414149548235,1.9136626147985,1,2372.46676115985,0.348538245235196
"10083","TUBG2",0.166709753347868,0.941414149548235,1.91345838421355,1,2372.46676115985,-0.464398374634681
"6012","NTMT1",0.166815307942568,0.941414149548235,1.91250586287771,1,2372.46676115985,-0.329491818158179
"7236","TEX12",0.166856448625568,0.941414149548235,1.9121347976224,1,2372.46676115985,-10
"12115","MED15",0.166860727698137,0.941414149548235,1.91209620887095,1,2372.46676115985,-0.189354774150744
"9440","SNX20",0.167198034941513,0.942497736017226,1.90905792811213,1,2372.46676115985,-0.399188552771014
"136","NECAP2",0.167199582793181,0.942497736017226,1.90904400209536,1,2372.46676115985,-0.178825111050465
"3835","KCNIP1",0.167427253935519,0.943085168916201,1.90699725289824,1,2372.46676115985,-10
"7387","TAPBPL",0.167523956926323,0.943085168916201,1.9061288640038,1,2372.46676115985,-0.54176077847889
"7865","USP30",0.167610616601674,0.943085168916201,1.90535115164916,1,2372.46676115985,0.477166706082735
"709","NBPF15",0.167634707958315,0.943085168916201,1.90513502978071,1,2372.46676115985,-0.637123305417047
"12465","TSPAN7",0.167699838237282,0.943085168916201,1.90455092880148,1,2372.46676115985,1.3077169399315
"9540","DUS2",0.167802518935152,0.943085168916201,1.90363059631187,1,2372.46676115985,0.372385962871179
"6704","ADM",0.167914374506947,0.943085168916201,1.90262876335752,1,2372.46676115985,-0.367269633226729
"8980","PEAK1",0.167965241833608,0.943085168916201,1.90217342386699,1,2372.46676115985,-0.129177997096
"7254","TAGLN",0.168010878893321,0.943085168916201,1.90176503770495,1,2372.46676115985,0.544520578202224
"242","DNAJC8",0.168154231742041,0.943085168916201,1.90048306229255,1,2372.46676115985,-0.165748485645129
"2702","PLSCR2",0.168181198749618,0.943085168916201,1.90024204186342,1,2372.46676115985,-0.880473201170435
"3857","ARL10",0.16818511306114,0.943085168916201,1.90020706098101,1,2372.46676115985,-0.778559363976133
"9420","ZNF267",0.168327156871451,0.943469673237145,1.89893829459867,1,2372.46676115985,0.169115629743894
"1826","LY75",0.16854880905488,0.943805480823245,1.89696089974676,1,2372.46676115985,0.25713675390297
"6885","SDHAF2",0.16871056309668,0.943805480823245,1.8955197474501,1,2372.46676115985,0.24502404125525
"5098","TAS2R4",0.168801685263102,0.943805480823245,1.89470858966039,1,2372.46676115985,-1.25230037754487
"4529","SYNJ2",0.168835537837357,0.943805480823245,1.89440736637252,1,2372.46676115985,-1.24143657309993
"2582","IQCB1",0.168923800488394,0.943805480823245,1.89362232300345,1,2372.46676115985,0.207502495807836
"5162","INSIG1",0.16902180144842,0.943805480823245,1.89275121439714,1,2372.46676115985,-0.445889878499373
"3796","ATOX1",0.169251140221076,0.943805480823245,1.89071493641453,1,2372.46676115985,0.104478076438294
"6267","CCDC6",0.16926512326565,0.943805480823245,1.89059088466716,1,2372.46676115985,0.173922095388916
"7368","RHNO1",0.169287033927903,0.943805480823245,1.89039652604836,1,2372.46676115985,0.453485136968103
"1584","INO80B",0.169430634175063,0.943805480823245,1.88912343370684,1,2372.46676115985,-0.688183570164162
"7261","FXYD6",0.169448538607684,0.943805480823245,1.88896478825085,1,2372.46676115985,0.366760636406014
"10357","PRPSAP1",0.16947215727684,0.943805480823245,1.8887555401995,1,2372.46676115985,-0.276570573776434
"4848","ADAM22",0.169616645306648,0.943805480823245,1.88747618628532,1,2372.46676115985,-1.51901500085806
"9319","IL4R",0.16964377021221,0.943805480823245,1.88723615116104,1,2372.46676115985,0.230301416093651
"6987","KAT5",0.169646775283335,0.943805480823245,1.88720956124036,1,2372.46676115985,0.345753922560815
"5256","BNIP3L",0.169775490532118,0.943805480823245,1.88607115099718,1,2372.46676115985,-0.130020826769441
"3984","KDM1B",0.169855113085866,0.943805480823245,1.88536743254682,1,2372.46676115985,-0.303188256944967
"298","SMIM12",0.170174556611636,0.943805480823245,1.88254793648778,1,2372.46676115985,-0.279343629434357
"12533","GSPT2",0.170190790391396,0.943805480823245,1.88240481501121,1,2372.46676115985,-0.523397331309664
"1713","RGPD5",0.170197803165465,0.943805480823245,1.88234299331134,1,2372.46676115985,-1.04397256268566
"6698","TMEM41B",0.170250341763603,0.943805480823245,1.88187992791572,1,2372.46676115985,0.218753371169841
"12195","SLC35E4",0.170479946950642,0.943805480823245,1.8798581548197,1,2372.46676115985,-0.727105687392944
"1319","NOL10",0.170483043115455,0.943805480823245,1.87983091312359,1,2372.46676115985,0.267543960927491
"4235","CAPN11",0.170494786840366,0.943805480823245,1.87972759078411,1,2372.46676115985,-10
"3694","TGFBI",0.170543106064231,0.943805480823245,1.87930255994164,1,2372.46676115985,-0.109984614797227
"10528","GAREM1",0.170544907942691,0.943805480823245,1.87928671273676,1,2372.46676115985,-0.520134538099907
"10276","GNA13",0.17055982939632,0.943805480823245,1.87915548856114,1,2372.46676115985,-0.143756607688728
"3136","NUDT9",0.170579248950727,0.943805480823245,1.87898472635536,1,2372.46676115985,0.309074075794413
"11586","ZNF587",0.170667689387374,0.943805480823245,1.8782073243328,1,2372.46676115985,-0.439600317470948
"7617","KRT8",0.170845208045447,0.943805480823245,1.87664830997279,1,2372.46676115985,1.13671095963986
"10444","NARF",0.170846023750377,0.943805480823245,1.87664115053939,1,2372.46676115985,0.23409288774808
"3832","INSYN2B",0.170886436615434,0.943805480823245,1.87628649642469,1,2372.46676115985,-0.83317592200484
"4675","CPVL",0.170887894483597,0.943805480823245,1.87627370430619,1,2372.46676115985,0.133766510440475
"9872","PEMT",0.171234768485976,0.943805480823245,1.87323360494491,1,2372.46676115985,-0.871758646386232
"9490","CKLF",0.171242926451725,0.943805480823245,1.87316219148923,1,2372.46676115985,-0.215878069261055
"5965","STXBP1",0.171344284871254,0.943805480823245,1.87227524295342,1,2372.46676115985,-0.351908240824576
"9776","CLEC10A",0.171467553914635,0.943805480823245,1.87119737534729,1,2372.46676115985,-0.615546281829524
"12366","PPP6R2",0.171601793832463,0.943805480823245,1.8700245908819,1,2372.46676115985,-0.156320938445648
"11466","ZNF83",0.171670187690566,0.943805480823245,1.86942747476022,1,2372.46676115985,0.228557264464761
"8546","LRRC74A",0.171754342000826,0.943805480823245,1.86869313639546,1,2372.46676115985,-1.68771651238903
"2785","ACTL6A",0.171768922134588,0.943805480823245,1.86856595083376,1,2372.46676115985,0.382826012731002
"1875","ATP5MC3",0.171816584828269,0.943805480823245,1.86815026576965,1,2372.46676115985,0.157187619711734
"406","HECTD3",0.171823622920249,0.943805480823245,1.86808889504143,1,2372.46676115985,-0.422182078352726
"4009","BTN2A1",0.171854754797715,0.943805480823245,1.86781746607881,1,2372.46676115985,0.281552879756218
"185","HMGCL",0.171940086659809,0.943805480823245,1.86707377443011,1,2372.46676115985,-0.245668995244542
"7279","TRAPPC4",0.17195030138854,0.943805480823245,1.86698477858452,1,2372.46676115985,-0.289605713044667
"1815","CYTIP",0.171951667092328,0.943805480823245,1.86697288034815,1,2372.46676115985,-0.199902601342987
"2293","ANO10",0.172017047254097,0.943805480823245,1.86640340470488,1,2372.46676115985,0.207926064098472
"11789","SOGA1",0.172253992402881,0.943805480823245,1.86434164400521,1,2372.46676115985,0.233717090479564
"1348","TP53I3",0.172352108342945,0.943805480823245,1.86348885024139,1,2372.46676115985,0.279268005057578
"4731","DDX56",0.172375902053609,0.943805480823245,1.86328212671151,1,2372.46676115985,0.352908665489449
"1916","C2orf88",0.172431744900409,0.943805480823245,1.86279708410132,1,2372.46676115985,0.962660235806483
"8804","DUT",0.172541936453057,0.943805480823245,1.86184050664802,1,2372.46676115985,0.286091587429209
"3200","EGF",0.172568889967334,0.943805480823245,1.86160662904887,1,2372.46676115985,-1.51648939695701
"12072","DIP2A",0.172600833040721,0.943805480823245,1.86132951109423,1,2372.46676115985,0.151237967058284
"2575","NDUFB4",0.172874599097525,0.943805480823245,1.85895690685669,1,2372.46676115985,0.140362689644827
"2687","GRK7",0.172885155671469,0.943805480823245,1.85886550448331,1,2372.46676115985,-1.77763466222404
"6407","PDLIM1",0.173155276834539,0.943805480823245,1.85652888693698,1,2372.46676115985,-10
"11029","ARMC6",0.173159991533757,0.943805480823245,1.85648814083471,1,2372.46676115985,-0.767827716206252
"5820","FBP1",0.173229732410362,0.943805480823245,1.85588556456111,1,2372.46676115985,-0.211879015615857
"3971","MCUR1",0.173230398753229,0.943805480823245,1.85587980856129,1,2372.46676115985,-0.291982539243618
"7111","NEU3",0.173305330803625,0.943805480823245,1.85523269340262,1,2372.46676115985,0.194779550340393
"2876","RUBCN",0.173403930065794,0.943805480823245,1.85438167815477,1,2372.46676115985,-0.17745616408387
"9978","ASIC2",0.173435386618187,0.943805480823245,1.85411029225641,1,2372.46676115985,-1.92424016122828
"2725","P2RY1",0.173579871554355,0.943805480823245,1.85286450127059,1,2372.46676115985,-0.938782709492931
"10265","CD79B",0.17365414637132,0.943805480823245,1.85222454682665,1,2372.46676115985,1.20547589318501
"11645","LZTS3",0.173773350310725,0.943805480823245,1.85119814001231,1,2372.46676115985,-10
"3307","KLHL2",0.173953297189148,0.943805480823245,1.84965024029323,1,2372.46676115985,-0.221834571863593
"1543","NFU1",0.174070084055799,0.943805480823245,1.8486466283056,1,2372.46676115985,0.244983086486673
"7990","SBNO1",0.174090992516007,0.943805480823245,1.84846703258082,1,2372.46676115985,0.179941697152348
"2520","TFG",0.174098869416384,0.943805480823245,1.84839937944382,1,2372.46676115985,-0.181037386506336
"10264","SMARCD2",0.174168680298659,0.943805480823245,1.84779994165379,1,2372.46676115985,-0.23191922123615
"11607","ZNF324",0.174182926062773,0.943805480823245,1.84767765304392,1,2372.46676115985,0.660323256150255
"5129","ACTR3C",0.174230196280108,0.943805480823245,1.84727195816559,1,2372.46676115985,1.11947497335195
"2041","ABCB6",0.174278103346003,0.943805480823245,1.84686092690556,1,2372.46676115985,0.828944773545711
"3493","PIK3R1",0.174285996289311,0.943805480823245,1.8467932198134,1,2372.46676115985,-0.146030976333773
"7502","KRAS",0.17433413786465,0.943805480823245,1.84638032915524,1,2372.46676115985,0.202835994617218
"2784","GNB4",0.174379483027358,0.943805480823245,1.8459915423003,1,2372.46676115985,-0.128642026775099
"5440","NDUFAF6",0.174438491510433,0.943805480823245,1.84548578128178,1,2372.46676115985,0.245186697100033
"1575","DGUOK",0.174651425314296,0.943805480823245,1.8436623658656,1,2372.46676115985,-0.186786348648909
"3056","IGFBP7",0.174802118778532,0.943805480823245,1.84237348022719,1,2372.46676115985,0.939021816731501
"6388","RPP30",0.174854892113976,0.943805480823245,1.84192241104262,1,2372.46676115985,0.285296517420339
"12709","THOC2",0.174909627843311,0.943805480823245,1.84145473443113,1,2372.46676115985,0.143169730674877
"4221","DNPH1",0.174929485849606,0.943805480823245,1.84128510404766,1,2372.46676115985,0.194150145016451
"11103","WTIP",0.175071570509267,0.943805480823245,1.84007204048707,1,2372.46676115985,-10
"8151","KCNRG",0.17519598921397,0.943805480823245,1.83901073355689,1,2372.46676115985,-10
"9857","NCOR1",0.175344852355789,0.943805480823245,1.83774205368807,1,2372.46676115985,0.109065275835557
"7155","CCDC81",0.175348376064493,0.943805480823245,1.83771203807484,1,2372.46676115985,1.26942425702573
"8739","RMDN3",0.175356399114908,0.943805480823245,1.83764369881722,1,2372.46676115985,0.285488377567572
"1697","IL1RL2",0.175406616865519,0.943805480823245,1.8372160326962,1,2372.46676115985,0.884902667532487
"7033","SSH3",0.175496698803873,0.943805480823245,1.83644922745255,1,2372.46676115985,0.532990457917178
"8577","FOXN3",0.175607658413816,0.943805480823245,1.83550532860677,1,2372.46676115985,-0.104381360248232
"5832","CCDC180",0.175737439599325,0.943805480823245,1.83440219274865,1,2372.46676115985,0.453902122152025
"11446","FPR3",0.175761030966081,0.943805480823245,1.83420176781178,1,2372.46676115985,-0.113833199610402
"10495","SEH1L",0.175769213162185,0.943805480823245,1.83413226165708,1,2372.46676115985,-0.426525550964692
"10165","CALCOCO2",0.175887059335949,0.943805480823245,1.83313159520136,1,2372.46676115985,-0.234521606406965
"975","SLC19A2",0.175890909290255,0.943805480823245,1.8330989171543,1,2372.46676115985,0.460257510819489
"9433","N4BP1",0.175965922348668,0.943805480823245,1.83246237801644,1,2372.46676115985,-0.121446098224984
"10596","PHLPP1",0.175997534533274,0.943805480823245,1.83219421989151,1,2372.46676115985,-0.256601063073435
"6333","SEC24C",0.176095479962326,0.943805480823245,1.8313637263434,1,2372.46676115985,0.289275776030122
"8844","DNAAF4",0.1761790122844,0.943805480823245,1.83065586453789,1,2372.46676115985,-0.716951078032873
"862","UBQLN4",0.176199438206013,0.943805480823245,1.83048283201371,1,2372.46676115985,0.380164939857961
"10417","HGS",0.176210431741578,0.943805480823245,1.83038971290831,1,2372.46676115985,-0.266398236103419
"2369","RNF123",0.176221737917148,0.943805480823245,1.83029395262318,1,2372.46676115985,-0.583505785971201
"11380","BAX",0.176235551269156,0.943805480823245,1.83017696684355,1,2372.46676115985,0.111767377570586
"5227","NUDT18",0.17636356528606,0.943805480823245,1.82909331454638,1,2372.46676115985,-0.582420277524819
"7225","PPP2R1B",0.176469386624835,0.943805480823245,1.8281982106099,1,2372.46676115985,0.416270703414926
"8122","GTF2F2",0.176472324554814,0.943805480823245,1.82817336857356,1,2372.46676115985,0.16801844531285
"11198","SAMD4B",0.176609668094715,0.943805480823245,1.82701257535668,1,2372.46676115985,-0.238510969573006
"8793","TRIM69",0.176729720499718,0.943805480823245,1.82599877545204,1,2372.46676115985,-0.307342011353269
"8868","VPS13C",0.176736402590317,0.943805480823245,1.82594237092349,1,2372.46676115985,0.108686366674518
"10107","NAGS",0.17673954003528,0.943805480823245,1.82591588812932,1,2372.46676115985,-1.68679010242525
"910","SLAMF1",0.176794337966744,0.943805480823245,1.82545343288534,1,2372.46676115985,-10
"7134","NDUFC2",0.176928403663904,0.943805480823245,1.82432271173379,1,2372.46676115985,-0.148187398754697
"12615","CYSLTR1",0.176930669193794,0.943805480823245,1.82430361256611,1,2372.46676115985,0.307857411273123
"489","DOCK7",0.177297921803663,0.943805480823245,1.82121127818818,1,2372.46676115985,-0.17807818819697
"3124","GPAT3",0.177455598549186,0.943805480823245,1.81988587953957,1,2372.46676115985,-0.359269850460892
"10075","ATP6V0A1",0.177497757908595,0.943805480823245,1.81953172695009,1,2372.46676115985,-0.153363494061802
"8670","MTA1",0.17758198951438,0.943805480823245,1.81882444439086,1,2372.46676115985,0.415770447788118
"3354","SORBS2",0.177830735184969,0.943805480823245,1.81673801674838,1,2372.46676115985,-10
"9456","BBS2",0.177837036708056,0.943805480823245,1.81668520465388,1,2372.46676115985,0.308555688565786
"5949","PPP6C",0.177859459157054,0.943805480823245,1.81649730309128,1,2372.46676115985,0.198746128470866
"12353","BRD1",0.17795773479077,0.943805480823245,1.81567406964879,1,2372.46676115985,0.238812291852901
"5236","CCAR2",0.177982410747615,0.943805480823245,1.81546744705576,1,2372.46676115985,0.4079380241687
"5618","PLPP6",0.178041957558409,0.943805480823245,1.81496897179356,1,2372.46676115985,0.812786486904507
"2444","SPATA12",0.178112006188941,0.943805480823245,1.81438283073046,1,2372.46676115985,0.74338795378241
"11110","GRAMD1A",0.178157995069179,0.943805480823245,1.81399815757907,1,2372.46676115985,0.266213871392777
"12681","ALG13",0.178178690362759,0.943805480823245,1.81382508960236,1,2372.46676115985,0.179017055767226
"4845","RUNDC3B",0.178205580764887,0.943805480823245,1.81360024865045,1,2372.46676115985,1.40214926668586
"11292","ZNF229",0.178218189282862,0.943805480823245,1.81349483750179,1,2372.46676115985,-10
"7036","CLCF1",0.178239656444467,0.943805480823245,1.81331538514915,1,2372.46676115985,0.719895058987259
"5837","XPA",0.178244412709123,0.943805480823245,1.8132756290627,1,2372.46676115985,0.214873989614309
"587","TMED5",0.178286480673192,0.943805480823245,1.81292404984174,1,2372.46676115985,0.155708842787927
"5819","MFSD14B",0.178405296760347,0.943805480823245,1.8119315725939,1,2372.46676115985,-0.20376277144342
"6914","TTC9C",0.178411109726334,0.943805480823245,1.81188303617282,1,2372.46676115985,0.293996548823569
"11095","LRP3",0.178426756236405,0.943805480823245,1.81175240185896,1,2372.46676115985,1.80106347636839
"2277","RPL14",0.178456483719246,0.943805480823245,1.81150424052939,1,2372.46676115985,0.101589625774936
"11628","FKBP1A",0.178549000396098,0.943906016503208,1.81073222842016,1,2372.46676115985,0.164687601975961
"3111","ENOPH1",0.178887106868331,0.944433270270507,1.80791480189805,1,2372.46676115985,0.29174579450042
"10356","QRICH2",0.178891472566095,0.944433270270507,1.80787846299318,1,2372.46676115985,0.713648243373583
"4327","PM20D2",0.178979092115453,0.944433270270507,1.80714935791333,1,2372.46676115985,0.678844398415327
"1774","MZT2A",0.179054982113234,0.944433270270507,1.80651819090872,1,2372.46676115985,-0.264667226796062
"238","RPA2",0.179055810550813,0.944433270270507,1.80651130261041,1,2372.46676115985,-0.254816974618658
"8983","TBC1D2B",0.179241774559351,0.944433270270507,1.80496597971082,1,2372.46676115985,-0.199045077818494
"12582","IGBP1",0.179276257344113,0.944433270270507,1.80467963857661,1,2372.46676115985,-0.211222412840346
"10367","METTL23",0.179368495417869,0.944433270270507,1.80391401701065,1,2372.46676115985,-0.263610037811148
"4899","ZNF655",0.179373391164643,0.944433270270507,1.80387339262007,1,2372.46676115985,-0.191757769314805
"6074","PMPCA",0.179384218222083,0.944433270270507,1.80378355539248,1,2372.46676115985,0.320623369559532
"1210","OBSCN",0.179552385743749,0.94493122349815,1.80238899437763,1,2372.46676115985,0.656481325937639
"5021","NDUFA5",0.179665822492421,0.945140854823917,1.80144915161913,1,2372.46676115985,-0.216451497885654
"835","ADAM15",0.17974667257586,0.945178960911803,1.80077971378519,1,2372.46676115985,0.341033627215884
"8979","TSPAN3",0.179860837148783,0.945236130124093,1.79983502531445,1,2372.46676115985,0.1637815063022
"2551","USF3",0.179904766141522,0.945236130124093,1.79947170670007,1,2372.46676115985,0.249696778892811
"9281","THUMPD1",0.180122423566223,0.945264283293602,1.79767306472745,1,2372.46676115985,0.224108553008455
"531","RABGGTB",0.18012253499849,0.945264283293602,1.79767214453584,1,2372.46676115985,0.362035380129294
"11820","GDAP1L1",0.180153055275575,0.945264283293602,1.79742013728029,1,2372.46676115985,-10
"4336","MAP3K7",0.180231808478428,0.945264283293602,1.79677009680989,1,2372.46676115985,-0.212174146196704
"2374","TRAIP",0.180310185159986,0.945264283293602,1.79612349047479,1,2372.46676115985,-10
"1673","COA5",0.180465885472129,0.945264283293602,1.79483992990243,1,2372.46676115985,0.242658872412135
"9409","BCKDK",0.180512796996136,0.945264283293602,1.79445345243833,1,2372.46676115985,0.22818558924762
"11117","USF2",0.180523082416821,0.945264283293602,1.79436873222453,1,2372.46676115985,-0.168553666763607
"8920","CORO2B",0.180643350660299,0.945264283293602,1.79337850647469,1,2372.46676115985,-10
"11556","ZNF264",0.180659836108658,0.945264283293602,1.79324283340025,1,2372.46676115985,0.283076661393356
"8183","CLN5",0.18071986726001,0.945264283293602,1.79274890600318,1,2372.46676115985,0.225790738502493
"1372","TMEM214",0.180908909670992,0.945867796858797,1.79119473318632,1,2372.46676115985,0.381913570492604
"5931","RBM18",0.181272264520273,0.946432594482317,1.78821276108146,1,2372.46676115985,-0.351533479955314
"1164","ZC3H11B",0.181457622983151,0.946432594482317,1.786694230807,1,2372.46676115985,-10
"2509","CLDND1",0.181575706035095,0.946432594482317,1.78572778409024,1,2372.46676115985,0.266459348910993
"12217","LARGE1",0.181576073872145,0.946432594482317,1.78572477467809,1,2372.46676115985,0.860368804854707
"7450","TMEM52B",0.181655765323531,0.946432594482317,1.78507295564198,1,2372.46676115985,-10
"7358","ERC1",0.181714334118376,0.946432594482317,1.78459411599046,1,2372.46676115985,0.106796299109111
"1582","WDR54",0.181740119896738,0.946432594482317,1.78438335643905,1,2372.46676115985,-0.815410883026506
"8598","LGMN",0.181756963041883,0.946432594482317,1.78424570802972,1,2372.46676115985,-0.127061189924766
"7449","OLR1",0.181902269453737,0.946432594482317,1.78305882371083,1,2372.46676115985,-0.33322720961815
"11774","NFS1",0.181912149757442,0.946432594482317,1.78297815981767,1,2372.46676115985,0.468674037727249
"2766","SKIL",0.181923199141178,0.946432594482317,1.78288795743886,1,2372.46676115985,-0.206523199950477
"11310","PPP1R37",0.18204362393874,0.946432594482317,1.78190527305917,1,2372.46676115985,-0.4632612925165
"7886","VPS29",0.182115463786001,0.946432594482317,1.78131940783288,1,2372.46676115985,-0.13573503683444
"839","DPM3",0.182174584859721,0.946432594482317,1.78083746707643,1,2372.46676115985,0.299916817414874
"4420","SMPDL3A",0.182179255613143,0.946432594482317,1.78079939994569,1,2372.46676115985,-0.286451909228094
"2923","MSANTD1",0.182351258012013,0.946432594482317,1.77939834966156,1,2372.46676115985,-1.27021568518584
"3311","DDX60",0.182351296954212,0.946432594482317,1.77939803263027,1,2372.46676115985,-0.165061589517241
"11930","PTK6",0.182536500630776,0.946432594482317,1.77789116308531,1,2372.46676115985,-10
"5251","ADAMDEC1",0.182566036507815,0.946432594482317,1.77765101470233,1,2372.46676115985,-0.167420344067774
"11874","PARD6B",0.18258374020654,0.946432594482317,1.77750709221294,1,2372.46676115985,-1.66492201070558
"2180","TSEN2",0.182634802609146,0.946432594482317,1.7770920702445,1,2372.46676115985,0.482016995607398
"9751","INCA1",0.182638421394532,0.946432594482317,1.77706266280031,1,2372.46676115985,1.19202022769626
"10513","ANKRD29",0.182814081257033,0.94676986690853,1.77563600456973,1,2372.46676115985,0.78594650913993
"11706","KIZ",0.182971712503312,0.94676986690853,1.77435712208998,1,2372.46676115985,-0.365591977477968
"11754","MAP1LC3A",0.183146212213287,0.94676986690853,1.77294287293397,1,2372.46676115985,0.627352541486733
"468","CYB5RL",0.183182812659965,0.94676986690853,1.77264643948148,1,2372.46676115985,0.614656635155824
"9088","SNRNP25",0.183286078221087,0.94676986690853,1.77181044377037,1,2372.46676115985,0.294797113702628
"10347","MRPL38",0.183310107810568,0.94676986690853,1.77161598841031,1,2372.46676115985,0.33074050661741
"17","INTS11",0.183404764053386,0.94676986690853,1.77085028644853,1,2372.46676115985,-0.364912936890808
"8975","ETFA",0.183487131260274,0.94676986690853,1.77018436703012,1,2372.46676115985,-0.180574193220902
"5759","NMRK1",0.183530224624237,0.94676986690853,1.76983610553285,1,2372.46676115985,0.209695350771347
"3998","ACOT13",0.183609031065216,0.94676986690853,1.76919947208147,1,2372.46676115985,-0.15442272424158
"10825","OLFM2",0.183624443981504,0.94676986690853,1.76907499676171,1,2372.46676115985,-10
"2510","CPOX",0.183830191479339,0.94676986690853,1.76741453205458,1,2372.46676115985,-0.445985986735706
"11398","NOSIP",0.183840297513816,0.94676986690853,1.76733302788187,1,2372.46676115985,0.204828152807516
"939","DUSP12",0.183868250951549,0.94676986690853,1.76710761323876,1,2372.46676115985,-0.414998100227879
"5177","CLN8",0.183945657695762,0.94676986690853,1.76648361795087,1,2372.46676115985,-0.223958904346668
"10354","EXOC7",0.184074939431694,0.94676986690853,1.76544212452656,1,2372.46676115985,-0.253385353136282
"6873","TMEM132A",0.184219303950171,0.94676986690853,1.76428012716832,1,2372.46676115985,0.942629627989602
"6578","DOCK1",0.184229062421174,0.94676986690853,1.7642016188821,1,2372.46676115985,-0.203935495992184
"7415","LPCAT3",0.184266565746465,0.94676986690853,1.76389994422059,1,2372.46676115985,0.280197905881988
"1005","SEC16B",0.18432663029523,0.94676986690853,1.76341693679801,1,2372.46676115985,0.645580873791653
"8735","CHST14",0.184524551726714,0.94676986690853,1.76182664920205,1,2372.46676115985,-1.21084253448952
"5691","SIGMAR1",0.184555230528339,0.94676986690853,1.76158032404434,1,2372.46676115985,0.429813510538712
"4378","WASF1",0.184679719283612,0.94676986690853,1.76058127099032,1,2372.46676115985,-0.597893724465256
"12101","TXNRD2",0.184724914896498,0.94676986690853,1.76021875849753,1,2372.46676115985,-0.34805238979919
"8488","SMOC1",0.184795867560613,0.94676986690853,1.75964985729193,1,2372.46676115985,-10
"7114","ARRB1",0.184837682658673,0.94676986690853,1.75931470100974,1,2372.46676115985,0.149492594380898
"416","NASP",0.184866706508083,0.94676986690853,1.75908212088479,1,2372.46676115985,-0.201485757018178
"7315","CCDC15",0.184915656878529,0.94676986690853,1.75868995735881,1,2372.46676115985,0.557829836700207
"7147","DLG2",0.184977496652486,0.94676986690853,1.75819470334642,1,2372.46676115985,0.349008399784795
"9878","GID4",0.185065803230304,0.94676986690853,1.757487818871,1,2372.46676115985,0.367249926692852
"2729","MME",0.185157088747459,0.94676986690853,1.75675750005688,1,2372.46676115985,-0.935998624579623
"10449","FN3K",0.185191165489913,0.94676986690853,1.75648498038016,1,2372.46676115985,-1.07250295017045
"4695","HERPUD2",0.185364674898569,0.94676986690853,1.75509828799617,1,2372.46676115985,0.208253504413264
"9240","GSPT1",0.185380950412908,0.94676986690853,1.75496829096891,1,2372.46676115985,-0.182426387124219
"400","KIF2C",0.185425106635403,0.94676986690853,1.75461566980975,1,2372.46676115985,-10
"10912","GCDH",0.185442733482057,0.94676986690853,1.75447493322511,1,2372.46676115985,-0.529074487224262
"12808","F8A3",0.185590874198495,0.94676986690853,1.75329275940914,1,2372.46676115985,-10
"10813","ZNF699",0.185622652822472,0.94676986690853,1.75303930649423,1,2372.46676115985,-0.61768132617022
"4751","VOPP1",0.185775250705768,0.94676986690853,1.7518229521357,1,2372.46676115985,0.146155345963718
"9059","FES",0.185791293689541,0.94676986690853,1.75169514132743,1,2372.46676115985,-0.241419864111204
"1514","COMMD1",0.185868083548352,0.94676986690853,1.75108355155459,1,2372.46676115985,-0.150043536322157
"2602","CCDC14",0.186015905995595,0.94676986690853,1.7499070520085,1,2372.46676115985,-0.253912450883385
"4394","MARCKS",0.18609252733266,0.94676986690853,1.74929766038541,1,2372.46676115985,0.127432881759392
"10268","TEX2",0.1861378176308,0.94676986690853,1.74893759071383,1,2372.46676115985,0.245080457261584
"11381","FTL",0.186147449913346,0.94676986690853,1.74886102469236,1,2372.46676115985,0.0842264733165144
"2572","GPR156",0.186302102302193,0.94676986690853,1.74763233911307,1,2372.46676115985,1.02992546462843
"7832","C12orf73",0.186445874488883,0.94676986690853,1.74649115804898,1,2372.46676115985,0.39400024851608
"10975","HAUS8",0.186478489471067,0.94676986690853,1.74623242144234,1,2372.46676115985,-0.358110880958416
"6269","RHOBTB1",0.186559096295553,0.94676986690853,1.74559318836494,1,2372.46676115985,0.253877912073682
"11481","ZNF765",0.186613885493341,0.94676986690853,1.74515887911485,1,2372.46676115985,0.32938140736541
"12532","SHROOM4",0.186634499020557,0.94676986690853,1.74499551585254,1,2372.46676115985,0.836694154686699
"4944","CLDN15",0.186708148402458,0.94676986690853,1.74441201210315,1,2372.46676115985,0.73679663764492
"5534","FAM135B",0.186794938446779,0.94676986690853,1.74372474203744,1,2372.46676115985,1.32319964276695
"6830","C1QTNF4",0.186816324527374,0.94676986690853,1.74355544770382,1,2372.46676115985,-10
"8507","ACOT4",0.186818539539943,0.94676986690853,1.74353791473313,1,2372.46676115985,-1.23723778281127
"3870","RAB24",0.186832399559708,0.94676986690853,1.74342821099472,1,2372.46676115985,-0.817056734029165
"9582","TXNL4B",0.186930494395577,0.946893285417594,1.74265204897142,1,2372.46676115985,-0.45766356492171
"971","ATP1B1",0.187303298949039,0.947043337518807,1.73970660033705,1,2372.46676115985,-0.24324627219578
"12579","EFNB1",0.187317777367408,0.947043337518807,1.73959234709958,1,2372.46676115985,0.74530548633534
"11811","ZHX3",0.187414052738952,0.947043337518807,1.73883287256401,1,2372.46676115985,0.261149154446604
"9988","NLE1",0.1874412415246,0.947043337518807,1.73861847427081,1,2372.46676115985,1.38138374657047
"2792","ATP11B",0.187447609559647,0.947043337518807,1.73856826409825,1,2372.46676115985,-0.150582952100005
"606","SASS6",0.187543296872043,0.947043337518807,1.73781403538559,1,2372.46676115985,0.466206410913574
"10824","PIN1",0.187584067118901,0.947043337518807,1.73749281127443,1,2372.46676115985,0.2043170075409
"8962","C15orf39",0.187721005773826,0.947043337518807,1.73641448182891,1,2372.46676115985,-0.518114705177056
"771","C1orf56",0.18773140181992,0.947043337518807,1.73633265510474,1,2372.46676115985,-0.40531877836741
"5452","MATN2",0.187759745273539,0.947043337518807,1.73610959208482,1,2372.46676115985,-10
"8836","FAM214A",0.187771383640128,0.947043337518807,1.73601800947517,1,2372.46676115985,-0.217526970088793
"1750","RALB",0.18806074676829,0.947921083066539,1.73374312580421,1,2372.46676115985,-0.214396985462022
"8271","RAB2B",0.1881004853967,0.947921083066539,1.73343103124554,1,2372.46676115985,-0.287179797200146
"1335","SDC1",0.188166874911347,0.947921083066539,1.73290980032799,1,2372.46676115985,1.38987876508703
"8353","PSMA6",0.188519384695139,0.949216338437498,1.73014579252387,1,2372.46676115985,0.108522805773503
"11701","RIN2",0.18861664695621,0.949216338437498,1.72938422449267,1,2372.46676115985,0.10927496888879
"3","PLEKHN1",0.188645751553033,0.949216338437498,1.72915642306432,1,2372.46676115985,-1.26458646483684
"380","ZNF691",0.188805769293405,0.949274579591336,1.72790469651024,1,2372.46676115985,-0.651040853815274
"5523","ASAP1",0.188810022943708,0.949274579591336,1.72787143952047,1,2372.46676115985,-0.110760103499475
"11308","GEMIN7",0.188879102161503,0.949274579591336,1.72733146866456,1,2372.46676115985,-0.593577828768689
"6390","HECTD2",0.188974140622893,0.949380649349988,1.7265889583577,1,2372.46676115985,-0.300614060647069
"7572","CCDC65",0.189129895879379,0.949791549858076,1.7253730242061,1,2372.46676115985,-0.616439427418501
"795","TCHH",0.189301498137673,0.950238519908358,1.72403472763035,1,2372.46676115985,0.487351427121402
"9637","EMC8",0.18936690074336,0.950238519908358,1.72352503600982,1,2372.46676115985,0.286768150136393
"11840","NEURL2",0.18964547933506,0.950258005409485,1.72135633023454,1,2372.46676115985,1.0316613904376
"9576","AP1G1",0.189904090033466,0.950258005409485,1.71934639398867,1,2372.46676115985,-0.17535390992146
"1568","PRADC1",0.189911509737313,0.950258005409485,1.7192887747541,1,2372.46676115985,0.463653025911367
"7566","ZNF641",0.189943952416532,0.950258005409485,1.71903686529156,1,2372.46676115985,0.299862594868625
"11650","ATRN",0.189947299357467,0.950258005409485,1.71901087996948,1,2372.46676115985,-0.159920635310711
"4849","SRI",0.190016264244808,0.950258005409485,1.71847556214582,1,2372.46676115985,0.184022868323883
"8001","DNAH10",0.19001838982356,0.950258005409485,1.71845906662162,1,2372.46676115985,-10
"2968","LAP3",0.190040653861942,0.950258005409485,1.71828629979257,1,2372.46676115985,0.110021291778857
"5424","C8orf88",0.190204704764582,0.950258005409485,1.71701400763524,1,2372.46676115985,-1.22025394754784
"2008","ATIC",0.190304154570542,0.950258005409485,1.71624335039512,1,2372.46676115985,0.344268755960096
"7778","METTL25",0.19034194445894,0.950258005409485,1.71595063184004,1,2372.46676115985,-0.292630843063778
"5754","TMC1",0.190405398206939,0.950258005409485,1.71545927477615,1,2372.46676115985,-1.33217642779461
"295","A3GALT2",0.190437897068572,0.950258005409485,1.71520769228302,1,2372.46676115985,1.36583743829385
"7123","EMSY",0.190443172213371,0.950258005409485,1.71516686068233,1,2372.46676115985,0.231490184081236
"10850","ILF3",0.190525381554848,0.950258005409485,1.71453069997127,1,2372.46676115985,0.209772306742726
"5485","ENY2",0.190554813794052,0.950258005409485,1.7143030222572,1,2372.46676115985,-0.135585776075451
"10979","NR2F6",0.191025761762766,0.951418662947007,1.71066550130976,1,2372.46676115985,0.536892819102525
"8781","CATSPER2",0.1911581105831,0.951418662947007,1.70964514527282,1,2372.46676115985,0.336747133667254
"9431","LONP2",0.191294365894002,0.951418662947007,1.70859553283614,1,2372.46676115985,0.157153694262062
"12787","ATP6AP1",0.19138361045377,0.951418662947007,1.70790853013122,1,2372.46676115985,0.12952934174297
"8058","MTMR6",0.191404968919134,0.951418662947007,1.70774416858413,1,2372.46676115985,-0.182706455879833
"3425","DAB2",0.191463787150204,0.951418662947007,1.70729165048486,1,2372.46676115985,-0.128017511457389
"2479","LMOD3",0.191509559882108,0.951418662947007,1.70693961022105,1,2372.46676115985,1.15277986559362
"8289","SLC7A8",0.191552000471834,0.951418662947007,1.70661328538016,1,2372.46676115985,0.144341328741796
"843","THBS3",0.191558939290219,0.951418662947007,1.70655994097413,1,2372.46676115985,-0.758206116898464
"1570","FBXO41",0.191576514186427,0.951418662947007,1.70642483837991,1,2372.46676115985,-0.632434318494506
"3235","JADE1",0.191803651068696,0.951418662947007,1.70468008175272,1,2372.46676115985,-0.394648258417593
"3066","MOB1B",0.191892792298385,0.951418662947007,1.70399600071405,1,2372.46676115985,-0.162758587537613
"9348","C16orf54",0.191956556329141,0.951418662947007,1.70350689514398,1,2372.46676115985,-0.645433718688303
"4877","DYNC1I1",0.192053242347628,0.951418662947007,1.70276562151653,1,2372.46676115985,0.740346270500411
"884","PRCC",0.192069217955834,0.951418662947007,1.70264318147591,1,2372.46676115985,-0.279507393802735
"10832","DNMT1",0.192113088777874,0.951418662947007,1.70230700849088,1,2372.46676115985,-0.172055530775423
"748","ANP32E",0.192118765162662,0.951418662947007,1.70226351808666,1,2372.46676115985,-0.265713506343595
"2446","HESX1",0.192157594784013,0.951418662947007,1.70196605983796,1,2372.46676115985,-0.267251931980803
"637","GNAI3",0.192195312801537,0.951418662947007,1.70167718436226,1,2372.46676115985,-0.141017603021762
"9553","COG8",0.192372706080346,0.951929833825714,1.70031944893942,1,2372.46676115985,0.488998593247876
"7811","SLC25A3",0.192498730610168,0.952186517629108,1.6993557688376,1,2372.46676115985,0.131477828103826
"6207","BAMBI",0.192873962009944,0.953588633365322,1.69649082162547,1,2372.46676115985,-10
"11159","ZNF829",0.192930711742318,0.953588633365322,1.69605809613554,1,2372.46676115985,1.01193617890082
"8759","EHD4",0.193119989955298,0.953914431138501,1.69461589540804,1,2372.46676115985,-0.177678823726491
"3245","SETD7",0.193299943099231,0.953914431138501,1.69324627829335,1,2372.46676115985,0.218827941969367
"8603","GON7",0.193376373810521,0.953914431138501,1.69266501776984,1,2372.46676115985,-0.434519865025145
"4064","LST1",0.193458552329405,0.953914431138501,1.69204034440529,1,2372.46676115985,-0.160123745051274
"10019","EPOP",0.193549011600155,0.953914431138501,1.69135308423392,1,2372.46676115985,0.592837389305311
"8128","LRRC63",0.193554771527936,0.953914431138501,1.69130933616654,1,2372.46676115985,0.377159962731955
"9060","MAN2A2",0.193620518852441,0.953914431138501,1.690810076922,1,2372.46676115985,-0.340963317589398
"4998","ZNF277",0.193627231755345,0.953914431138501,1.69075911294068,1,2372.46676115985,0.173592024284144
"2685","RASA2",0.193665206913642,0.953914431138501,1.69047084657783,1,2372.46676115985,-0.162124705442765
"8223","MYO16",0.193812036445779,0.954233263370005,1.6893568970767,1,2372.46676115985,-1.74637449420298
"10204","MMD",0.193905481272111,0.954233263370005,1.68864847442218,1,2372.46676115985,0.20502560088078
"7273","DDX6",0.194109133152903,0.954233263370005,1.68710593416507,1,2372.46676115985,-0.152193236303913
"4471","TXLNB",0.194212543447888,0.954233263370005,1.68632338812038,1,2372.46676115985,0.396392467066513
"8479","ACTN1",0.194224318850811,0.954233263370005,1.6862343099707,1,2372.46676115985,-0.221881775383328
"2710","COMMD2",0.194255946325007,0.954233263370005,1.68599508685275,1,2372.46676115985,0.242886484711723
"3384","DAP",0.194291445555501,0.954233263370005,1.6857266329156,1,2372.46676115985,0.172575273339806
"11745","PXMP4",0.194324428293167,0.954233263370005,1.68547726074733,1,2372.46676115985,-0.681627339242998
"7161","NAALAD2",0.194423295259066,0.954255172343521,1.68473005516506,1,2372.46676115985,-10
"5609","CBWD1",0.194477516238844,0.954255172343521,1.68432045873855,1,2372.46676115985,-0.27636828598329
"4930","PCOLCE",0.19460874799422,0.954534351792885,1.68332966000518,1,2372.46676115985,1.02144992526669
"2397","RBM15B",0.194860417970612,0.955403828621853,1.68143173966354,1,2372.46676115985,-0.427374597189664
"10884","ZNF433",0.19501148828116,0.955489413655025,1.6802938498564,1,2372.46676115985,0.700276482669976
"3658","RAPGEF6",0.195026692094838,0.955489413655025,1.6801793890503,1,2372.46676115985,-0.157608899299707
"11233","CYP2S1",0.195118054886566,0.955572441952095,1.67949179085985,1,2372.46676115985,0.446510067710094
"7879","C12orf76",0.1954218370875,0.956016473676048,1.67720822785278,1,2372.46676115985,-0.315290306378333
"2723","SUCNR1",0.195512370801809,0.956016473676048,1.67652848029746,1,2372.46676115985,0.36700112260479
"5336","RB1CC1",0.19559739657384,0.956016473676048,1.67589042323387,1,2372.46676115985,0.154848176740084
"10373","TMC6",0.195608336907434,0.956016473676048,1.67580834751562,1,2372.46676115985,0.172377679299575
"6106","EXD3",0.195783815416796,0.956016473676048,1.67449262066268,1,2372.46676115985,0.295581677199657
"12783","EMD",0.195800412030293,0.956016473676048,1.67436825180751,1,2372.46676115985,-0.363847103746927
"8429","TOMM20L",0.19589991324885,0.956016473676048,1.67362288552751,1,2372.46676115985,-10
"10864","CCDC159",0.196017889000195,0.956016473676048,1.67273970055405,1,2372.46676115985,0.414372038714147
"5928","DAB2IP",0.196057763068381,0.956016473676048,1.67244133784381,1,2372.46676115985,-10
"6087","TRAF2",0.196114043912479,0.956016473676048,1.67202033036278,1,2372.46676115985,-0.507565005925211
"4418","SERINC1",0.196129341847507,0.956016473676048,1.67190591900407,1,2372.46676115985,0.112870230683792
"10859","LDLR",0.196223181364553,0.956016473676048,1.67120433363796,1,2372.46676115985,-1.6773857697309
"2831","ST6GAL1",0.196277337749215,0.956016473676048,1.67079961567991,1,2372.46676115985,-0.307225044063625
"1833","IFIH1",0.196360840721056,0.956016473676048,1.67017584311749,1,2372.46676115985,-0.140425810877013
"5637","TTC39B",0.196382254549372,0.956016473676048,1.67001593052938,1,2372.46676115985,-0.270287872998815
"25","ATAD3A",0.196627454615921,0.956016473676048,1.66818629940479,1,2372.46676115985,0.533667218268768
"6743","ZDHHC13",0.196648112340765,0.956016473676048,1.66803227798991,1,2372.46676115985,0.362554001844387
"3813","THG1L",0.196740117987777,0.956016473676048,1.66734652567905,1,2372.46676115985,-0.533163625921019
"10062","TTC25",0.196758897865721,0.956016473676048,1.667206598466,1,2372.46676115985,1.18330630608921
"6358","ANXA11",0.196892453579314,0.956016473676048,1.66621193806632,1,2372.46676115985,0.125556351553009
"2151","LHFPL4",0.196902033387783,0.956016473676048,1.66614062254839,1,2372.46676115985,-10
"12458","GK",0.196991849350838,0.956016473676048,1.66547219823922,1,2372.46676115985,-0.251296744146664
"9654","RNF166",0.19699409289182,0.956016473676048,1.6654555060348,1,2372.46676115985,-0.293795520451091
"8854","AQP9",0.197209970749729,0.956016473676048,1.6638503917485,1,2372.46676115985,-0.198381668104339
"150","MRTO4",0.197222442877348,0.956016473676048,1.66375772084475,1,2372.46676115985,-0.447136486715134
"7689","PTGES3",0.197238811101128,0.956016473676048,1.66363611143967,1,2372.46676115985,0.107441619058144
"11467","ZNF611",0.197266801473425,0.956016473676048,1.66342818150921,1,2372.46676115985,-0.252829084766909
"647","SLC16A4",0.197293330366913,0.956016473676048,1.66323114029287,1,2372.46676115985,-0.89138260735951
"5989","CERCAM",0.197434396354326,0.956339148844171,1.662183905776,1,2372.46676115985,-0.657631915209315
"10385","LGALS3BP",0.19755637073147,0.956408612777138,1.6612791093746,1,2372.46676115985,0.14611921614253
"9303","GGA2",0.197597698753816,0.956408612777138,1.66097268996735,1,2372.46676115985,0.146499330052007
"123","AGMAT",0.197877086451203,0.957310132492249,1.65890318906188,1,2372.46676115985,-10
"9459","MT1M",0.198005474315467,0.957310132492249,1.65795333462603,1,2372.46676115985,1.35172495574498
"11334","PRKD2",0.198033206997323,0.957310132492249,1.65774825430986,1,2372.46676115985,-0.33852989056159
"340","GJA9",0.198082160426128,0.957310132492249,1.65738633101045,1,2372.46676115985,1.34663470916735
"10634","RNF126",0.198274866193688,0.957415236470332,1.65596263489288,1,2372.46676115985,0.341006375644257
"11359","EMP3",0.198285612408129,0.957415236470332,1.65588329046228,1,2372.46676115985,-0.171922343881456
"6179","SLC39A12",0.198368559630674,0.957415236470332,1.65527102132817,1,2372.46676115985,-10
"12506","WAS",0.19856463642565,0.957415236470332,1.65382488834358,1,2372.46676115985,-0.165619552097413
"2439","WNT5A",0.19858496962531,0.957415236470332,1.65367502003847,1,2372.46676115985,0.45168251711202
"6934","MACROD1",0.198634913089598,0.957415236470332,1.65330698216537,1,2372.46676115985,0.57753471648397
"3440","NIM1K",0.198906438261489,0.957415236470332,1.6513079882188,1,2372.46676115985,-1.28004905068018
"6254","TIMM23B",0.198924457854928,0.957415236470332,1.65117543967706,1,2372.46676115985,0.826736983479909
"1216","NUP133",0.198948994949646,0.957415236470332,1.65099497236636,1,2372.46676115985,0.254897576820398
"1981","CTLA4",0.199165094895325,0.957415236470332,1.64940671198671,1,2372.46676115985,-10
"9408","VKORC1",0.199222463597108,0.957415236470332,1.64898541173498,1,2372.46676115985,-0.156916028531737
"2699","DIPK2A",0.199431150969914,0.957415236470332,1.6474540693643,1,2372.46676115985,-0.421149728058366
"4125","RPS18",0.199447375808853,0.957415236470332,1.64733509081067,1,2372.46676115985,0.0855819682827496
"9385","ZNF764",0.199556606881646,0.957415236470332,1.64653438306004,1,2372.46676115985,-0.673387686691867
"1793","ZEB2",0.199727692206446,0.957415236470332,1.6452812932097,1,2372.46676115985,-0.0831871050775405
"6357","TMEM254",0.199941011718082,0.957415236470332,1.64372063099976,1,2372.46676115985,0.36753494005717
"1369","SLC35F6",0.200031585848445,0.957415236470332,1.64305857538182,1,2372.46676115985,-0.228256265290944
"8181","LMO7",0.200201877646695,0.957415236470332,1.64181477353663,1,2372.46676115985,0.621056097402719
"5962","RPL12",0.20020794049714,0.957415236470332,1.6417705137447,1,2372.46676115985,0.0856270854138845
"80","SLC25A33",0.200273741463065,0.957415236470332,1.64129025735135,1,2372.46676115985,-0.430958963376755
"7047","NDUFV1",0.200295815186667,0.957415236470332,1.64112919113553,1,2372.46676115985,-0.247812758576597
"12692","CXorf56",0.200344892428813,0.957415236470332,1.64077116204499,1,2372.46676115985,-0.53461000941937
"5006","TFEC",0.200412560241776,0.957415236470332,1.64027767980258,1,2372.46676115985,-0.104450358898383
"2100","COL6A3",0.200516101382742,0.957415236470332,1.63952296264829,1,2372.46676115985,-10
"7813","APAF1",0.200605501594428,0.957415236470332,1.63887168810235,1,2372.46676115985,-0.275947876347852
"697","MAN1A2",0.200711038666156,0.957415236470332,1.63810329679151,1,2372.46676115985,-0.172846572380802
"12704","LAMP2",0.200874674081645,0.957415236470332,1.63691284384618,1,2372.46676115985,-0.108882535344631
"10792","CD209",0.200941871562958,0.957415236470332,1.63642431035015,1,2372.46676115985,-0.403199399773604
"1159","GPATCH2",0.201134780034542,0.957415236470332,1.63502291048231,1,2372.46676115985,-0.185711452941264
"4832","GNAI1",0.201156800282219,0.957415236470332,1.63486304309493,1,2372.46676115985,0.650503637920886
"2663","MSL2",0.201233275805886,0.957415236470332,1.6343079893327,1,2372.46676115985,-0.212479527264212
"8626","YY1",0.201414831344627,0.957415236470332,1.63299126598419,1,2372.46676115985,-0.13000313794762
"5183","AGPAT5",0.201453144014471,0.957415236470332,1.63271358354164,1,2372.46676115985,-0.30615515755763
"1038","C1orf21",0.201776609569618,0.957415236470332,1.63037164572411,1,2372.46676115985,-0.171607123124845
"3630","SEMA6A",0.201795286637451,0.957415236470332,1.63023655599553,1,2372.46676115985,0.90738951568316
"10576","C18orf54",0.201849391137214,0.957415236470332,1.62984530556369,1,2372.46676115985,0.625398091916467
"886","ETV3L",0.20189138725407,0.957415236470332,1.62954170059866,1,2372.46676115985,-1.77721338680061
"10970","SMIM7",0.201907904145044,0.957415236470332,1.62942231445024,1,2372.46676115985,-0.177017773271771
"10340","ITGB4",0.201919692474638,0.957415236470332,1.62933711396457,1,2372.46676115985,-10
"9262","NPIPA7",0.201970331832189,0.957415236470332,1.6289711831734,1,2372.46676115985,-10
"10482","VAPA",0.202025636790239,0.957415236470332,1.62857166114561,1,2372.46676115985,-0.116071021939662
"5422","DECR1",0.202305465102457,0.957415236470332,1.62655215875735,1,2372.46676115985,-0.122424951811808
"756","ECM1",0.202330512809453,0.957415236470332,1.62637155152994,1,2372.46676115985,-0.272528375484127
"5430","RBM12B",0.202567019207203,0.957415236470332,1.62466751230719,1,2372.46676115985,-0.270380613523543
"1047","PDC",0.202636725526886,0.957415236470332,1.62416572222714,1,2372.46676115985,-10
"2231","ZCWPW2",0.202643888996881,0.957415236470332,1.6241141665712,1,2372.46676115985,0.280648513609782
"1629","REEP1",0.202647446669856,0.957415236470332,1.62408856271602,1,2372.46676115985,1.43830533454217
"11377","TULP2",0.202705524321093,0.957415236470332,1.62367066443168,1,2372.46676115985,-10
"2769","TNIK",0.202792263317466,0.957415236470332,1.62304679574185,1,2372.46676115985,0.168293407343503
"2098","ACKR3",0.202802912990219,0.957415236470332,1.62297021982877,1,2372.46676115985,1.06021236903002
"4141","HMGA1",0.202914125210298,0.957415236470332,1.6221708371485,1,2372.46676115985,0.244262285047874
"2218","UBE2E2",0.202932317333403,0.957415236470332,1.62204012305477,1,2372.46676115985,-0.102944079811229
"12077","TMEM121B",0.202960110626101,0.957415236470332,1.62184044926836,1,2372.46676115985,0.920140424540209
"6314","ANAPC16",0.203134395954998,0.957415236470332,1.62058907506059,1,2372.46676115985,-0.134407243290824
"7239","PLET1",0.203178161699571,0.957415236470332,1.62027503436358,1,2372.46676115985,1.15837571265984
"1011","ABL2",0.203206073004388,0.957415236470332,1.62007479868276,1,2372.46676115985,-0.149304812389173
"2726","RAP2B",0.203209485420262,0.957415236470332,1.62005032023739,1,2372.46676115985,0.153808900426361
"2177","VGLL4",0.203255155582662,0.957415236470332,1.61972275890698,1,2372.46676115985,-0.169918968584106
"4495","TAB2",0.203277139737298,0.957415236470332,1.61956511229156,1,2372.46676115985,-0.115983807118653
"4883","TECPR1",0.203438830683347,0.957415236470332,1.61840625650841,1,2372.46676115985,0.339757603025427
"9239","RSL1D1",0.203556183636852,0.957415236470332,1.61756585543729,1,2372.46676115985,-0.194018547729005
"6563","CHST15",0.203557326104764,0.957415236470332,1.61755767667597,1,2372.46676115985,-0.154474120212996
"8129","RUBCNL",0.203593308761818,0.957415236470332,1.6173001097654,1,2372.46676115985,0.227132042195437
"2015","RPL37A",0.203619406170862,0.957415236470332,1.61711333587214,1,2372.46676115985,0.0946769161717538
"7013","BRMS1",0.203633032189131,0.957415236470332,1.61701582842138,1,2372.46676115985,-0.30569686241709
"196","RUNX3",0.203657597844362,0.957415236470332,1.61684005663158,1,2372.46676115985,0.165790558376982
"4979","SYPL1",0.203725419103104,0.957415236470332,1.61635491276837,1,2372.46676115985,-0.228734314401133
"11260","CEACAM1",0.203873053666882,0.957415236470332,1.61529950079579,1,2372.46676115985,-1.03028617379897
"10442","HEXD",0.203924358399482,0.957415236470332,1.61493294381232,1,2372.46676115985,0.214655789279219
"7454","YBX3",0.203934587194306,0.957415236470332,1.6148598751319,1,2372.46676115985,-0.162652865494644
"9681","C17orf97",0.203977367945549,0.957415236470332,1.61455432065794,1,2372.46676115985,-1.57377387806642
"7417","C1R",0.204005034450864,0.957415236470332,1.61435675743497,1,2372.46676115985,-1.63316478778543
"10239","RNFT1",0.204109522083679,0.957415236470332,1.61361090858883,1,2372.46676115985,-0.263995656931999
"7070","SHANK2",0.204155974591393,0.957415236470332,1.61327946800452,1,2372.46676115985,-10
"2550","SIDT1",0.20420520632323,0.957415236470332,1.61292829461439,1,2372.46676115985,0.699482154949822
"8853","ALDH1A2",0.204249727962522,0.957415236470332,1.6126108046202,1,2372.46676115985,0.341754204530219
"9827","RANGRF",0.204310804966938,0.957415236470332,1.61217538879823,1,2372.46676115985,0.398198293674349
"9310","PRKCB",0.204522281524661,0.957415236470332,1.61066896522435,1,2372.46676115985,-0.165787160365046
"5039","KCP",0.204637681254951,0.957415236470332,1.60984770623003,1,2372.46676115985,-0.539222110151548
"1234","SIPA1L2",0.204696756934095,0.957415236470332,1.60942749699173,1,2372.46676115985,-0.184735787679576
"12081","ATP6V1E1",0.204723804778231,0.957415236470332,1.60923515163001,1,2372.46676115985,-0.149147851782316
"6031","MED27",0.204763859735361,0.957415236470332,1.60895036384976,1,2372.46676115985,-0.218460328780951
"10606","RTTN",0.204798722177555,0.957415236470332,1.60870254796863,1,2372.46676115985,0.343673978174078
"4618","ZNF316",0.204906908938728,0.957415236470332,1.60793383096896,1,2372.46676115985,0.372861920738589
"901","PIGM",0.204996480593692,0.957415236470332,1.60729774527753,1,2372.46676115985,0.43010510309022
"3850","CPEB4",0.205020008022527,0.957415236470332,1.6071307215847,1,2372.46676115985,-0.127972510168705
"9053","NGRN",0.205116962065454,0.957415236470332,1.6064426732562,1,2372.46676115985,-0.27994787810688
"752","MRPS21",0.205129296748524,0.957415236470332,1.60635516592732,1,2372.46676115985,0.160250592223475
"1887","PJVK",0.205264382597651,0.957415236470332,1.60539721751201,1,2372.46676115985,0.653646175309741
"1113","IKBKE",0.205358193909888,0.957415236470332,1.60473240130703,1,2372.46676115985,-0.224871195441081
"3365","ZDHHC11",0.205396134055273,0.957415236470332,1.60446363124945,1,2372.46676115985,1.15493742055738
"3964","HIVEP1",0.205433124363976,0.957415236470332,1.6042016463124,1,2372.46676115985,-0.178637331410874
"3763","JAKMIP2",0.205495667581725,0.957415236470332,1.60375880882735,1,2372.46676115985,-0.211813541963309
"6679","TPP1",0.205580374005822,0.957415236470332,1.6031592983336,1,2372.46676115985,0.0965240620449388
"3543","SCAMP1",0.205612846278609,0.957415236470332,1.60292955286089,1,2372.46676115985,-0.256665840067008
"6208","SVIL",0.205696479830365,0.957415236470332,1.60233803204095,1,2372.46676115985,-0.478267277574054
"3322","HMGB2",0.205816765507303,0.957415236470332,1.60148777701414,1,2372.46676115985,-0.38328865555513
"11684","KIF16B",0.205998755718843,0.957415236470332,1.60020247049936,1,2372.46676115985,0.181901487574686
"8783","SERF2",0.206057088625846,0.957415236470332,1.59979077796308,1,2372.46676115985,0.0745979790511117
"2989","STIM2",0.206061521274246,0.957415236470332,1.59975949956401,1,2372.46676115985,0.208630176963359
"104","AGTRAP",0.206091736630884,0.957415236470332,1.59954631005582,1,2372.46676115985,0.223162993908928
"3310","ANXA10",0.206149116402956,0.957415236470332,1.59914155908488,1,2372.46676115985,-10
"5508","FBXO32",0.206282255835289,0.957415236470332,1.59820291978594,1,2372.46676115985,-0.436786392351813
"4725","SPDYE1",0.206399895021244,0.957415236470332,1.5973741533881,1,2372.46676115985,0.749572676849319
"5919","B3GNT10",0.206450155486351,0.957415236470332,1.59702023927681,1,2372.46676115985,-1.6077321923502
"11242","B3GNT8",0.206596781739034,0.957415236470332,1.59598833729442,1,2372.46676115985,0.532847247311902
"6113","ARRDC1",0.20682304781784,0.957415236470332,1.59439765649182,1,2372.46676115985,0.271527885215302
"4157","FKBP5",0.206873661070828,0.957415236470332,1.59404212005409,1,2372.46676115985,0.20096042960175
"1069","TMEM9",0.206904775282214,0.957415236470332,1.59382360706646,1,2372.46676115985,-0.369017734971098
"3782","RBM22",0.207138786218573,0.957415236470332,1.59218140795157,1,2372.46676115985,-0.255500099882984
"9616","PLCG2",0.207173556479479,0.957415236470332,1.59193759074745,1,2372.46676115985,-0.150286834998834
"4989","CBLL1",0.207255349074602,0.957415236470332,1.59136423265931,1,2372.46676115985,-0.324947293715645
"9425","C16orf87",0.207286561238481,0.957415236470332,1.5911455089701,1,2372.46676115985,-0.281102165026448
"1354","CENPO",0.207316091986067,0.957415236470332,1.59093860389577,1,2372.46676115985,0.758880219202345
"1598","HK2",0.207550532757826,0.957415236470332,1.58929724703156,1,2372.46676115985,0.183492728783468
"10928","ZSWIM4",0.207655957146516,0.957415236470332,1.58855986879883,1,2372.46676115985,-0.504152550615481
"9210","GLYR1",0.207762544455013,0.957415236470332,1.58781480668111,1,2372.46676115985,0.162750725434415
"9882","LLGL1",0.207787998438496,0.957415236470332,1.58763694619722,1,2372.46676115985,-1.16195099466667
"7514","REP15",0.208030134170155,0.957415236470332,1.58594630316789,1,2372.46676115985,-10
"87","RBP7",0.208238084624841,0.957415236470332,1.58449620635478,1,2372.46676115985,-0.8486425782676
"5488","TRPS1",0.208238279668649,0.957415236470332,1.5844948470641,1,2372.46676115985,-0.0962729673794016
"3504","OCLN",0.20833662100439,0.957415236470332,1.58380968280694,1,2372.46676115985,0.988608942856448
"6918","TMEM223",0.208465617755041,0.957415236470332,1.5829115161022,1,2372.46676115985,-0.45737460772844
"10163","HOXB4",0.208515934949568,0.957415236470332,1.58256135049302,1,2372.46676115985,1.43632436091665
"6292","SRGN",0.208580285018078,0.957415236470332,1.58211367353383,1,2372.46676115985,0.0854654500935737
"2186","NUP210",0.208610052332359,0.957415236470332,1.58190664062239,1,2372.46676115985,-0.61229090161142
"9521","CTCF",0.208619413276538,0.957415236470332,1.58184154209317,1,2372.46676115985,-0.19071920025331
"9404","STX4",0.208639102773354,0.957415236470332,1.58170462730949,1,2372.46676115985,-0.182541213914235
"7076","NUMA1",0.20865369814261,0.957415236470332,1.58160314541349,1,2372.46676115985,0.160018867596796
"2914","RNF4",0.208788897818099,0.957415236470332,1.58066349863509,1,2372.46676115985,-0.223257621578144
"12014","HLCS",0.208811907526037,0.957415236470332,1.58050365135926,1,2372.46676115985,-0.252242810854002
"5802","CENPP",0.208833693349225,0.957415236470332,1.58035232556759,1,2372.46676115985,0.20086597957462
"669","RHOC",0.208834962425471,0.957415236470332,1.58034351105483,1,2372.46676115985,0.223145380798724
"4907","COPS6",0.208892966419645,0.957415236470332,1.5799407054246,1,2372.46676115985,0.232988438745475
"890","MNDA",0.209006575223412,0.957415236470332,1.57915213875704,1,2372.46676115985,-0.185677504656597
"1485","NRXN1",0.20902560779473,0.957415236470332,1.57902008198339,1,2372.46676115985,-10
"11378","NUCB1",0.209202519951089,0.957415236470332,1.5777932646171,1,2372.46676115985,0.163677974224438
"4651","KLHL7",0.209243392287852,0.957415236470332,1.57751000548737,1,2372.46676115985,-0.272214561266687
"12809","TMLHE",0.20931806154156,0.957415236470332,1.57699269146087,1,2372.46676115985,0.209093583646393
"10882","ZNF700",0.209398612401609,0.957415236470332,1.57643487426233,1,2372.46676115985,-0.257742967273386
"995","CENPL",0.209412625638412,0.957415236470332,1.57633785811885,1,2372.46676115985,-0.695925863241829
"3383","ANKRD33B",0.209460780730859,0.957415236470332,1.57600453041504,1,2372.46676115985,-1.84104732399719
"6961","ARL2",0.209515924227233,0.957415236470332,1.57562294072377,1,2372.46676115985,-0.263905170336076
"11590","C19orf18",0.209546957763209,0.957415236470332,1.57540824282963,1,2372.46676115985,-1.02910636675942
"3358","FRG1",0.209576166845149,0.957415236470332,1.5752062013813,1,2372.46676115985,-0.208339330326472
"9998","CCL23",0.209595586287355,0.957415236470332,1.57507189407934,1,2372.46676115985,-1.54097716719275
"7277","CCDC84",0.209642930081678,0.957415236470332,1.57474452022383,1,2372.46676115985,-0.232907611349326
"3924","NQO2",0.209690435949246,0.957415236470332,1.57441611369036,1,2372.46676115985,-0.188390273802326
"10591","RNF152",0.20981268636145,0.957415236470332,1.57357140567932,1,2372.46676115985,-10
"12259","MAFF",0.209840750311796,0.957415236470332,1.57337757580494,1,2372.46676115985,0.516885165696188
"584","RPL5",0.210016247002866,0.957415236470332,1.5721661654015,1,2372.46676115985,0.104527601336267
"4954","POLR2J",0.210047853649224,0.957415236470332,1.571948119996,1,2372.46676115985,-0.178603757816205
"7099","UCP2",0.210071421654732,0.957415236470332,1.57178555623002,1,2372.46676115985,0.151966758622105
"7901","ERP29",0.210108864376088,0.957415236470332,1.5715273340259,1,2372.46676115985,-0.134584085938958
"9607","DYNLRB2",0.210173222378237,0.957415236470332,1.57108361909854,1,2372.46676115985,1.13355131850966
"11961","USP25",0.210219714702537,0.957415236470332,1.57076317890118,1,2372.46676115985,-0.146437505116357
"10734","PLIN4",0.210279025629123,0.957415236470332,1.57035451065019,1,2372.46676115985,-10
"423","POMGNT1",0.210350277773221,0.957415236470332,1.56986374483033,1,2372.46676115985,-0.494607852751965
"3431","C7",0.210413362331138,0.957415236470332,1.56942939962124,1,2372.46676115985,1.18455598976921
"9549","CHTF8",0.210469926029012,0.957415236470332,1.56904008261177,1,2372.46676115985,1.2964659744312
"4642","ITGB8",0.210537781226633,0.957415236470332,1.5685732120189,1,2372.46676115985,-0.336152369367161
"7752","CNOT2",0.210580041929188,0.957415236470332,1.56828253181942,1,2372.46676115985,0.123180819421333
"4194","TOMM6",0.210597889183373,0.957415236470332,1.56815979449521,1,2372.46676115985,0.154835327463164
"6778","EHF",0.210720522733116,0.957415236470332,1.56731676489255,1,2372.46676115985,1.55368311124218
"1250","NID1",0.2107997687572,0.957415236470332,1.56677230700481,1,2372.46676115985,0.87655314010328
"1781","RAB3GAP1",0.210841897478053,0.957415236470332,1.56648296145819,1,2372.46676115985,0.12782878640376
"1422","LTBP1",0.211140798796017,0.957415236470332,1.56443203535713,1,2372.46676115985,-10
"8885","ZNF609",0.211373587373682,0.957415236470332,1.56283712924985,1,2372.46676115985,0.109569224772481
"2010","MREG",0.211557126967539,0.957415236470332,1.56158111164933,1,2372.46676115985,0.287880886203504
"4680","PLEKHA8",0.211557601353094,0.957415236470332,1.5615778669593,1,2372.46676115985,0.238831681799103
"7431","CLEC4D",0.211562025650737,0.957415236470332,1.56154760617869,1,2372.46676115985,-1.67025550554635
"1254","LGALS8",0.211573321475239,0.957415236470332,1.56147034975852,1,2372.46676115985,-0.169589426809059
"11055","ZNF737",0.211619026608834,0.957415236470332,1.56115780500854,1,2372.46676115985,0.532632745857307
"3955","PAK1IP1",0.211645709924759,0.957415236470332,1.56097537391023,1,2372.46676115985,-0.423424816920163
"4869","CALCR",0.211823473957274,0.957415236470332,1.55976071566275,1,2372.46676115985,0.823093553406529
"5105","CASP2",0.212051106040791,0.957415236470332,1.5582070754066,1,2372.46676115985,0.326613610531781
"2773","NCEH1",0.212064731790415,0.957415236470332,1.55811413940197,1,2372.46676115985,0.110928723979182
"2399","RAD54L2",0.212121919958369,0.957415236470332,1.55772415817359,1,2372.46676115985,-0.218360317910392
"12306","XRCC6",0.212184391711139,0.957415236470332,1.55729828941139,1,2372.46676115985,-0.165205599120507
"8748","NUSAP1",0.212254553935305,0.957415236470332,1.55682017229703,1,2372.46676115985,-0.799879779523863
"4274","EYS",0.212311619726858,0.957415236470332,1.5564314385542,1,2372.46676115985,-0.970471983943664
"1813","GPD2",0.21233509184616,0.957415236470332,1.55627158183911,1,2372.46676115985,-0.134513540849727
"7635","NPFF",0.21236372856044,0.957415236470332,1.55607658009735,1,2372.46676115985,0.702342730690841
"12375","CPT1B",0.212419752320004,0.957415236470332,1.55569517651764,1,2372.46676115985,0.57266982002466
"9525","C16orf86",0.212526441342281,0.957415236470332,1.55496917964956,1,2372.46676115985,-0.622111714736488
"4302","BCKDHB",0.212641127244858,0.957415236470332,1.55418924820292,1,2372.46676115985,0.288876513407528
"9790","ACAP1",0.212690908568274,0.957415236470332,1.55385086146783,1,2372.46676115985,0.473862328071491
"3499","CCDC125",0.212711212523647,0.957415236470332,1.55371287307732,1,2372.46676115985,0.230932077159989
"1824","BAZ2B",0.212823319285824,0.957415236470332,1.5529512621278,1,2372.46676115985,0.101898997901679
"859","KHDC4",0.212827592230262,0.957415236470332,1.55292224278767,1,2372.46676115985,-0.289786055411936
"7909","OAS2",0.212917458771602,0.957415236470332,1.55231208208429,1,2372.46676115985,-0.13444716217612
"8698","SCG5",0.212999041536489,0.957415236470332,1.55175843005337,1,2372.46676115985,0.591294235706005
"8683","TJP1",0.213072225699312,0.957415236470332,1.55126198849597,1,2372.46676115985,0.880527348778724
"3373","MED10",0.213127886667542,0.957415236470332,1.55088455037784,1,2372.46676115985,-0.244895515989406
"7032","ANKRD13D",0.213155252486702,0.957415236470332,1.55069902516576,1,2372.46676115985,-0.184279581651315
"980","SCYL3",0.213169476940521,0.957415236470332,1.55060260236582,1,2372.46676115985,0.327317477075993
"2292","SNRK",0.213223773379372,0.957415236470332,1.55023461530124,1,2372.46676115985,-0.200222388260779
"10333","TMEM94",0.213277555312023,0.957415236470332,1.54987022499167,1,2372.46676115985,0.237108451246703
"3550","CMYA5",0.213396886372445,0.957415236470332,1.54906210753526,1,2372.46676115985,0.585555709024093
"774","GABPB2",0.213446202065493,0.957415236470332,1.54872829537653,1,2372.46676115985,-0.353997302083992
"10147","EFCAB13",0.214002100233557,0.957415236470332,1.54497181499709,1,2372.46676115985,-0.276557792508408
"289","TMEM54",0.214017371540433,0.957415236470332,1.54486878295708,1,2372.46676115985,1.62601306616819
"9189","CLUAP1",0.214024916820941,0.957415236470332,1.54481787988931,1,2372.46676115985,-0.374902365631639
"11181","FAM98C",0.214088025711753,0.957415236470332,1.54439220906672,1,2372.46676115985,0.437377287420571
"6285","DNA2",0.214120296964839,0.957415236470332,1.54417459642714,1,2372.46676115985,0.56632160494843
"12631","CSTF2",0.214139327976629,0.957415236470332,1.54404628412576,1,2372.46676115985,-0.620388766171661
"6492","PCGF6",0.214277358579294,0.957415236470332,1.54311604963378,1,2372.46676115985,0.307385122546652
"8914","MAP2K5",0.214383798696437,0.957415236470332,1.54239920055707,1,2372.46676115985,0.145836138332628
"3455","ARL15",0.214423560614171,0.957415236470332,1.54213152202121,1,2372.46676115985,-0.082690190439129
"1860","SLC25A12",0.214498301789558,0.957415236470332,1.54162852173963,1,2372.46676115985,0.306765974666788
"7872","MMAB",0.214501280474911,0.957415236470332,1.5416084798194,1,2372.46676115985,-0.509384483429681
"10567","MBD1",0.214568639286621,0.957415236470332,1.54115534814243,1,2372.46676115985,-0.307134944066087
"9903","LGALS9B",0.214708772194793,0.957415236470332,1.54021319745528,1,2372.46676115985,1.37611329982193
"3097","CCNI",0.214772615855647,0.957415236470332,1.53978420214608,1,2372.46676115985,-0.0931116666215155
"5753","ZFAND5",0.214823992301314,0.957415236470332,1.53943909003025,1,2372.46676115985,-0.138900155420815
"4996","IMMP2L",0.214851484664963,0.957415236470332,1.53925445531224,1,2372.46676115985,0.164838355373428
"9695","PITPNA",0.214881234349812,0.957415236470332,1.53905469242017,1,2372.46676115985,-0.162902029953453
"1220","GALNT2",0.214947490694977,0.957415236470332,1.53860991320444,1,2372.46676115985,-0.165238605256993
"3927","TUBB2A",0.214951726981301,0.957415236470332,1.53858148053991,1,2372.46676115985,-0.561977938560778
"9834","NTN1",0.215012776785196,0.957415236470332,1.53817180687055,1,2372.46676115985,-10
"1882","TTC30A",0.215178716721876,0.957415236470332,1.53705896890494,1,2372.46676115985,0.959013387758873
"2172","GHRL",0.215188760737068,0.957415236470332,1.53699164381542,1,2372.46676115985,1.09072965285674
"4329","UBE2J1",0.215325752131489,0.957415236470332,1.5360737629777,1,2372.46676115985,-0.20254681539286
"8915","PIAS1",0.215345561530088,0.957415236470332,1.53594109196674,1,2372.46676115985,-0.0931197489840027
"11596","ZNF544",0.21539672357496,0.957415236470332,1.53559850766729,1,2372.46676115985,-0.42836692542421
"10527","RNF138",0.215459422403366,0.957415236470332,1.53517880440737,1,2372.46676115985,-0.225681418915694
"7859","SART3",0.215496428980935,0.957415236470332,1.53493115219963,1,2372.46676115985,-0.269599117467017
"1121","PIGR",0.215661157736194,0.957415236470332,1.53382938272454,1,2372.46676115985,-10
"12034","SLC37A1",0.215676600327875,0.957415236470332,1.53372614808606,1,2372.46676115985,0.361938085800701
"10089","COA3",0.215896877464292,0.957415236470332,1.53225453994108,1,2372.46676115985,0.236877791169958
"4016","ZKSCAN8",0.216059664577572,0.957415236470332,1.5311681546286,1,2372.46676115985,-0.401505549035929
"9290","METTL9",0.216069533397996,0.957415236470332,1.53110232485397,1,2372.46676115985,0.227391504319161
"10042","PSMD3",0.21608962790661,0.957415236470332,1.53096829589482,1,2372.46676115985,0.2257501765688
"235","STX12",0.216131709205066,0.957415236470332,1.53068766468629,1,2372.46676115985,0.119632109983683
"1273","DESI2",0.21619870774549,0.957415236470332,1.53024099998018,1,2372.46676115985,0.198726964064294
"10350","TEN1",0.21626186055757,0.957415236470332,1.52982012484829,1,2372.46676115985,-0.368097043278677
"2587","CSTA",0.216271483367535,0.957415236470332,1.52975600751967,1,2372.46676115985,-0.181840086336134
"4838","SEMA3E",0.216303339918183,0.957415236470332,1.52954376976301,1,2372.46676115985,1.28155999728635
"10317","FDXR",0.216373534146407,0.957415236470332,1.52907624646764,1,2372.46676115985,0.337010756821699
"7500","CASC1",0.216427304958325,0.957415236470332,1.52871823229526,1,2372.46676115985,1.36168021774794
"1503","BCL11A",0.216438477384587,0.957415236470332,1.52864385789438,1,2372.46676115985,0.51551189067865
"7386","LTBR",0.216443505362071,0.957415236470332,1.52861038833912,1,2372.46676115985,0.223309314477554
"4862","PEX1",0.216750442497239,0.957415236470332,1.52656896379103,1,2372.46676115985,0.302280331190215
"4209","CNPY3",0.216788621122601,0.957415236470332,1.52631528045952,1,2372.46676115985,-0.198900088263431
"9628","COTL1",0.216803605477037,0.957415236470332,1.52621572932513,1,2372.46676115985,-0.110543157228351
"4616","ZDHHC4",0.216803685116914,0.957415236470332,1.52621520024582,1,2372.46676115985,0.305420374925679
"11709","CD93",0.216820036874775,0.957415236470332,1.52610657393603,1,2372.46676115985,0.241974005036182
"854","YY1AP1",0.21682356626016,0.957415236470332,1.52608312916856,1,2372.46676115985,0.186043818640931
"5722","GRHPR",0.216880618439847,0.957415236470332,1.52570420982064,1,2372.46676115985,0.253777110462223
"4767","ZNF92",0.216909265488504,0.957415236470332,1.5255139915857,1,2372.46676115985,0.344132145228864
"3119","COQ2",0.216923404802287,0.957415236470332,1.52542011667487,1,2372.46676115985,-0.266696740963689
"1863","ITGA6",0.216955086097463,0.957415236470332,1.52520980205614,1,2372.46676115985,-0.431234128436241
"7421","ACSM4",0.216993049240553,0.957415236470332,1.52495783393019,1,2372.46676115985,-10
"4679","FKBP14",0.217041955717245,0.957415236470332,1.52463331039631,1,2372.46676115985,0.336423401398911
"3313","PALLD",0.217326874434852,0.957603994272277,1.52274443713834,1,2372.46676115985,-0.417326496214316
"8806","CEP152",0.217388243490599,0.957603994272277,1.52233797644331,1,2372.46676115985,-0.388997297574826
"2340","PFKFB4",0.217415166995058,0.957603994272277,1.52215969935607,1,2372.46676115985,0.223601132779049
"6656","RRM1",0.21746012414156,0.957603994272277,1.52186206910386,1,2372.46676115985,-0.346400162223823
"4712","MPLKIP",0.217469445083446,0.957603994272277,1.52180037076146,1,2372.46676115985,-0.251990225797591
"5795","GADD45G",0.21756514545041,0.957603994272277,1.521167081297,1,2372.46676115985,-0.457769850437683
"10575","POLI",0.217610917938816,0.957603994272277,1.52086430298041,1,2372.46676115985,0.343950018625018
"6740","SPTY2D1OS",0.217687823251889,0.957603994272277,1.52035575656516,1,2372.46676115985,0.530782876987486
"2472","LRIG1",0.217755911788416,0.957603994272277,1.5199056910484,1,2372.46676115985,-1.22042504707735
"4875","PON2",0.217930792468255,0.958044952442608,1.51875049786017,1,2372.46676115985,-0.279567974983798
"3859","HIGD2A",0.218271906921662,0.958939136675223,1.51650040873738,1,2372.46676115985,0.139311619361161
"6209","MTPAP",0.218429343864339,0.958939136675223,1.51546332412317,1,2372.46676115985,-0.393671799378752
"11109","ZNF792",0.218552716068844,0.958939136675223,1.5146512574738,1,2372.46676115985,-1.51777503592001
"9837","MYH3",0.218657983794334,0.958939136675223,1.51395879151482,1,2372.46676115985,-1.13512510093395
"5358","GGH",0.218707687804511,0.958939136675223,1.51363196981274,1,2372.46676115985,0.726170496537735
"6628","CHID1",0.218928700820629,0.958939136675223,1.51217980290623,1,2372.46676115985,0.230578233395466
"2538","NECTIN3",0.219056523499626,0.958939136675223,1.51134074213417,1,2372.46676115985,-1.67632570868759
"9673","SPIRE2",0.219061003658677,0.958939136675223,1.51131134382905,1,2372.46676115985,-0.951499692076935
"8359","SEC23A",0.219103765371105,0.958939136675223,1.5110307823559,1,2372.46676115985,0.184892848597601
"11428","CLEC11A",0.219305854401623,0.958939136675223,1.50970575153021,1,2372.46676115985,-0.391878261387873
"1141","LPGAT1",0.219328440474655,0.958939136675223,1.50955775273333,1,2372.46676115985,0.165361745253828
"6469","ARMH3",0.219340372571732,0.958939136675223,1.5094795731384,1,2372.46676115985,-0.128900897809079
"3551","MTX3",0.219489992588486,0.958939136675223,1.50849968759114,1,2372.46676115985,0.468320461182509
"4177","CCDC167",0.219503994869384,0.958939136675223,1.50840802523323,1,2372.46676115985,-0.401417731705169
"11060","ZNF714",0.219532550894741,0.958939136675223,1.50822111214799,1,2372.46676115985,0.302197247074359
"11067","ZNF43",0.219547528293471,0.958939136675223,1.50812308939448,1,2372.46676115985,0.263840038794157
"11904","CTSZ",0.219591624776998,0.958939136675223,1.50783453700921,1,2372.46676115985,0.0784743449072455
"4257","EFHC1",0.219660302636114,0.958939136675223,1.50738527030089,1,2372.46676115985,-0.602563801171147
"6861","PATL1",0.219770928439795,0.958939136675223,1.50666194746789,1,2372.46676115985,0.187317776106142
"11996","GART",0.21988007000006,0.958939136675223,1.50594875550346,1,2372.46676115985,0.260253483677106
"7903","TRAFD1",0.220002348734423,0.958939136675223,1.50515022019196,1,2372.46676115985,-0.247640146559024
"4432","LAMA2",0.220040497132522,0.958939136675223,1.50490120248154,1,2372.46676115985,0.802133766217883
"5101","EPHB6",0.220075990901303,0.958939136675223,1.50466955947577,1,2372.46676115985,-0.435421706448816
"101","FBXO44",0.220089573629466,0.958939136675223,1.50458092632061,1,2372.46676115985,0.514720131495059
"7509","TM7SF3",0.220226016724733,0.958939136675223,1.50369093885105,1,2372.46676115985,0.175573400150127
"1529","SPRED2",0.220277806690032,0.958939136675223,1.50335329715902,1,2372.46676115985,-0.261582374436251
"8566","STON2",0.220280337312336,0.958939136675223,1.5033368013445,1,2372.46676115985,-10
"10980","USHBP1",0.220406439696019,0.958939136675223,1.50251509207601,1,2372.46676115985,-1.13827779916445
"10799","CERS4",0.220493447647507,0.958939136675223,1.50194845783547,1,2372.46676115985,-0.455044456445077
"4545","SLC22A1",0.220501556031769,0.958939136675223,1.50189566607007,1,2372.46676115985,-0.547075476277616
"273","TXLNA",0.220623148234939,0.958939136675223,1.50110428635927,1,2372.46676115985,-0.256671564918727
"2731","C3orf33",0.220680973090935,0.958939136675223,1.50072811773233,1,2372.46676115985,-0.839226698372699
"12315","SMDT1",0.220750188548692,0.958939136675223,1.50027800465284,1,2372.46676115985,0.201655733133755
"8233","TUBGCP3",0.220752655337594,0.958939136675223,1.50026196606256,1,2372.46676115985,0.172477330721864
"4598","WIPI2",0.22101754257467,0.958939136675223,1.49854096598528,1,2372.46676115985,-0.163792551354765
"2907","NELFA",0.221087690470055,0.958939136675223,1.49808562089886,1,2372.46676115985,0.312572081940273
"7400","MLF2",0.221143682509371,0.958939136675223,1.49772228852629,1,2372.46676115985,-0.189970857210126
"1376","KHK",0.221199376155355,0.958939136675223,1.49736100157877,1,2372.46676115985,0.634247395140532
"742","BOLA1",0.221262582300352,0.958939136675223,1.49695111254987,1,2372.46676115985,0.462821117122321
"5362","MTFR1",0.221271726074344,0.958939136675223,1.49689182718183,1,2372.46676115985,0.280663817154815
"8657","ZBTB42",0.22130276351287,0.958939136675223,1.49669061200426,1,2372.46676115985,-1.13040090903372
"5","ISG15",0.221352396955079,0.958939136675223,1.49636890941172,1,2372.46676115985,-0.141096301508955
"176","LUZP1",0.221576990392037,0.958939136675223,1.49491426964235,1,2372.46676115985,-0.177665924503426
"7393","NOP2",0.221607367224452,0.958939136675223,1.49471766137849,1,2372.46676115985,0.399458731779028
"7219","RDX",0.221665505380201,0.958939136675223,1.4943414631513,1,2372.46676115985,-0.146560352398274
"10362","PRCD",0.221745025068073,0.958939136675223,1.49382710126467,1,2372.46676115985,0.869719997308293
"11870","TMEM189",0.221745432638009,0.958939136675223,1.49382446552468,1,2372.46676115985,0.237280411519318
"7542","GXYLT1",0.221769132359925,0.958939136675223,1.49367121025323,1,2372.46676115985,0.252059488746403
"1125","CR2",0.221819620575146,0.958939136675223,1.49334479138747,1,2372.46676115985,-10
"5332","UBE2V2",0.221939075854745,0.958939136675223,1.49257283728216,1,2372.46676115985,0.186471266532174
"806","INTS3",0.22200719802649,0.958939136675223,1.49213283502084,1,2372.46676115985,0.295894849148697
"11922","TCFL5",0.222017448277816,0.958939136675223,1.4920666424632,1,2372.46676115985,-0.622963195061513
"2677","MRPS22",0.222293788773169,0.959527803028885,1.49028350932353,1,2372.46676115985,-0.290631992466237
"5686","C9orf24",0.222428198717147,0.959527803028885,1.4894171659053,1,2372.46676115985,-1.58151630998164
"2170","IRAK2",0.222433571312045,0.959527803028885,1.48938254971099,1,2372.46676115985,-0.48337331368968
"6060","FCN1",0.222498831430828,0.959527803028885,1.4889621518309,1,2372.46676115985,-0.410606725353561
"6435","GOLGA7B",0.22253627105565,0.959527803028885,1.48872103690032,1,2372.46676115985,1.28073646771554
"10749","SAFB2",0.222661420953118,0.959527803028885,1.48791541153359,1,2372.46676115985,0.18739552063578
"7800","VEZT",0.222812640982391,0.959527803028885,1.48694268864573,1,2372.46676115985,0.180085174125442
"3308","MSMO1",0.22285116746608,0.959527803028885,1.48669499342617,1,2372.46676115985,-0.518480164172054
"11391","PIH1D1",0.222902066656312,0.959527803028885,1.48636783000561,1,2372.46676115985,0.241219016105562
"11315","CD3EAP",0.2230028876392,0.959527803028885,1.48572004970382,1,2372.46676115985,0.992179303920833
"1785","MCM6",0.223053084106829,0.959527803028885,1.48539766549138,1,2372.46676115985,-0.4651847536202
"6802","MAPK8IP1",0.223138693068767,0.959527803028885,1.48484804686915,1,2372.46676115985,-1.50811353656422
"4922","MEPCE",0.223201417577807,0.959527803028885,1.48444550922342,1,2372.46676115985,-0.363694774157258
"8019","PUS1",0.223823484821696,0.959527803028885,1.48046068694047,1,2372.46676115985,-0.520148396684659
"6530","ENO4",0.22382484902558,0.959527803028885,1.48045196275308,1,2372.46676115985,-1.13803609908587
"5587","ADCK5",0.224025679438164,0.959527803028885,1.47916833212844,1,2372.46676115985,0.4802797339811
"12189","CCDC157",0.224046514771442,0.959527803028885,1.47903523971174,1,2372.46676115985,0.782565873400431
"11168","ZNF570",0.224074461276386,0.959527803028885,1.47885674569436,1,2372.46676115985,0.552132640435744
"12381","PPP2R3B",0.224135243198845,0.959527803028885,1.47846862438761,1,2372.46676115985,0.503108200219931
"6260","PCDH15",0.224137999902969,0.959527803028885,1.47845102452099,1,2372.46676115985,-10
"10696","THOP1",0.22423452587812,0.959527803028885,1.47783492895727,1,2372.46676115985,0.440510217988885
"1324","E2F6",0.224260789658782,0.959527803028885,1.47766735038242,1,2372.46676115985,-0.397850186712126
"4438","ENPP3",0.224340633333482,0.959527803028885,1.47715804466947,1,2372.46676115985,-10
"1548","MXD1",0.224347521995276,0.959527803028885,1.47711411355881,1,2372.46676115985,-0.207225156325121
"4256","PAQR8",0.224461815772227,0.959527803028885,1.47638546311077,1,2372.46676115985,-0.448021018299503
"5335","ST18",0.224518291264795,0.959527803028885,1.47602558247581,1,2372.46676115985,-0.17867015065634
"7477","WBP11",0.224536137144589,0.959527803028885,1.47591188516988,1,2372.46676115985,0.171373760722475
"1333","WDR35",0.224727304616581,0.959527803028885,1.47469462397765,1,2372.46676115985,0.456994110524452
"11114","FXYD7",0.224770835717493,0.959527803028885,1.47441761282768,1,2372.46676115985,-10
"5926","GSN",0.224800562870975,0.959527803028885,1.47422848039906,1,2372.46676115985,0.109214941303188
"8769","CDAN1",0.224816283848874,0.959527803028885,1.47412847129186,1,2372.46676115985,-0.640501723027759
"3697","KLHL3",0.224824348000031,0.959527803028885,1.4740771743961,1,2372.46676115985,-0.793135608858342
"2502","STX19",0.224834448626254,0.959527803028885,1.4740129263874,1,2372.46676115985,-10
"5107","ZYX",0.224870810153082,0.959527803028885,1.47378166685852,1,2372.46676115985,0.129485490189465
"840","KRTCAP2",0.224922561665253,0.959527803028885,1.47345260430372,1,2372.46676115985,-0.15977850329402
"7015","SLC29A2",0.225010697973628,0.959527803028885,1.47289239771585,1,2372.46676115985,-10
"2778","KCNMB2",0.225069195714331,0.959527803028885,1.47252072335498,1,2372.46676115985,-10
"10661","RPS15",0.225126133902204,0.959527803028885,1.47215906918538,1,2372.46676115985,0.0730991012095228
"10029","CACNB1",0.225132943477713,0.959527803028885,1.47211582416911,1,2372.46676115985,-1.56363234255004
"8475","RDH12",0.225142689083874,0.959527803028885,1.47205393627355,1,2372.46676115985,1.06638502308845
"11509","LILRB1",0.225333186938964,0.959659935985419,1.47084485582872,1,2372.46676115985,0.182328683124815
"5833","TDRD7",0.225341359471291,0.959659935985419,1.47079301262357,1,2372.46676115985,-0.213905501096578
"9293","NPIPB4",0.225409174507526,0.959659935985419,1.47036290880779,1,2372.46676115985,0.461185991764843
"9434","CNEP1R1",0.225472628834827,0.959659935985419,1.46996060261642,1,2372.46676115985,-0.308470965205565
"12046","TRAPPC10",0.225568239520481,0.959748761988901,1.46935467885533,1,2372.46676115985,-0.141484309832515
"8876","HERC1",0.225768238638718,0.960281534402046,1.46808819987503,1,2372.46676115985,0.101088603641719
"9298","CDR2",0.225920522345648,0.960502564618036,1.46712477824947,1,2372.46676115985,0.188470046546956
"7046","GSTP1",0.225992648988747,0.960502564618036,1.46666874179529,1,2372.46676115985,0.105390520583614
"11278","ZNF221",0.22604885091085,0.960502564618036,1.46631351404025,1,2372.46676115985,-1.12611865347607
"1800","RND3",0.226119879966796,0.960502564618036,1.4658647222015,1,2372.46676115985,-0.346365333140441
"3937","PPP1R3G",0.226194855098392,0.960502564618036,1.46539118106998,1,2372.46676115985,-0.770467178215296
"9701","WDR81",0.226269002256021,0.960502564618036,1.46492305482695,1,2372.46676115985,0.23893909924793
"2712","RNF13",0.226490235110257,0.960539417037185,1.46352740135864,1,2372.46676115985,0.0861280100767087
"7573","FKBP11",0.226540261681138,0.960539417037185,1.46321203446753,1,2372.46676115985,0.44193032092134
"11879","NFATC2",0.226920048937718,0.960539417037185,1.46082058669813,1,2372.46676115985,-0.935531887244075
"7389","MRPL51",0.226952218004568,0.960539417037185,1.46061824527432,1,2372.46676115985,0.159831058123256
"3610","SLC25A46",0.227010125565861,0.960539417037185,1.46025409720818,1,2372.46676115985,-0.202876694607663
"10521","TAF4B",0.227024872723183,0.960539417037185,1.46016137847566,1,2372.46676115985,-0.894050261772235
"2571","GSK3B",0.227057582668995,0.960539417037185,1.4599557494462,1,2372.46676115985,-0.107897003228771
"9402","HSD3B7",0.227155723181783,0.960539417037185,1.45933900892181,1,2372.46676115985,0.231609211605684
"4335","BACH2",0.227428605530363,0.960539417037185,1.45762582785002,1,2372.46676115985,1.07753745121912
"3943","SSR1",0.227546441311347,0.960539417037185,1.45688680778512,1,2372.46676115985,0.132804981072892
"257","LAPTM5",0.227585524624714,0.960539417037185,1.45664179413479,1,2372.46676115985,0.0618824100253834
"11401","RRAS",0.227620682982232,0.960539417037185,1.45642142930705,1,2372.46676115985,-0.19396015197849
"6648","NAP1L4",0.227709052853738,0.960539417037185,1.45586772719052,1,2372.46676115985,0.163617154067262
"9692","CRK",0.227828556391539,0.960539417037185,1.45511936081198,1,2372.46676115985,-0.161379251135461
"10601","SERPINB8",0.22785294483558,0.960539417037185,1.45496669120958,1,2372.46676115985,-0.257102998460509
"6274","EGR2",0.227961461881587,0.960539417037185,1.45428762194123,1,2372.46676115985,0.549271464912159
"367","HIVEP3",0.228058858755457,0.960539417037185,1.45367847072109,1,2372.46676115985,-0.300139358114169
"4060","DDX39B",0.228203593904458,0.960539417037185,1.45277382879846,1,2372.46676115985,-0.177152781478005
"1676","TSGA10",0.228253108219992,0.960539417037185,1.45246450666747,1,2372.46676115985,0.240967616393609
"2716","EIF2A",0.228272680907743,0.960539417037185,1.45234225590553,1,2372.46676115985,-0.230863184540074
"370","ZMYND12",0.228391167816679,0.960539417037185,1.45160245741991,1,2372.46676115985,0.547294454209997
"7000","TSGA10IP",0.228672593466837,0.960539417037185,1.44984716612696,1,2372.46676115985,-10
"622","HENMT1",0.228674275183385,0.960539417037185,1.44983668484271,1,2372.46676115985,-0.685279066910407
"2933","EVC",0.228976377967226,0.960539417037185,1.44795533619873,1,2372.46676115985,-0.411395154182355
"6814","C11orf49",0.22898224762854,0.960539417037185,1.44791881241975,1,2372.46676115985,-0.221739922363549
"8071","POMP",0.228987152632972,0.960539417037185,1.44788829205201,1,2372.46676115985,0.101098161058295
"4746","FIGNL1",0.229025074845339,0.960539417037185,1.44765235556064,1,2372.46676115985,0.569238580391806
"1566","RAB11FIP5",0.229246071545855,0.960539417037185,1.44627833992879,1,2372.46676115985,0.843517337558879
"7755","THAP2",0.229356702655895,0.960539417037185,1.44559110582789,1,2372.46676115985,-0.503125746463944
"172","C1QC",0.229454219292294,0.960539417037185,1.44498566913862,1,2372.46676115985,0.126332455466529
"10243","APPBP2",0.229547984828562,0.960539417037185,1.44440381360388,1,2372.46676115985,0.1489461025174
"7943","PXN",0.229610946391429,0.960539417037185,1.44401327067166,1,2372.46676115985,-0.264062013487263
"6523","NHLRC2",0.229867879194417,0.960539417037185,1.44242088442566,1,2372.46676115985,-0.247188565200233
"4272","AL135905.2",0.229896243786954,0.960539417037185,1.44224522135253,1,2372.46676115985,-10
"4916","GPC2",0.230012585636382,0.960539417037185,1.4415249847669,1,2372.46676115985,-10
"120","EFHD2",0.230052860830892,0.960539417037185,1.44127575574226,1,2372.46676115985,-0.123306185265557
"10574","MBD2",0.2300586608365,0.960539417037185,1.44123986875851,1,2372.46676115985,-0.123526696145279
"6874","SLC15A3",0.230391716091025,0.960539417037185,1.43918094863766,1,2372.46676115985,0.13236311661656
"2245","FBXL2",0.230494491170308,0.960539417037185,1.43854632601798,1,2372.46676115985,-0.841867886537788
"1337","RHOB",0.230509398612618,0.960539417037185,1.43845430285573,1,2372.46676115985,-0.457126587664784
"8412","GCH1",0.230719519976215,0.960539417037185,1.43715799343752,1,2372.46676115985,-0.327045602120729
"12355","ALG12",0.230777217641576,0.960539417037185,1.43680228627047,1,2372.46676115985,0.409409741946406
"8346","SNX6",0.23085376224283,0.960539417037185,1.4363305529111,1,2372.46676115985,-0.078502022531182
"4526","TMEM242",0.230940048370173,0.960539417037185,1.43579901009619,1,2372.46676115985,0.266042284425256
"10763","CLPP",0.231075186824154,0.960539417037185,1.4349670067363,1,2372.46676115985,0.226451556561407
"5787","DAPK1",0.231195159954182,0.960539417037185,1.4342288630984,1,2372.46676115985,0.106906441908349
"8555","VIPAS39",0.231200227023433,0.960539417037185,1.43419769774913,1,2372.46676115985,0.249397754505735
"10178","ITGA3",0.231253504457602,0.960539417037185,1.43387006119873,1,2372.46676115985,0.496594812301276
"6437","PYROXD2",0.23131246944275,0.960539417037185,1.43350755447974,1,2372.46676115985,0.464202131619315
"5589","SLC39A4",0.231366807937016,0.960539417037185,1.43317358935849,1,2372.46676115985,-0.530034793165979
"9667","SPATA33",0.231647562989089,0.960539417037185,1.43144957175862,1,2372.46676115985,-0.634739193692158
"7133","KCTD14",0.231828021994855,0.960539417037185,1.43034276776337,1,2372.46676115985,-10
"11429","CTU1",0.231852206751756,0.960539417037185,1.43019451513158,1,2372.46676115985,0.358171274683176
"689","SLC22A15",0.231946129136897,0.960539417037185,1.42961894762744,1,2372.46676115985,0.160544752483657
"10488","TUBB6",0.231986784715813,0.960539417037185,1.42936989268276,1,2372.46676115985,-0.230824502866528
"11211","ZNF546",0.232070671279859,0.960539417037185,1.4288561724425,1,2372.46676115985,-0.481896796964786
"5491","RAD21",0.232200573266741,0.960539417037185,1.42806109665619,1,2372.46676115985,-0.181444417877153
"3868","ZNF346",0.232221736186579,0.960539417037185,1.42793161814925,1,2372.46676115985,0.291031355449232
"2635","EFCAB12",0.232332230832102,0.960539417037185,1.42725582362234,1,2372.46676115985,-10
"8589","PPP4R3A",0.232395565759755,0.960539417037185,1.42686863688566,1,2372.46676115985,0.152376329011416
"3925","RIPK1",0.232579714375185,0.960539417037185,1.42574360096226,1,2372.46676115985,-0.187359208825301
"7998","GTF2H3",0.23263086563152,0.960539417037185,1.42543128888,1,2372.46676115985,0.252565028840422
"10390","TBC1D16",0.232659909420321,0.960539417037185,1.42525399436036,1,2372.46676115985,0.277421008534806
"2182","MKRN2",0.2326900393306,0.960539417037185,1.42507009799065,1,2372.46676115985,0.283590955728559
"8569","GALC",0.232822701008211,0.960539417037185,1.42426074628148,1,2372.46676115985,-0.171507690777544
"12640","ARMCX4",0.232828100797696,0.960539417037185,1.42422781466794,1,2372.46676115985,0.221973219965271
"9646","SLC7A5",0.232943613957581,0.960539417037185,1.42352355728745,1,2372.46676115985,-0.852951618424374
"3527","HMGCR",0.233042490177036,0.960539417037185,1.42292106668175,1,2372.46676115985,0.318933049611792
"4558","C6orf120",0.233096686844927,0.960539417037185,1.42259095672587,1,2372.46676115985,-0.439499031825089
"4460","IFNGR1",0.233183755430385,0.960539417037185,1.42206081928002,1,2372.46676115985,-0.11555558406736
"10560","CTIF",0.233320439494293,0.960539417037185,1.42122906883035,1,2372.46676115985,0.202178785623292
"3072","CXCL6",0.233335481517542,0.960539417037185,1.42113757102339,1,2372.46676115985,-10
"12352","TBC1D22A",0.233538571590643,0.960539417037185,1.41990290982321,1,2372.46676115985,0.0934939560919449
"11730","TM9SF4",0.233680603877995,0.960539417037185,1.41904021308321,1,2372.46676115985,0.195640532936435
"1763","AMMECR1L",0.233774456231551,0.960539417037185,1.41847050659309,1,2372.46676115985,0.368550683254756
"7985","ARL6IP4",0.23384318403959,0.960539417037185,1.41805348757963,1,2372.46676115985,0.108844876098444
"460","LRP8",0.233939665453413,0.960539417037185,1.41746831833502,1,2372.46676115985,0.557766591679803
"6202","MASTL",0.234035594391202,0.960539417037185,1.41688678923311,1,2372.46676115985,-0.296670333154422
"103","MAD2L2",0.234104897889324,0.960539417037185,1.41646684509496,1,2372.46676115985,-0.520498478605308
"3409","BRIX1",0.234122795019407,0.960539417037185,1.41635842197247,1,2372.46676115985,-0.393869566652279
"2756","PDCD10",0.234187702787652,0.960539417037185,1.41596528644403,1,2372.46676115985,-0.152922062431298
"10587","SEC11C",0.234228523652552,0.960539417037185,1.41571810878492,1,2372.46676115985,-0.270883238938733
"4577","MICALL2",0.234457742913224,0.960539417037185,1.41433111237331,1,2372.46676115985,0.291955948183121
"5214","PCM1",0.234566223265566,0.960539417037185,1.41367527406186,1,2372.46676115985,0.10896602940546
"3395","CDH6",0.234615766280033,0.960539417037185,1.41337587455949,1,2372.46676115985,-10
"6689","RIC3",0.234704015703021,0.960539417037185,1.41284275307162,1,2372.46676115985,1.04105800528307
"4401","TSPYL1",0.23482875410422,0.960539417037185,1.41208961257329,1,2372.46676115985,0.228749309276157
"7082","INPPL1",0.234922358997318,0.960539417037185,1.41152476667995,1,2372.46676115985,-0.227443595977004
"3874","RGS14",0.234971870746961,0.960539417037185,1.41122610497052,1,2372.46676115985,-0.732209734038068
"118","TMEM51",0.235236299344386,0.960539417037185,1.40963232418312,1,2372.46676115985,-0.136608107423257
"11294","PVR",0.235284783366805,0.960539417037185,1.40934033354346,1,2372.46676115985,-0.497980553484677
"6657","TRIM21",0.235295510042653,0.960539417037185,1.40927574295128,1,2372.46676115985,-0.301030312096817
"950","PBX1",0.235356243988895,0.960539417037185,1.40891010122028,1,2372.46676115985,0.89493278960076
"12406","MSL3",0.235395069161683,0.960539417037185,1.40867641860176,1,2372.46676115985,-0.213556795556498
"7762","GLIPR1L2",0.235499773342653,0.960539417037185,1.40804645318653,1,2372.46676115985,0.759365384320807
"3558","RASGRF2",0.235626192490877,0.960539417037185,1.40728628893818,1,2372.46676115985,-10
"11326","DMWD",0.235727986095885,0.960539417037185,1.40667455818691,1,2372.46676115985,-10
"484","CYP2J2",0.235787535997363,0.960539417037185,1.40631684017565,1,2372.46676115985,1.55484785677606
"12173","EWSR1",0.235840945583027,0.960539417037185,1.4059961003121,1,2372.46676115985,-0.162760257806661
"8113","AKAP11",0.235934145644168,0.960539417037185,1.40543661795368,1,2372.46676115985,0.149872286500177
"7695","NAB2",0.236005177692148,0.960539417037185,1.40501039053125,1,2372.46676115985,-0.419937344755866
"5498","DEPTOR",0.236139474152568,0.960539417037185,1.40420496994758,1,2372.46676115985,0.455910619565421
"8684","CHRFAM7A",0.236257911653459,0.960539417037185,1.40349512132137,1,2372.46676115985,1.13423328315483
"813","JTB",0.236399155216617,0.960539417037185,1.40264914945622,1,2372.46676115985,-0.136776771057222
"1201","CDC42BPA",0.236442010918662,0.960539417037185,1.4023925883256,1,2372.46676115985,0.219217121879893
"12614","TAF9B",0.236541582100059,0.960539417037185,1.40179671030714,1,2372.46676115985,-0.918851522673899
"4645","DNAH11",0.236603335317002,0.960539417037185,1.40142730447535,1,2372.46676115985,1.11528803100441
"5286","TTI2",0.236626182969866,0.960539417037185,1.40129066014508,1,2372.46676115985,0.359636979936778
"11111","SCN1B",0.236669436714667,0.960539417037185,1.40103201746077,1,2372.46676115985,-0.405799498591062
"6644","CDKN1C",0.236800582418496,0.960539417037185,1.40024816093469,1,2372.46676115985,-0.319984570911437
"12620","SH3BGRL",0.236829191813324,0.960539417037185,1.40007723281298,1,2372.46676115985,0.0784800820183219
"3048","AASDH",0.236866381122327,0.960539417037185,1.39985508102972,1,2372.46676115985,-0.258404594201655
"8314","MDP1",0.23688075119677,0.960539417037185,1.39976925215988,1,2372.46676115985,-0.262351802691096
"2719","SIAH2",0.237020973503587,0.960539417037185,1.39893207056872,1,2372.46676115985,-0.347028835672974
"6974","CDC42EP2",0.237034229158907,0.960539417037185,1.39885296023728,1,2372.46676115985,-1.49378941638304
"5126","ZNF467",0.23706935738296,0.960539417037185,1.3986433394052,1,2372.46676115985,0.330913975114949
"10620","NFATC1",0.237092568675815,0.960539417037185,1.39850485120657,1,2372.46676115985,-0.29844490974417
"5450","MTDH",0.237179579480774,0.960539417037185,1.39798585498502,1,2372.46676115985,0.0938210141498371
"7272","PHLDB1",0.237205320086869,0.960539417037185,1.39783236340537,1,2372.46676115985,-0.559984446713152
"2757","SERPINI1",0.237214389798906,0.960539417037185,1.39777828540421,1,2372.46676115985,0.530558430539763
"8427","PSMA3",0.237233978931423,0.960539417037185,1.39766149409821,1,2372.46676115985,-0.152130800311793
"6950","RPS6KA4",0.237264832300738,0.960539417037185,1.39747756861616,1,2372.46676115985,0.350873230431838
"10193","ANKRD40",0.237338836734154,0.960539417037185,1.39703652591527,1,2372.46676115985,-0.318814884118982
"1114","RASSF5",0.237449584461678,0.960539417037185,1.39637681650807,1,2372.46676115985,0.253513040966021
"1269","AKT3",0.237536981959819,0.960539417037185,1.39585646477787,1,2372.46676115985,0.191495607820888
"3929","SLC22A23",0.237718465514476,0.960539417037185,1.39477668028998,1,2372.46676115985,-0.355137734514804
"3451","ITGA1",0.237746423201476,0.960539417037185,1.39461042754589,1,2372.46676115985,-1.49222126939317
"4724","UBE2D4",0.237864440289566,0.960539417037185,1.39390889035249,1,2372.46676115985,-0.33415997754073
"1440","HNRNPLL",0.238073959504128,0.960539417037185,1.39266447084138,1,2372.46676115985,-0.157432906485706
"6476","NFKB2",0.238078427721929,0.960539417037185,1.39263794676401,1,2372.46676115985,0.26043229359917
"7006","SF3B2",0.238078995811234,0.960539417037185,1.39263457453555,1,2372.46676115985,0.149647098399002
"10695","SGTA",0.238237429741234,0.960539417037185,1.39169447774938,1,2372.46676115985,-0.270354115560752
"12071","PCNT",0.238319386665323,0.960539417037185,1.39120846912713,1,2372.46676115985,-0.325027336792456
"12351","CERK",0.23838411622435,0.960539417037185,1.39082476304136,1,2372.46676115985,-0.215285543234287
"8355","RALGAPA1",0.238388350465797,0.960539417037185,1.39079966756914,1,2372.46676115985,0.139217631669816
"882","MRPL24",0.238450982847712,0.960539417037185,1.39042852161562,1,2372.46676115985,0.483814791158376
"10314","SLC9A3R1",0.238482642670894,0.960539417037185,1.39024095738883,1,2372.46676115985,-0.398093240918634
"2466","THOC7",0.238494415257501,0.960539417037185,1.39017122004608,1,2372.46676115985,0.169092787233082
"7313","MSANTD2",0.238727263917761,0.960539417037185,1.38879275148266,1,2372.46676115985,0.301101546574141
"1844","BBS5",0.238815101495922,0.960539417037185,1.38827317546339,1,2372.46676115985,-0.358680927137831
"8830","LEO1",0.238834699672402,0.960539417037185,1.3881572801872,1,2372.46676115985,-0.262678751198138
"178","ZNF436",0.239042769394575,0.960539417037185,1.38692755635929,1,2372.46676115985,0.756151243116711
"2133","ING5",0.239089081434854,0.960539417037185,1.38665402205871,1,2372.46676115985,0.310191197096831
"10443","CYBC1",0.239132072825109,0.960539417037185,1.38640015823198,1,2372.46676115985,-0.168767557331265
"2700","PLOD2",0.239249492568881,0.960539417037185,1.3857070780306,1,2372.46676115985,0.524712802944112
"11901","NPEPL1",0.239307283650395,0.960539417037185,1.38536611293209,1,2372.46676115985,0.207934125189862
"30","SLC35E2B",0.239349570847084,0.960539417037185,1.38511668353277,1,2372.46676115985,0.312788246428376
"11971","N6AMT1",0.239356492452212,0.960539417037185,1.38507586181211,1,2372.46676115985,0.667219546486496
"9400","ORAI3",0.239379699868755,0.960539417037185,1.38493900132952,1,2372.46676115985,-0.24803864546459
"10885","ZNF844",0.239499251088186,0.960539417037185,1.38423423050057,1,2372.46676115985,-0.538478209830218
"9969","SUZ12",0.239589374410515,0.960539417037185,1.38370322376559,1,2372.46676115985,0.148249354619424
"5356","CHD7",0.239758498327013,0.960539417037185,1.38270740045171,1,2372.46676115985,-0.340442139883234
"988","DNM3",0.239762439881057,0.960539417037185,1.38268420225948,1,2372.46676115985,0.285144270963085
"3429","RPL37",0.239823265164308,0.960539417037185,1.38232627111297,1,2372.46676115985,0.0780020520294692
"2327","KLHL18",0.239862049632017,0.960539417037185,1.38209809849297,1,2372.46676115985,0.214264049128012
"1806","ARL5A",0.239993470454078,0.960539417037185,1.38132527101476,1,2372.46676115985,0.14217327759453
"5024","GRM8",0.240208645787474,0.960539417037185,1.38006103087276,1,2372.46676115985,-10
"4649","TOMM7",0.240269632126946,0.960539417037185,1.37970296250031,1,2372.46676115985,-0.108826543938845
"5836","NCBP1",0.240274937954868,0.960539417037185,1.37967181568269,1,2372.46676115985,-0.307202695899226
"3351","ANKRD37",0.240303181378251,0.960539417037185,1.37950603230677,1,2372.46676115985,-0.416095371435923
"4943","ZNHIT1",0.240406061604878,0.960539417037185,1.37890234582297,1,2372.46676115985,0.130955422480588
"9617","MPHOSPH6",0.240506407212672,0.960539417037185,1.37831383478154,1,2372.46676115985,-0.221022164909932
"5767","GNAQ",0.240577910301861,0.960539417037185,1.37789466275724,1,2372.46676115985,0.0783990409698616
"10240","HEATR6",0.240607810490437,0.960539417037185,1.3777194240454,1,2372.46676115985,-0.364236275353655
"11414","IL4I1",0.240676186098277,0.960539417037185,1.37731878855106,1,2372.46676115985,-0.199776288796572
"7282","VPS11",0.240705859601342,0.960539417037185,1.37714496468663,1,2372.46676115985,-0.344164575718943
"327","GNL2",0.240863249725446,0.960539417037185,1.37622342770916,1,2372.46676115985,-0.308181182694381
"1908","COL5A2",0.240922214584214,0.960539417037185,1.37587837046189,1,2372.46676115985,-1.55283677807884
"8403","STYX",0.24096300958738,0.960539417037185,1.37563970178057,1,2372.46676115985,0.236680229096984
"8891","MTFMT",0.241147915473051,0.960539417037185,1.37455853743307,1,2372.46676115985,0.23897293494191
"138","CROCC",0.241192915381077,0.960539417037185,1.37429557085294,1,2372.46676115985,-0.510590233185492
"4421","NKAIN2",0.2411945714558,0.960539417037185,1.37428589436574,1,2372.46676115985,1.09698651307564
"2338","ATRIP",0.241254051146769,0.960539417037185,1.37393840660899,1,2372.46676115985,0.558900122028989
"896","AL590560.2",0.241387042732272,0.960539417037185,1.37316183036733,1,2372.46676115985,1.2011506590796
"5125","KRBA1",0.241450356038819,0.960539417037185,1.37279230869894,1,2372.46676115985,-0.911421536286455
"3068","SLC4A4",0.24148345094137,0.960539417037185,1.37259920061735,1,2372.46676115985,-10
"7259","DSCAML1",0.241560282749557,0.960539417037185,1.37215101279963,1,2372.46676115985,-1.62125484180903
"8135","ITM2B",0.241594483408509,0.960539417037185,1.37195156377258,1,2372.46676115985,0.0775701278148507
"2616","TXNRD3",0.241703573393512,0.960539417037185,1.37131561004428,1,2372.46676115985,0.439494379988932
"1347","FAM228B",0.241815048697657,0.960539417037185,1.37066611180017,1,2372.46676115985,-0.235473415880418
"12475","GPR82",0.241853035695725,0.960539417037185,1.37044486815563,1,2372.46676115985,-0.291227964367039
"8548","CIPC",0.24206399117807,0.960539417037185,1.36921699224384,1,2372.46676115985,0.316113132553815
"7312","NRGN",0.242126536909796,0.960539417037185,1.36885319250311,1,2372.46676115985,-1.12433302723425
"9771","FBXO39",0.242140770885728,0.960539417037185,1.36877041600705,1,2372.46676115985,1.02136291003229
"7016","MRPL11",0.242150775565251,0.960539417037185,1.36871223817802,1,2372.46676115985,-0.316294303643782
"4012","ZNF322",0.242226129018741,0.960539417037185,1.36827414726586,1,2372.46676115985,0.279909901702123
"3665","AC116366.2",0.242343382038083,0.960539417037185,1.36759279021206,1,2372.46676115985,-1.45420230239339
"9515","FHOD1",0.242371521406123,0.960539417037185,1.36742933216906,1,2372.46676115985,-0.338916479423425
"5983","GOLGA2",0.242396737274054,0.960539417037185,1.36728287601472,1,2372.46676115985,0.214870612660917
"4349","ASCC3",0.242583457641261,0.960539417037185,1.3661989638423,1,2372.46676115985,0.140345263044269
"11982","MIS18A",0.242585339742308,0.960539417037185,1.36618804341791,1,2372.46676115985,-0.664298715371363
"11090","CEP89",0.242594551893972,0.960539417037185,1.36613459368297,1,2372.46676115985,-0.387159568240036
"5019","AASS",0.242656441583207,0.960539417037185,1.365775568249,1,2372.46676115985,0.838027233483072
"1987","ZDBF2",0.242811554097562,0.960539417037185,1.36487624236634,1,2372.46676115985,0.708666302880232
"1377","PREB",0.242819158155942,0.960539417037185,1.3648321728518,1,2372.46676115985,0.295794091294997
"6736","GTF2H1",0.242852453993345,0.960539417037185,1.36463922578532,1,2372.46676115985,-0.211005356769805
"1477","STPG4",0.242880371686006,0.960539417037185,1.36447746954884,1,2372.46676115985,0.362436035453307
"3142","HERC6",0.242909895977226,0.960539417037185,1.36430642927477,1,2372.46676115985,-0.184635747477532
"4294","SENP6",0.242980870544169,0.960539417037185,1.36389536272929,1,2372.46676115985,0.115270884341393
"4304","IBTK",0.243004419029885,0.960539417037185,1.36375900826296,1,2372.46676115985,0.14288071765997
"1500","PNPT1",0.2431006165641,0.960539417037185,1.36320215614951,1,2372.46676115985,-0.169448394555296
"1700","MRPS9",0.24313063818319,0.960539417037185,1.36302842705574,1,2372.46676115985,-0.302388713154073
"544","PRKACB",0.243158611991286,0.960539417037185,1.36286657177484,1,2372.46676115985,0.156313684908017
"8277","SLC7A7",0.243196609866929,0.960539417037185,1.36264675402423,1,2372.46676115985,-0.133114860214902
"4040","PPP1R10",0.243219149376043,0.960539417037185,1.36251638272946,1,2372.46676115985,-0.185499102054527
"5511","TRMT12",0.24344813853015,0.960539417037185,1.36119271595413,1,2372.46676115985,-0.719815152143889
"5144","ABCB8",0.243564459424184,0.960539417037185,1.36052090707359,1,2372.46676115985,-0.440011108337545
"356","SMAP2",0.243565542543588,0.960539417037185,1.3605146533794,1,2372.46676115985,0.0982763076143993
"12191","SEC14L2",0.243623382282818,0.960539417037185,1.36018074866251,1,2372.46676115985,0.55233591803003
"2246","UBP1",0.2436873614805,0.960539417037185,1.3598115139194,1,2372.46676115985,-0.18512197995614
"8198","UGGT2",0.243699676404685,0.960539417037185,1.35974045598732,1,2372.46676115985,0.182061454346998
"8212","TMTC4",0.243837329876115,0.960539417037185,1.35894648434254,1,2372.46676115985,0.56808189972268
"4049","FLOT1",0.243982357355944,0.960539417037185,1.35811057155993,1,2372.46676115985,0.182923757991938
"8493","MAP3K9",0.244048179591135,0.960539417037185,1.35773138384194,1,2372.46676115985,-10
"3654","CHSY3",0.244122154898559,0.960539417037185,1.35730537696026,1,2372.46676115985,0.90944098294653
"3277","GATB",0.244163312282977,0.960539417037185,1.35706842920005,1,2372.46676115985,-0.370344878496486
"10043","MED24",0.244181526264087,0.960539417037185,1.35696358479141,1,2372.46676115985,0.271000926074936
"9194","ADCY9",0.244315240508005,0.960539417037185,1.35619418300541,1,2372.46676115985,-0.238744679567644
"7598","DIP2B",0.244317059937505,0.960539417037185,1.35618371741643,1,2372.46676115985,-0.108053714003007
"2722","P2RY12",0.244382305155844,0.960539417037185,1.35580848152071,1,2372.46676115985,1.21497344461348
"6410","TCTN3",0.244427703475442,0.960539417037185,1.35554746052228,1,2372.46676115985,-0.409909652961561
"7131","AAMDC",0.244542306629723,0.960539417037185,1.35488880440821,1,2372.46676115985,0.180236122363775
"10509","TMEM241",0.2446087637076,0.960539417037185,1.35450702975931,1,2372.46676115985,0.29048944600109
"4535","SYTL3",0.244727140343632,0.960539417037185,1.35382730747442,1,2372.46676115985,-0.190060268646972
"5387","TMEM70",0.244795338745932,0.960539417037185,1.35343589240434,1,2372.46676115985,0.20101408282056
"10370","SEC14L1",0.244848520081869,0.960539417037185,1.35313075805907,1,2372.46676115985,-0.139319874107313
"11358","CARD8",0.244857663274779,0.960539417037185,1.35307830603814,1,2372.46676115985,-0.135939934534542
"1650","STARD7",0.244984862390688,0.960539417037185,1.35234884719481,1,2372.46676115985,0.16243668131374
"3108","RASGEF1B",0.245163246617555,0.960539417037185,1.3513266319742,1,2372.46676115985,-0.214873021440609
"5241","TNFRSF10B",0.245400872969977,0.960539417037185,1.34996634542264,1,2372.46676115985,-0.209453758036882
"12747","ARHGEF6",0.245495116294803,0.960539417037185,1.34942729733508,1,2372.46676115985,0.194432426619757
"8395","FRMD6",0.245526091618912,0.960539417037185,1.34925018149174,1,2372.46676115985,-0.934405643077796
"7318","FEZ1",0.245588338093566,0.960539417037185,1.34889434083616,1,2372.46676115985,-1.12603277798667
"5083","HIPK2",0.245678915964185,0.960539417037185,1.34837673664516,1,2372.46676115985,-0.112273099034813
"12444","YY2",0.245747189848098,0.960539417037185,1.34798674196546,1,2372.46676115985,-1.49316447204307
"4705","SFRP4",0.245837055874962,0.960539417037185,1.34747361028706,1,2372.46676115985,-1.45268659521381
"8184","FBXL3",0.245919046801573,0.960539417037185,1.34700564512442,1,2372.46676115985,-0.232895165352884
"2115","COPS9",0.245983441656759,0.960539417037185,1.34663824365959,1,2372.46676115985,-0.152609611668792
"12585","FOXO4",0.245994349459088,0.960539417037185,1.34657602141146,1,2372.46676115985,-0.659851441559661
"5985","TRUB2",0.246017095293823,0.960539417037185,1.34644628137924,1,2372.46676115985,0.386930019908291
"7828","PARPBP",0.246089422254651,0.960539417037185,1.34603383285495,1,2372.46676115985,-0.672778866662656
"6668","CAVIN3",0.246099896906767,0.960539417037185,1.34597411285376,1,2372.46676115985,-0.392095928076327
"2622","ABTB1",0.246218594167353,0.960539417037185,1.34529759141111,1,2372.46676115985,0.24394291330595
"3320","GALNTL6",0.246226970618681,0.960539417037185,1.34524986443919,1,2372.46676115985,-10
"11189","HNRNPL",0.246457250810536,0.960539417037185,1.34393856125113,1,2372.46676115985,0.19923323794718
"6505","CFAP58",0.246600740374094,0.960539417037185,1.34312223450217,1,2372.46676115985,-1.52539023036772
"8997","BCL2A1",0.246701749072131,0.960539417037185,1.3425479341004,1,2372.46676115985,-0.414253934009508
"8208","TM9SF2",0.246777253069585,0.960539417037185,1.34211883241196,1,2372.46676115985,-0.131451667929554
"16","PUSL1",0.246914295368853,0.960539417037185,1.34134040857162,1,2372.46676115985,0.495371095968754
"2540","PLCXD2",0.246920511668929,0.960539417037185,1.34130511145082,1,2372.46676115985,1.2498794801506
"4033","TRIM26",0.246981862709821,0.960539417037185,1.34095680898579,1,2372.46676115985,0.201518364555871
"9276","KNOP1",0.247214055371717,0.960539417037185,1.33963956148156,1,2372.46676115985,0.321958399855841
"7931","RFC5",0.247237799943359,0.960539417037185,1.33950494197005,1,2372.46676115985,0.605305034555724
"2304","KIAA1143",0.247264072868879,0.960539417037185,1.3393560064316,1,2372.46676115985,0.283608207396082
"4312","CEP162",0.247355798519926,0.960539417037185,1.33883618534985,1,2372.46676115985,0.215591376908621
"8722","FSIP1",0.247366932858404,0.960539417037185,1.33877310167795,1,2372.46676115985,0.842091500678569
"10645","CNN2",0.24749377821424,0.960539417037185,1.33805468090677,1,2372.46676115985,-0.392685321992347
"9843","MAP2K4",0.24759532289299,0.960539417037185,1.33747988169979,1,2372.46676115985,0.150742050049869
"8693","OTUD7A",0.247646964135721,0.960539417037185,1.33718767431916,1,2372.46676115985,0.6338304421935
"7699","STAC3",0.247649364879051,0.960539417037185,1.33717409174123,1,2372.46676115985,0.20741147866891
"6554","HTRA1",0.247671508072147,0.960539417037185,1.3370488207906,1,2372.46676115985,-0.269581974240404
"3423","FYB1",0.247688897728184,0.960539417037185,1.33695045169479,1,2372.46676115985,-0.0809162879734469
"2893","TMEM175",0.247731340518485,0.960539417037185,1.33671039855424,1,2372.46676115985,0.290967588596086
"6032","NTNG2",0.247910789510889,0.960539417037185,1.33569600522865,1,2372.46676115985,-0.57847149895276
"11396","FCGRT",0.247941878972044,0.960539417037185,1.33552035340448,1,2372.46676115985,0.0880300905953441
"9736","CXCL16",0.248076441862526,0.960539417037185,1.33476039971336,1,2372.46676115985,0.10699835151039
"9768","MED31",0.248111497625178,0.960539417037185,1.33456250264428,1,2372.46676115985,-0.308900079290688
"985","MYOCOS",0.248187668685716,0.960539417037185,1.334132619204,1,2372.46676115985,-1.10716230932839
"3644","GRAMD2B",0.248255208328149,0.960539417037185,1.33375158369826,1,2372.46676115985,0.415394841455787
"5035","METTL2B",0.248324307037218,0.960539417037185,1.33336188387274,1,2372.46676115985,-0.369586418639341
"7373","CCND2",0.248440056568226,0.960539417037185,1.33270938238881,1,2372.46676115985,0.463931868874175
"2085","DIS3L2",0.248514330494644,0.960539417037185,1.33229088270285,1,2372.46676115985,0.172572698800644
"1268","SDCCAG8",0.248698094663113,0.960539417037185,1.33125611382239,1,2372.46676115985,0.0898854946552281
"11723","ZNF337",0.248712190939218,0.960539417037185,1.33117677693631,1,2372.46676115985,0.312285437445766
"1968","ALS2",0.248847778165185,0.960539417037185,1.33041394407229,1,2372.46676115985,-0.251971317321855
"12207","EIF4ENIF1",0.24888172581824,0.960539417037185,1.3302230295252,1,2372.46676115985,0.24650596181375
"6470","HPS6",0.248938179702535,0.960539417037185,1.32990561527558,1,2372.46676115985,-0.499577400249034
"8677","NDN",0.249057135925796,0.960539417037185,1.32923706785486,1,2372.46676115985,0.542737510856293
"2395","DOCK3",0.249064643453627,0.960539417037185,1.32919488783228,1,2372.46676115985,-0.229367911586209
"12638","GLA",0.249084455413349,0.960539417037185,1.32908358451865,1,2372.46676115985,-0.182803568599383
"2804","EIF2B5",0.24916714652362,0.960539417037185,1.32861914417363,1,2372.46676115985,0.268409519646985
"8513","COQ6",0.24921681896028,0.960539417037185,1.32834024633761,1,2372.46676115985,-0.588295390032869
"3401","ZFR",0.249222309384066,0.960539417037185,1.32830942321658,1,2372.46676115985,0.112570284394777
"8732","KNSTRN",0.249226110991968,0.960539417037185,1.32828808155941,1,2372.46676115985,-0.616423516262134
"6857","FAM111A",0.249332774953346,0.960539417037185,1.32768944872466,1,2372.46676115985,0.184429453677719
"6507","XPNPEP1",0.249363911676852,0.960539417037185,1.32751475851898,1,2372.46676115985,0.212984761354432
"12479","KRBOX4",0.249605112067967,0.960539417037185,1.32616242774911,1,2372.46676115985,-0.34310289786703
"5138","GIMAP2",0.2496548350062,0.960539417037185,1.32588384694135,1,2372.46676115985,-0.271995750853787
"8255","APEX1",0.2496856871833,0.960539417037185,1.32571102683867,1,2372.46676115985,-0.208169353561553
"8083","N4BP2L1",0.249804046684561,0.960539417037185,1.32504827275188,1,2372.46676115985,0.18081139371574
"10416","ARL16",0.249820067705547,0.960539417037185,1.32495859263722,1,2372.46676115985,-0.324843177577364
"7535","ALG10B",0.250224512788246,0.960539417037185,1.32269698418067,1,2372.46676115985,0.436903589192489
"6984","PCNX3",0.250261971479189,0.960539417037185,1.32248774665298,1,2372.46676115985,0.343672580867113
"9541","DDX28",0.250267351178206,0.960539417037185,1.32245769977575,1,2372.46676115985,-0.541881868603164
"3012","RBM47",0.25033246016532,0.960539417037185,1.32209411369472,1,2372.46676115985,0.0754438874938328
"1866","MAP3K20",0.250422720327636,0.960539417037185,1.3215902686254,1,2372.46676115985,0.186451319371475
"8361","TRAPPC6B",0.250442697349679,0.960539417037185,1.32147878417204,1,2372.46676115985,-0.225721028753327
"10714","CACTIN",0.250470540504466,0.960539417037185,1.32132341991664,1,2372.46676115985,-0.789575223591415
"1883","PDE11A",0.250477810508108,0.960539417037185,1.32128285692983,1,2372.46676115985,1.18531254600753
"3400","MTMR12",0.250539311788711,0.960539417037185,1.32093976833731,1,2372.46676115985,0.249328665804281
"6875","CD6",0.250577469249411,0.960539417037185,1.32072695661443,1,2372.46676115985,1.30003581505708
"10989","CCDC194",0.250665794998191,0.960539417037185,1.32023449899493,1,2372.46676115985,-0.619531927357988
"5339","TCEA1",0.250672695631384,0.960539417037185,1.32019603368942,1,2372.46676115985,0.129551299336555
"8526","DLST",0.250860737926227,0.960539417037185,1.31914835403058,1,2372.46676115985,0.229496135225307
"3940","F13A1",0.250929566147386,0.960539417037185,1.318765117909,1,2372.46676115985,1.01876988114477
"10833","S1PR2",0.251238194668731,0.960539417037185,1.31704825757644,1,2372.46676115985,-0.252665921407271
"11251","DEDD2",0.251365636252288,0.960539417037185,1.31634007216125,1,2372.46676115985,0.254166739090968
"6117","LARP4B",0.251383808193009,0.960539417037185,1.31623912768221,1,2372.46676115985,-0.105806917703365
"6713","USP47",0.25142654985898,0.960539417037185,1.31600173459648,1,2372.46676115985,0.117463195889726
"4001","RIPOR2",0.251498603249925,0.960539417037185,1.31560165238416,1,2372.46676115985,-0.475360118194465
"10408","BAHCC1",0.251525542102198,0.960539417037185,1.31545210842099,1,2372.46676115985,-0.626462338320106
"9774","C17orf49",0.25160095337723,0.960539417037185,1.31503358716443,1,2372.46676115985,-0.207406030512108
"11617","SOX12",0.251634386081773,0.960539417037185,1.31484808998496,1,2372.46676115985,0.578373487053092
"2903","TACC3",0.251714225191683,0.960539417037185,1.31440523515928,1,2372.46676115985,-0.279566646882111
"8098","NHLRC3",0.251903748243803,0.960539417037185,1.31335467187213,1,2372.46676115985,-0.153632851520133
"4382","SLC22A16",0.251932371681383,0.960539417037185,1.31319609100679,1,2372.46676115985,-1.09151171475025
"4128","PFDN6",0.25205809007255,0.960539417037185,1.31249984243712,1,2372.46676115985,-0.344727288764296
"8470","PLEKHH1",0.252127635392268,0.960539417037185,1.31211487268853,1,2372.46676115985,-1.12556040986664
"6475","GBF1",0.252211450934743,0.960539417037185,1.31165108322263,1,2372.46676115985,0.144771497564968
"11691","PET117",0.252438391112797,0.960539417037185,1.31039627073028,1,2372.46676115985,-0.53700138222504
"4284","OOEP",0.25264120107871,0.960539417037185,1.3092760538067,1,2372.46676115985,0.449170285024705
"102","FBXO6",0.252710794852239,0.960539417037185,1.30889190879525,1,2372.46676115985,-0.367803160412598
"5199","FAM86B1",0.252789007886813,0.960539417037185,1.30846034229081,1,2372.46676115985,-10
"11010","LSM4",0.252828700947694,0.960539417037185,1.30824138541429,1,2372.46676115985,-0.205500915630303
"11433","IGLON5",0.253010514875757,0.960539417037185,1.30723899440246,1,2372.46676115985,0.693354040779027
"4891","BUD31",0.25301634284894,0.960539417037185,1.30720687781696,1,2372.46676115985,0.152100570178157
"5797","AUH",0.25305081198449,0.960539417037185,1.30701694515101,1,2372.46676115985,0.181212032886975
"5484","NUDCD1",0.253051177559939,0.960539417037185,1.30701493091891,1,2372.46676115985,-0.30845323449512
"5676","BAG1",0.253204829845192,0.960539417037185,1.306168660943,1,2372.46676115985,-0.164367833062536
"6199","ABI1",0.253303900036823,0.960539417037185,1.30562334752536,1,2372.46676115985,-0.100891956807168
"3844","ERGIC1",0.253340045772376,0.960539417037185,1.30542445540437,1,2372.46676115985,-0.17945393217238
"4222","ZNF318",0.253385539282992,0.960539417037185,1.30517417673173,1,2372.46676115985,-0.294217250544594
"8711","GOLGA8A",0.253407637846102,0.960539417037185,1.305052623326,1,2372.46676115985,-0.482801148845944
"205","SELENON",0.25352885204999,0.960539417037185,1.30438611515261,1,2372.46676115985,0.227211300294395
"5839","ANP32B",0.253646393721969,0.960539417037185,1.30374017525928,1,2372.46676115985,0.130818066147387
"6749","GAS2",0.253698022778207,0.960539417037185,1.30345656879923,1,2372.46676115985,0.822749262106421
"225","SLC9A1",0.253970592946491,0.960539417037185,1.30196047531464,1,2372.46676115985,-0.313076473285308
"1942","MARS2",0.253991118144404,0.960539417037185,1.30184789588257,1,2372.46676115985,1.1719718707251
"10964","KLF2",0.253994782756559,0.960539417037185,1.30182779689187,1,2372.46676115985,-1.52904372682198
"12429","RBBP7",0.254083404440413,0.960539417037185,1.30134184969675,1,2372.46676115985,-0.223352463748454
"2630","RAB43",0.254170929152484,0.960539417037185,1.30086212246552,1,2372.46676115985,-0.315721601920406
"2787","NDUFB5",0.254239561071382,0.960539417037185,1.30048608986325,1,2372.46676115985,-0.15089255634669
"4298","HMGN3",0.254267032876242,0.960539417037185,1.30033560755641,1,2372.46676115985,0.13249368030373
"1595","DOK1",0.254289003523417,0.960539417037185,1.30021527335356,1,2372.46676115985,-0.267722938009562
"4002","CARMIL1",0.254328064240412,0.960539417037185,1.30000136770663,1,2372.46676115985,0.207020325262991
"11361","KDELR1",0.254360092146935,0.960539417037185,1.29982600557258,1,2372.46676115985,0.128510884968359
"10106","DUSP3",0.254379597023938,0.960539417037185,1.29971922400564,1,2372.46676115985,-0.29988758836588
"11199","PAF1",0.254547312418977,0.960539417037185,1.29880146392613,1,2372.46676115985,0.345869905165574
"8807","SHC4",0.254582339043307,0.960539417037185,1.2986098878023,1,2372.46676115985,-10
"11512","FCAR",0.254678903004815,0.960539417037185,1.29808190486571,1,2372.46676115985,0.417157944006598
"11758","GGT7",0.254682191041326,0.960539417037185,1.29806393120577,1,2372.46676115985,0.293397768948902
"8246","RASA3",0.2546918163484,0.960539417037185,1.29801131725483,1,2372.46676115985,-0.226510842025927
"3898","MAML1",0.254705560008839,0.960539417037185,1.29793619576595,1,2372.46676115985,0.235808482517615
"1534","PNO1",0.254804089556343,0.960539417037185,1.2973977892321,1,2372.46676115985,0.354576568981186
"3528","CERT1",0.254816226062022,0.960539417037185,1.29733148805261,1,2372.46676115985,-0.107594909009269
"8341","AKAP6",0.254866722896665,0.960539417037185,1.29705566791473,1,2372.46676115985,-1.36215337786958
"4669","SKAP2",0.254932103269125,0.960539417037185,1.29669865203774,1,2372.46676115985,-0.0960773680090242
"11769","CEP250",0.254962524025627,0.960539417037185,1.29653257500862,1,2372.46676115985,0.249555956539986
"7003","BANF1",0.254972876579868,0.960539417037185,1.29647606254133,1,2372.46676115985,0.173118717619251
"9554","NIP7",0.25499579817647,0.960539417037185,1.2963509483161,1,2372.46676115985,0.381121333311834
"5752","C9orf85",0.255003429623729,0.960539417037185,1.29630929623915,1,2372.46676115985,0.168186267813412
"602","FRRS1",0.255172579503305,0.960539417037185,1.29538647849961,1,2372.46676115985,0.289476450222577
"8132","SUCLA2",0.255291131793777,0.960539417037185,1.29474015143703,1,2372.46676115985,0.190130216444198
"10819","ZNF561",0.255311715692613,0.960539417037185,1.29462796920042,1,2372.46676115985,0.261845591845982
"10948","ADGRE3",0.255380441670316,0.960539417037185,1.29425349342146,1,2372.46676115985,0.328687113625953
"9923","UNC119",0.255410481340214,0.960539417037185,1.29408985156201,1,2372.46676115985,0.287599472120975
"195","CLIC4",0.255438499807377,0.960539417037185,1.29393724164496,1,2372.46676115985,-0.200991898082891
"9580","PKD1L3",0.255445892240133,0.960539417037185,1.29389698026597,1,2372.46676115985,0.599470874031317
"9196","PAM16",0.255526045341882,0.960539417037185,1.29346053495023,1,2372.46676115985,-0.2777685355189
"645","KCNC4",0.255551368910214,0.960539417037185,1.29332267952626,1,2372.46676115985,-1.45132224734741
"12817","DDX3Y",0.255622212028947,0.960539417037185,1.29293711607378,1,2372.46676115985,-0.200301676899977
"11828","TOMM34",0.255642202363395,0.960539417037185,1.2928283425804,1,2372.46676115985,0.40598109471094
"9583","DHX38",0.255668093541442,0.960539417037185,1.29268747639268,1,2372.46676115985,0.277220731611162
"389","ST3GAL3",0.255679284277029,0.960539417037185,1.29262659637936,1,2372.46676115985,-0.263778727879811
"516","LRRC40",0.255707023878249,0.960539417037185,1.29247570113986,1,2372.46676115985,0.262556239351084
"810","CRTC2",0.255831919350762,0.960539417037185,1.29179655667004,1,2372.46676115985,0.387268533450016
"12781","MECP2",0.255894683130008,0.960539417037185,1.29145542027419,1,2372.46676115985,0.134250297929241
"10490","PRELID3A",0.255904665263845,0.960539417037185,1.29140117446397,1,2372.46676115985,0.346471944534221
"12206","DRG1",0.255996689184876,0.960539417037185,1.29090121271641,1,2372.46676115985,-0.247328685953696
"1816","ACVR1C",0.256091529020846,0.960539417037185,1.29038618419327,1,2372.46676115985,1.18770547666284
"3783","DCTN4",0.256123030447311,0.960539417037185,1.29021516749608,1,2372.46676115985,-0.142826861872446
"3077","CXCL2",0.256145500489452,0.960539417037185,1.29009319673892,1,2372.46676115985,-0.324890572794963
"11881","ZFP64",0.2562101715539,0.960539417037185,1.28974222617536,1,2372.46676115985,-0.328662753292999
"2942","TBC1D14",0.256305223063492,0.960539417037185,1.28922657897638,1,2372.46676115985,0.144417636831345
"1843","DHRS9",0.256307149066691,0.960539417037185,1.28921613299518,1,2372.46676115985,0.268522901953084
"3118","PLAC8",0.256352960622562,0.960539417037185,1.28896769537057,1,2372.46676115985,-0.58433321994187
"3186","AIMP1",0.25637877943571,0.960539417037185,1.28882770321015,1,2372.46676115985,0.196651775566487
"8458","PLEKHG3",0.256626307437868,0.960539417037185,1.2874864643481,1,2372.46676115985,-1.18590466552892
"6946","ESRRA",0.256691914696124,0.960539417037185,1.28713123690555,1,2372.46676115985,-0.276423380580172
"9743","MINK1",0.256742434719423,0.960539417037185,1.28685777497116,1,2372.46676115985,0.185589967231653
"4384","AMD1",0.256812390523092,0.960539417037185,1.28647921796174,1,2372.46676115985,-0.136979015459281
"12045","AGPAT3",0.256847368385513,0.960539417037185,1.2862899874113,1,2372.46676115985,-0.15009173770281
"12248","LGALS1",0.256897593873344,0.960539417037185,1.28601832271052,1,2372.46676115985,0.0897424213861492
"2929","STX18",0.256968291058282,0.960539417037185,1.2856360397304,1,2372.46676115985,-0.18643737159798
"5057","CHCHD3",0.257012741089863,0.960539417037185,1.28539575025182,1,2372.46676115985,0.141864688307234
"12549","PFKFB1",0.257144053463915,0.960539417037185,1.28468619703667,1,2372.46676115985,0.97593593514943
"8641","TNFAIP2",0.257173436668715,0.960539417037185,1.28452748463674,1,2372.46676115985,-0.176344572729108
"3041","FIP1L1",0.257219630307938,0.960539417037185,1.28427801651343,1,2372.46676115985,0.168302635888367
"1237","PCNX2",0.257235271764056,0.960539417037185,1.28419355758195,1,2372.46676115985,0.245118859505088
"8768","STARD9",0.257426566558751,0.960539417037185,1.2831611389355,1,2372.46676115985,0.415531175622915
"5526","TMEM71",0.257450384859864,0.960539417037185,1.2830326578344,1,2372.46676115985,0.347372054822187
"4367","FOXO3",0.257507676391323,0.960539417037185,1.28272367497605,1,2372.46676115985,-0.112541286199106
"3572","MEF2C",0.257596407878205,0.960539417037185,1.28224529874982,1,2372.46676115985,-0.106222267245416
"9855","ZSWIM7",0.257686281741946,0.960539417037185,1.28176097115546,1,2372.46676115985,-0.221529673162786
"8936","PARP6",0.257802848722659,0.960539417037185,1.28113310598508,1,2372.46676115985,-0.237808355324341
"3011","RHOH",0.257821514797673,0.960539417037185,1.28103259742201,1,2372.46676115985,0.536105904333225
"905","PEX19",0.257879121507853,0.960539417037185,1.28072246744604,1,2372.46676115985,-0.322398812396674
"8306","EMC9",0.257881662441044,0.960539417037185,1.2807087901163,1,2372.46676115985,-0.354513038177601
"1964","TRAK2",0.257953928078968,0.960539417037185,1.2803198685114,1,2372.46676115985,-0.18399558638618
"9068","FAM174B",0.258048144057096,0.960539417037185,1.2798130160306,1,2372.46676115985,-0.469392898362929
"6264","UBE2D1",0.258053398686027,0.960539417037185,1.27978475450591,1,2372.46676115985,0.156145497399436
"8928","TLE3",0.258066326685907,0.960539417037185,1.27971522550926,1,2372.46676115985,-0.234289650462592
"3110","HNRNPDL",0.258151261405399,0.960539417037185,1.27925853908608,1,2372.46676115985,0.133506448818123
"8931","LRRC49",0.25827479375286,0.960539417037185,1.27859464809881,1,2372.46676115985,-10
"11459","ZNF480",0.258311460193945,0.960539417037185,1.27839766984046,1,2372.46676115985,-0.394856424426208
"2306","TMEM42",0.25832721595123,0.960539417037185,1.2783130378941,1,2372.46676115985,-0.496369998066513
"1438","CYP1B1",0.258434582802357,0.960539417037185,1.27773648744451,1,2372.46676115985,-0.145565455244275
"10724","SIRT6",0.258533904997495,0.960539417037185,1.27720339975077,1,2372.46676115985,-0.351902717060443
"7471","FAM234B",0.258536092470046,0.960539417037185,1.27719166187501,1,2372.46676115985,0.495415876987965
"2253","LRRFIP2",0.258569011870752,0.960539417037185,1.27701503273554,1,2372.46676115985,0.122184339541324
"12790","PLXNA3",0.258603793108402,0.960539417037185,1.2768284441159,1,2372.46676115985,0.329667251432098
"8156","INTS6",0.258706978440309,0.960539417037185,1.27627507511901,1,2372.46676115985,-0.162597422972744
"937","FCRLA",0.258736542274983,0.960539417037185,1.27611657857618,1,2372.46676115985,-10
"7889","TCTN1",0.258792755470926,0.960539417037185,1.2758152722387,1,2372.46676115985,0.468151103792615
"1148","NSL1",0.258812009094579,0.960539417037185,1.27571209019245,1,2372.46676115985,-0.142619425216339
"6119","IDI1",0.258858309891583,0.960539417037185,1.2754639985742,1,2372.46676115985,0.253680901759609
"4043","C6orf136",0.258920234017831,0.960539417037185,1.27513227891583,1,2372.46676115985,-0.563026350207176
"1705","SULT1C2",0.259084582621236,0.960539417037185,1.27425236008589,1,2372.46676115985,-0.870103783317423
"12252","ANKRD54",0.259087245635589,0.960539417037185,1.27423810805127,1,2372.46676115985,-0.551861322057543
"9593","ZFP1",0.259123934942053,0.960539417037185,1.27404177109364,1,2372.46676115985,0.540238315312302
"3079","EPGN",0.259146842527997,0.960539417037185,1.27391920225186,1,2372.46676115985,-10
"9340","NFATC2IP",0.259183264687485,0.960539417037185,1.27372435022135,1,2372.46676115985,0.175848982093882
"3150","SNCA",0.259259233467365,0.960539417037185,1.2733180398724,1,2372.46676115985,-0.290759318623224
"3433","C5orf51",0.259420635356872,0.960539417037185,1.27245528912369,1,2372.46676115985,-0.324690722841906
"12802","FUNDC2",0.259489280155243,0.960539417037185,1.27208855948904,1,2372.46676115985,-0.237026711348773
"4429","RNF146",0.259712175721056,0.960539417037185,1.27089858434432,1,2372.46676115985,0.209963141710993
"4208","PTCRA",0.259725553074284,0.960539417037185,1.27082720673202,1,2372.46676115985,0.575011697889851
"4118","HLA-DPA1",0.259732182929845,0.960539417037185,1.27079183346446,1,2372.46676115985,0.141992844702825
"1997","PTH2R",0.26001861340039,0.960539417037185,1.26926466442524,1,2372.46676115985,-1.16231247855171
"6430","MORN4",0.260165974928631,0.960539417037185,1.26847978435508,1,2372.46676115985,-0.790149220870485
"784","RFX5",0.260284558667482,0.960539417037185,1.26784858086364,1,2372.46676115985,0.37179242834688
"4984","HBP1",0.260330971177138,0.960539417037185,1.26760163100427,1,2372.46676115985,0.14696051751341
"6467","OGA",0.260331137260072,0.960539417037185,1.26760074741465,1,2372.46676115985,0.133089853039764
"5004","FOXP2",0.260421792253689,0.960539417037185,1.267118551527,1,2372.46676115985,1.1569336191063
"3513","MRPS27",0.260522360846463,0.960539417037185,1.26658386823141,1,2372.46676115985,-0.303461372789709
"4","HES4",0.260669124936325,0.960539417037185,1.26580404054578,1,2372.46676115985,-0.527187198504173
"1986","EEF1B2",0.26070078936878,0.960539417037185,1.265635863646,1,2372.46676115985,-0.135683233653618
"9566","ST3GAL2",0.260797875680691,0.960539417037185,1.26512037422139,1,2372.46676115985,-0.16957105889241
"12835","MAFIP",0.260811567896816,0.960539417037185,1.26504769317321,1,2372.46676115985,0.619841374445888
"6205","MPP7",0.260824905060287,0.960539417037185,1.26497690136242,1,2372.46676115985,0.670303896604231
"6280","SIRT1",0.260825817387807,0.960539417037185,1.26497205901863,1,2372.46676115985,0.255164587663509
"7025","RBM4B",0.260827483627536,0.960539417037185,1.26496321520322,1,2372.46676115985,-0.464042145928554
"7580","TUBA1A",0.260885365851487,0.960539417037185,1.26465604013888,1,2372.46676115985,0.198436567477505
"11186","ACTN4",0.261134000027106,0.960539417037185,1.2633375239866,1,2372.46676115985,-0.128898098772361
"3530","ANKDD1B",0.261263296628982,0.960539417037185,1.26265247427395,1,2372.46676115985,0.512513486141624
"9302","COG7",0.261289095989159,0.960539417037185,1.26251583231815,1,2372.46676115985,-0.297114613812683
"4742","PKD1L1",0.261298745785611,0.960539417037185,1.26246472809869,1,2372.46676115985,-0.629885031068065
"4977","ATXN7L1",0.261355566677612,0.960539417037185,1.26216385859497,1,2372.46676115985,-0.139863815789395
"8375","MGAT2",0.26135578495851,0.960539417037185,1.26216270294293,1,2372.46676115985,0.302612846097147
"7362","CACNA2D4",0.261440522150372,0.960539417037185,1.26171416631451,1,2372.46676115985,0.219822819471199
"3445","PAIP1",0.261713738207764,0.960539417037185,1.26026918746149,1,2372.46676115985,-0.206818833799423
"4994","THAP5",0.261754701640852,0.960539417037185,1.26005270227393,1,2372.46676115985,0.302181852373365
"9939","FLOT2",0.261815014819038,0.960539417037185,1.2597340332561,1,2372.46676115985,-0.285886131889885
"8265","ARHGEF40",0.261926767810411,0.960539417037185,1.25914381889712,1,2372.46676115985,-0.250974722242146
"9731","UBE2G1",0.261945459393643,0.960539417037185,1.25904513131144,1,2372.46676115985,-0.148688111967111
"5386","ELOC",0.262031061597309,0.960539417037185,1.25859328147413,1,2372.46676115985,0.148156911313669
"10996","FCHO1",0.262104967986019,0.960539417037185,1.25820331510034,1,2372.46676115985,-0.619736381877426
"5532","ZFAT",0.262120532461617,0.960539417037185,1.25812120668118,1,2372.46676115985,0.313377700131707
"5169","PTPRN2",0.262278256056313,0.960539417037185,1.25728949697062,1,2372.46676115985,0.773015808798454
"9396","ZNF629",0.262481488701278,0.960539417037185,1.25621872318327,1,2372.46676115985,0.391141284854386
"113","VPS13D",0.262647516437005,0.960539417037185,1.25534473469897,1,2372.46676115985,-0.122975657140026
"5870","RAD23B",0.262666173097857,0.960539417037185,1.2552465668239,1,2372.46676115985,-0.131658694351453
"5604","COMMD5",0.262689558499754,0.960539417037185,1.25512352941869,1,2372.46676115985,0.251233606969653
"9330","SGF29",0.262690926788713,0.960539417037185,1.25511633087336,1,2372.46676115985,-0.330003785755034
"2061","SERPINE2",0.262868766143418,0.960539417037185,1.25418111702506,1,2372.46676115985,-1.71411943162262
"212","CEP85",0.262932607111373,0.960539417037185,1.25384558453132,1,2372.46676115985,0.353982749035241
"11284","ZNF224",0.262936573003836,0.960539417037185,1.25382474410917,1,2372.46676115985,0.233093835470867
"10635","FSTL3",0.263212834997751,0.960539417037185,1.25237397116894,1,2372.46676115985,-1.05687516245476
"3319","MFAP3L",0.263231626812016,0.960539417037185,1.25227535580837,1,2372.46676115985,-10
"4620","CCZ1B",0.263303437353456,0.960539417037185,1.25189859022209,1,2372.46676115985,-0.405069049680853
"4947","COL26A1",0.263327725704269,0.960539417037185,1.25177118635827,1,2372.46676115985,0.963939854956878
"7902","NAA25",0.263408821213053,0.960539417037185,1.25134590785483,1,2372.46676115985,-0.204003806560221
"10675","BTBD2",0.263413351189119,0.960539417037185,1.25132215669433,1,2372.46676115985,-0.292435121532836
"11574","ZIK1",0.263492731049632,0.960539417037185,1.25090604173091,1,2372.46676115985,0.764712585194868
"9973","C17orf75",0.263534860955429,0.960539417037185,1.25068525698172,1,2372.46676115985,0.416879411715007
"10525","TRAPPC8",0.263651014255904,0.960539417037185,1.25007677445889,1,2372.46676115985,-0.144183205755957
"2001","KANSL1L",0.263657035487393,0.960539417037185,1.25004524062157,1,2372.46676115985,0.147224648365399
"11975","CCT8",0.263839785061003,0.960539417037185,1.24908858698474,1,2372.46676115985,-0.176967590018523
"7622","CSAD",0.263844534456302,0.960539417037185,1.2490637359293,1,2372.46676115985,0.236041183610738
"5564","FAM83H",0.263853238005058,0.960539417037185,1.24901819633826,1,2372.46676115985,-0.766024893443901
"2321","CCRL2",0.263977309433055,0.960539417037185,1.24836922016216,1,2372.46676115985,-0.380833622305081
"1585","WBP1",0.264025396132214,0.960539417037185,1.24811779664686,1,2372.46676115985,-0.326883741034885
"4097","AGPAT1",0.26415535664347,0.960539417037185,1.24743857685184,1,2372.46676115985,-0.26305181657618
"12705","CUL4B",0.264195482983662,0.960539417037185,1.24722894627416,1,2372.46676115985,-0.256457396573058
"3773","PDE6A",0.264276321657193,0.960539417037185,1.24680674391239,1,2372.46676115985,-10
"6144","ECHDC3",0.264329237948433,0.960539417037185,1.24653046087149,1,2372.46676115985,0.504325295749349
"8978","PSTPIP1",0.264372617756502,0.960539417037185,1.2463040203783,1,2372.46676115985,-0.197053168757929
"2171","TATDN2",0.264430643388907,0.960539417037185,1.24600120161467,1,2372.46676115985,-0.270380343920915
"8838","RSL24D1",0.264543783275141,0.960539417037185,1.24541099528544,1,2372.46676115985,0.145013469402923
"9457","MT2A",0.264654091527799,0.960539417037185,1.24483586263199,1,2372.46676115985,-0.309436628497863
"4237","HSP90AB1",0.264693158204168,0.960539417037185,1.24463224563345,1,2372.46676115985,0.0967922542070609
"10430","LRRC45",0.264744689200021,0.960539417037185,1.24436372129369,1,2372.46676115985,-0.789107726546668
"952","ALDH9A1",0.264863782254306,0.960539417037185,1.24374338457088,1,2372.46676115985,0.181031550871132
"339","MYCBP",0.264946773385647,0.960539417037185,1.24331130212225,1,2372.46676115985,0.282998393854879
"8096","UFM1",0.26502774746012,0.960539417037185,1.24288988348111,1,2372.46676115985,0.164420033726771
"8788","CTDSPL2",0.265054774856527,0.960539417037185,1.24274925870225,1,2372.46676115985,-0.158700412412335
"11137","SDHAF1",0.265073452509395,0.960539417037185,1.24265208844549,1,2372.46676115985,0.388718773370126
"7905","RPL6",0.265194333417428,0.960539417037185,1.24202341295246,1,2372.46676115985,0.0785295431490249
"8266","ZNF219",0.265277862738413,0.960539417037185,1.24158920330075,1,2372.46676115985,0.255996324157551
"12289","MRTFA",0.265580439314838,0.960539417037185,1.24001774591434,1,2372.46676115985,0.106021284034698
"3737","TAF7",0.265582092890744,0.960539417037185,1.24000916404979,1,2372.46676115985,0.139682188498064
"7408","LRRC23",0.265582787515661,0.960539417037185,1.24000555904797,1,2372.46676115985,-0.22224868429098
"8944","NPTN",0.265701143880968,0.960539417037185,1.23939147814231,1,2372.46676115985,-0.127074784489194
"8029","CHFR",0.265705559291144,0.960539417037185,1.23936857579013,1,2372.46676115985,-0.162057610265032
"1283","ZNF670",0.265814945349583,0.960539417037185,1.23880135096172,1,2372.46676115985,-0.508789970125259
"10618","MBP",0.265930160979706,0.960539417037185,1.23820421091102,1,2372.46676115985,-0.0926580825913634
"10514","LAMA3",0.26599927923348,0.960539417037185,1.23784613912038,1,2372.46676115985,1.34425970851448
"72","PARK7",0.266070406758772,0.960539417037185,1.23747777911633,1,2372.46676115985,-0.115419289379662
"8467","EIF2S1",0.266096239678158,0.960539417037185,1.23734402421723,1,2372.46676115985,-0.173833541938738
"4231","MRPS18A",0.266099485715817,0.960539417037185,1.23732721837789,1,2372.46676115985,0.293890050485186
"11732","POFUT1",0.26612721092361,0.960539417037185,1.23718368596483,1,2372.46676115985,0.334385537794183
"10238","RPS6KB1",0.26614312596936,0.960539417037185,1.23710130275362,1,2372.46676115985,0.191864490546765
"12744","FHL1",0.26617857602807,0.960539417037185,1.23691781985774,1,2372.46676115985,0.9891909453968
"266","HCRTR1",0.266297940271738,0.960539417037185,1.23630023650243,1,2372.46676115985,-1.39671408576687
"6735","HPS5",0.266299733004285,0.960539417037185,1.23629096364152,1,2372.46676115985,-0.16039191525708
"10605","CD226",0.266312372966436,0.960539417037185,1.23622558598408,1,2372.46676115985,-0.379223067628112
"2637","IFT122",0.26637673868924,0.960539417037185,1.23589272720278,1,2372.46676115985,-0.277214386503002
"2434","DCP1A",0.266393498208426,0.960539417037185,1.23580607401791,1,2372.46676115985,0.139128688792044
"5698","PIGO",0.266435469113037,0.960539417037185,1.23558909803517,1,2372.46676115985,-0.592781978506882
"2405","ABHD14A",0.266866814703375,0.960539417037185,1.23336164612433,1,2372.46676115985,-0.45861927399015
"2132","DTYMK",0.266916832000556,0.960539417037185,1.23310364906286,1,2372.46676115985,-0.455795881299239
"319","STK40",0.267036286430306,0.960539417037185,1.23248772813018,1,2372.46676115985,-0.191671316073197
"6110","MRPL41",0.267101013321486,0.960539417037185,1.23215413220634,1,2372.46676115985,-0.159217003868629
"6852","SELENOH",0.267170402625241,0.960539417037185,1.23179661858857,1,2372.46676115985,-0.113874637148544
"5010","CAPZA2",0.267188108877275,0.960539417037185,1.23170540943213,1,2372.46676115985,-0.100394438974256
"11524","BRSK1",0.267236072168051,0.960539417037185,1.23145837685356,1,2372.46676115985,0.621714561242139
"2288","CCDC13",0.267260846566083,0.960539417037185,1.23133079918108,1,2372.46676115985,-0.778181628822807
"1951","SGO2",0.267399150991031,0.960539417037185,1.23061886072135,1,2372.46676115985,-0.440173909744722
"6795","ACCS",0.267548283233591,0.960539417037185,1.22985169912745,1,2372.46676115985,0.38770456004956
"10450","TBCD",0.267672086838968,0.960539417037185,1.2292152373792,1,2372.46676115985,0.199108167769701
"4794","METTL27",0.267793754293209,0.960539417037185,1.22859011500623,1,2372.46676115985,0.992474379907413
"6654","RHOG",0.26781747269787,0.960539417037185,1.22846829208477,1,2372.46676115985,0.110657470375407
"4295","MYO6",0.267864554695592,0.960539417037185,1.22822650850358,1,2372.46676115985,0.374204892697622
"4115","HLA-DMA",0.268028326581865,0.960539417037185,1.2273858917173,1,2372.46676115985,0.118542931118511
"6796","EXT2",0.268035487681169,0.960539417037185,1.22734914948223,1,2372.46676115985,-0.201599645717055
"9228","TVP23A",0.268107317607042,0.960539417037185,1.22698067157882,1,2372.46676115985,-10
"12299","TEF",0.268157360055058,0.960539417037185,1.22672403331975,1,2372.46676115985,0.482707599739541
"6983","MAP3K11",0.268204599244177,0.960539417037185,1.2264818261579,1,2372.46676115985,0.19655571504928
"7562","TMEM106C",0.268224184059523,0.960539417037185,1.2263814255122,1,2372.46676115985,-0.441753493317662
"2862","RNF168",0.268396122981927,0.960539417037185,1.22550038118859,1,2372.46676115985,-0.207621523611953
"6535","FAM204A",0.268436904003128,0.960539417037185,1.22529151564668,1,2372.46676115985,0.162197911537161
"2840","OSTN",0.26846161527031,0.960539417037185,1.22516497280464,1,2372.46676115985,-10
"10301","COG1",0.268477903195996,0.960539417037185,1.22508157263192,1,2372.46676115985,0.366735707846658
"2647","MRPL3",0.268493957616068,0.960539417037185,1.22499937427452,1,2372.46676115985,-0.2481271887914
"11809","TOP1",0.268690413051342,0.960539417037185,1.22399402245812,1,2372.46676115985,-0.104820096897502
"6452","SEC31B",0.268707217480984,0.960539417037185,1.22390806915821,1,2372.46676115985,0.31048622355531
"2770","PLD1",0.268817645158854,0.960539417037185,1.22334340742595,1,2372.46676115985,0.132023257621461
"10130","ACBD4",0.269092619020709,0.960539417037185,1.22193861175136,1,2372.46676115985,0.415383319079298
"8411","SAMD4A",0.269131451008177,0.960539417037185,1.2217403700684,1,2372.46676115985,-0.13462358447851
"12285","ENTHD1",0.269161037102747,0.960539417037185,1.22158935369233,1,2372.46676115985,-10
"4825","FGL2",0.269352106888288,0.960539417037185,1.22061457482984,1,2372.46676115985,0.127307615759226
"7105","KCNE3",0.269679998388223,0.960539417037185,1.21894378571305,1,2372.46676115985,0.179311256470757
"907","NCSTN",0.269699563330869,0.960539417037185,1.21884417173742,1,2372.46676115985,0.195421124953129
"1370","CENPA",0.269750701549229,0.960539417037185,1.21858384657632,1,2372.46676115985,0.344426460323795
"9679","GAS8",0.269750784805662,0.960539417037185,1.21858342279987,1,2372.46676115985,-0.760581076589261
"11382","GYS1",0.269808271455683,0.960539417037185,1.21829085393981,1,2372.46676115985,-0.25019162480537
"4248","PLA2G7",0.269954152571803,0.960539417037185,1.217548765574,1,2372.46676115985,-0.0970592838516257
"2535","IFT57",0.270076364799503,0.960539417037185,1.21692746519387,1,2372.46676115985,-0.411707977636118
"1902","FSIP2",0.270098291697349,0.960539417037185,1.2168160308028,1,2372.46676115985,1.41054938953286
"5195","SLC35G5",0.270109862870065,0.960539417037185,1.21675722966141,1,2372.46676115985,-10
"6725","SOX6",0.270112869657453,0.960539417037185,1.21674195060805,1,2372.46676115985,0.681076448179663
"3208","LARP7",0.270141275399072,0.960539417037185,1.21659761672751,1,2372.46676115985,-0.138675256927868
"9858","PIGL",0.27019270869974,0.960539417037185,1.21633632460685,1,2372.46676115985,-0.245590771129398
"9365","PPP4C",0.270229082754054,0.960539417037185,1.21615157420514,1,2372.46676115985,0.171695890404687
"8745","INO80",0.270362498093762,0.960539417037185,1.21547419966824,1,2372.46676115985,0.159054977160548
"8416","LGALS3",0.270553079481515,0.960539417037185,1.21450730718704,1,2372.46676115985,-0.105799541070653
"10939","ADGRL1",0.270609304116914,0.960539417037185,1.21422222076292,1,2372.46676115985,0.603823725369972
"1142","INTS7",0.270656588463106,0.960539417037185,1.21398252333146,1,2372.46676115985,0.274950345897088
"11019","UBA52",0.270674283866124,0.960539417037185,1.21389283390774,1,2372.46676115985,0.0683239077007171
"3474","ZSWIM6",0.270720219518832,0.960539417037185,1.21366004257214,1,2372.46676115985,-0.0824015324853674
"8047","LATS2",0.270739319468583,0.960539417037185,1.21356326295851,1,2372.46676115985,-0.200965644487934
"2941","KIAA0232",0.27079539807468,0.960539417037185,1.21327916151493,1,2372.46676115985,-0.128890646371517
"2614","CHST13",0.270859400321602,0.960539417037185,1.21295500781398,1,2372.46676115985,0.302540902902067
"2276","ENTPD3",0.270893715964203,0.960539417037185,1.21278124802603,1,2372.46676115985,1.30657428395011
"3204","AP1AR",0.27091903942274,0.960539417037185,1.21265303848521,1,2372.46676115985,-0.246448629246845
"3529","POLK",0.27093225282891,0.960539417037185,1.21258614659594,1,2372.46676115985,-0.145430599256856
"12572","MSN",0.270947101505948,0.960539417037185,1.21251098113994,1,2372.46676115985,-0.0983767052494697
"6021","FUBP3",0.271102275728407,0.960539417037185,1.21172578231055,1,2372.46676115985,-0.198877315636808
"4198","CCND3",0.271151924749037,0.960539417037185,1.21147467149886,1,2372.46676115985,-0.270397801205966
"409","MUTYH",0.271217346946101,0.960539417037185,1.21114387224373,1,2372.46676115985,0.530037160775707
"9600","TERF2IP",0.271365066895518,0.960539417037185,1.21039731177871,1,2372.46676115985,0.137004650750838
"8490","SYNJ2BP",0.271427244998309,0.960539417037185,1.21008322255757,1,2372.46676115985,-0.240072994714368
"9683","VPS53",0.27153571344872,0.960539417037185,1.20953551578641,1,2372.46676115985,-0.132154544272244
"8499","ZFYVE1",0.271537974576742,0.960539417037185,1.20952410123238,1,2372.46676115985,0.230925357756642
"3803","LARP1",0.271553783840922,0.960539417037185,1.20944429673597,1,2372.46676115985,-0.121735910088344
"1456","OXER1",0.271621861043742,0.960539417037185,1.20910071234146,1,2372.46676115985,0.846773838487348
"11616","ZCCHC3",0.271639278985141,0.960539417037185,1.20901282163229,1,2372.46676115985,-0.466618060357542
"6902","EML3",0.271706211073899,0.960539417037185,1.20867514881623,1,2372.46676115985,0.317101803107929
"782","ZNF687",0.271738516668816,0.960539417037185,1.20851220414995,1,2372.46676115985,-0.397944088067332
"7727","RASSF3",0.271838770105975,0.960539417037185,1.20800669497358,1,2372.46676115985,0.115161479126074
"8044","IFT88",0.271839222956363,0.960539417037185,1.20800441209002,1,2372.46676115985,0.205410428518794
"6583","GLRX3",0.271920688477101,0.960539417037185,1.20759381022999,1,2372.46676115985,-0.181515915076807
"2937","MRFAP1",0.272213566063173,0.960539417037185,1.20611892267338,1,2372.46676115985,0.125006446827663
"5279","SMIM18",0.272243238478743,0.960539417037185,1.2059696077469,1,2372.46676115985,0.944726905954993
"9468","RSPRY1",0.272249553712449,0.960539417037185,1.20593783141331,1,2372.46676115985,0.218431695125808
"6792","TTC17",0.272421347697497,0.960539417037185,1.20507377047393,1,2372.46676115985,-0.116323790899797
"3769","PCYOX1L",0.272457208621003,0.960539417037185,1.20489348927124,1,2372.46676115985,-0.876560875526111
"6755","METTL15",0.272466241822651,0.960539417037185,1.20484808195387,1,2372.46676115985,0.147086634126136
"11768","UQCC1",0.272547982185842,0.960539417037185,1.20443728231064,1,2372.46676115985,0.19772058722936
"10754","LONP1",0.272589849813592,0.960539417037185,1.20422692944864,1,2372.46676115985,-0.223516209563319
"12244","GGA1",0.272617811105002,0.960539417037185,1.20408646785797,1,2372.46676115985,-0.142565580464343
"4745","IKZF1",0.272697578825142,0.960539417037185,1.20368585950459,1,2372.46676115985,-0.120816328216966
"8863","GTF2A2",0.272730871355485,0.960539417037185,1.20351870165378,1,2372.46676115985,0.153992407620445
"11280","ZNF230",0.272735635101788,0.960539417037185,1.20349478553956,1,2372.46676115985,0.39207308202316
"233","IFI6",0.272738745800358,0.960539417037185,1.20347916873894,1,2372.46676115985,0.0642514298050819
"2483","EIF4E3",0.272777622799183,0.960539417037185,1.2032840113639,1,2372.46676115985,0.226158033805004
"458","CZIB",0.272908234498225,0.960539417037185,1.20262861321076,1,2372.46676115985,-0.32883698883846
"12076","IL17RA",0.272939938256855,0.960539417037185,1.20246958581047,1,2372.46676115985,-0.129410620064137
"7653","RDH5",0.273006017461228,0.960539417037185,1.2021382041367,1,2372.46676115985,-0.690305050678389
"4082","HSPA1B",0.273019104037532,0.960539417037185,1.20207258798252,1,2372.46676115985,0.478260961150534
"4192","FRS3",0.273063130630817,0.960539417037185,1.20185186738554,1,2372.46676115985,0.647617293428619
"7193","MMP8",0.273148187751004,0.960539417037185,1.20142557285914,1,2372.46676115985,-10
"11612","CHMP2A",0.273167464408395,0.960539417037185,1.20132898405313,1,2372.46676115985,0.146683080709618
"2798","KLHL6",0.273211599973079,0.960539417037185,1.20110786785941,1,2372.46676115985,0.202605589041294
"9233","SOCS1",0.273211921471756,0.960539417037185,1.20110625733712,1,2372.46676115985,-0.730616404570781
"1048","PTGS2",0.273324367820768,0.960539417037185,1.20054311194647,1,2372.46676115985,0.655681341414874
"7764","KRR1",0.273358387069515,0.960539417037185,1.20037279653609,1,2372.46676115985,-0.218716665116138
"269","PTP4A2",0.273359731580079,0.960539417037185,1.20036606586742,1,2372.46676115985,-0.0834976110026098
"6706","MTRNR2L8",0.273371104755889,0.960539417037185,1.20030913299765,1,2372.46676115985,0.217282737854824
"5727","TRMT10B",0.27340328395537,0.960539417037185,1.20014806354928,1,2372.46676115985,-0.259040108036369
"9122","UNKL",0.273620307026464,0.960838529038601,1.19906239900568,1,2372.46676115985,0.32892462751793
"8674","NIPA2",0.273904184228921,0.960838529038601,1.19764392420397,1,2372.46676115985,-0.190878281912755
"8934","SENP8",0.274221307016314,0.960838529038601,1.19606150808054,1,2372.46676115985,0.532536152616582
"297","ZSCAN20",0.274226602736996,0.960838529038601,1.19603510237854,1,2372.46676115985,-0.779147207252631
"12755","IDS",0.274265555753052,0.960838529038601,1.19584089319716,1,2372.46676115985,-0.154740364299425
"8318","TGM1",0.274370015127084,0.960838529038601,1.19532025794859,1,2372.46676115985,-0.961954115598759
"98","EXOSC10",0.274433511832545,0.960838529038601,1.19500390604252,1,2372.46676115985,0.231686075369104
"7223","LAYN",0.27450243698899,0.960838529038601,1.1946606126253,1,2372.46676115985,1.60214962114078
"2858","PCYT1A",0.274601750409448,0.960838529038601,1.19416615558738,1,2372.46676115985,-0.154294459898296
"3253","ZNF330",0.274640924650031,0.960838529038601,1.19397117845169,1,2372.46676115985,0.185071790031499
"7737","CAND1",0.274780397030367,0.960838529038601,1.19327728312094,1,2372.46676115985,0.167802974446297
"10384","CEP295NL",0.274898561889836,0.960838529038601,1.19268974183887,1,2372.46676115985,-1.02958989415495
"4752","ZNF713",0.274945736901809,0.960838529038601,1.19245526605187,1,2372.46676115985,-0.493424785065448
"9050","CIB1",0.274971001616144,0.960838529038601,1.19232971264274,1,2372.46676115985,-0.14218097427048
"8692","KLF13",0.274997026532627,0.960838529038601,1.19220039654716,1,2372.46676115985,0.136068965721503
"3962","TMEM170B",0.275140636925421,0.960838529038601,1.19148708234532,1,2372.46676115985,-0.170582340576997
"1576","TET3",0.275156359394777,0.960838529038601,1.19140901709653,1,2372.46676115985,-0.132241488163471
"8974","TMEM266",0.275165097891147,0.960838529038601,1.19136563111288,1,2372.46676115985,0.215580507310165
"7763","GLIPR1",0.275179720847655,0.960838529038601,1.19129303309483,1,2372.46676115985,0.153221148768546
"6384","IFIT5",0.275228539012754,0.960838529038601,1.19105070256424,1,2372.46676115985,-0.230841594087544
"223","GPATCH3",0.275316407022813,0.960838529038601,1.1906146669307,1,2372.46676115985,0.329715208468516
"11183","RYR1",0.275379748022536,0.960838529038601,1.19030045241715,1,2372.46676115985,-1.68251947383727
"1664","SEMA4C",0.275616007143927,0.960838529038601,1.18912924691892,1,2372.46676115985,0.537670460611588
"745","OTUD7B",0.27566354441385,0.960838529038601,1.18889374326532,1,2372.46676115985,-0.451960963214278
"580","BTBD8",0.275705108167411,0.960838529038601,1.18868787474204,1,2372.46676115985,0.290016996921812
"644","STRIP1",0.27597816723936,0.960838529038601,1.18733636121169,1,2372.46676115985,-0.353342043303959
"383","TIE1",0.275984111058489,0.960838529038601,1.18730696081066,1,2372.46676115985,0.687081810507284
"7845","C12orf75",0.276280457765249,0.960838529038601,1.18584212542119,1,2372.46676115985,0.813248236952625
"11492","LENG1",0.276447906101468,0.960838529038601,1.18501530536782,1,2372.46676115985,-0.304352740082787
"10951","ILVBL",0.27657548792775,0.960838529038601,1.18438575940233,1,2372.46676115985,0.431386605265907
"1762","POLR2D",0.276618415081289,0.960838529038601,1.18417401970839,1,2372.46676115985,0.320635613478295
"4602","ACTB",0.276738060564333,0.960838529038601,1.1835840822859,1,2372.46676115985,0.0915737842097257
"7314","ROBO3",0.276750253206293,0.960838529038601,1.18352398189834,1,2372.46676115985,-1.04358404392136
"3581","KIAA0825",0.276889064446568,0.960838529038601,1.18283998359849,1,2372.46676115985,0.2866513800457
"10131","HEXIM1",0.277114396017216,0.960838529038601,1.18173057103541,1,2372.46676115985,0.23939345400292
"7151","SYTL2",0.277332231938749,0.960838529038601,1.18065914201883,1,2372.46676115985,0.649414939997775
"5756","ANXA1",0.277500980465718,0.960838529038601,1.17982987808297,1,2372.46676115985,-0.122801661838293
"3348","CFAP97",0.277616611664597,0.960838529038601,1.17926200984197,1,2372.46676115985,-0.233707427723471
"3696","SPOCK1",0.277754818596459,0.960838529038601,1.17858366217067,1,2372.46676115985,0.431330202391375
"434","CMPK1",0.277765158814924,0.960838529038601,1.17853292737353,1,2372.46676115985,-0.153604372017653
"7371","CRACR2A",0.277836167905574,0.960838529038601,1.17818458198322,1,2372.46676115985,-0.397685278882741
"7067","FADD",0.277985576174196,0.960838529038601,1.17745200415402,1,2372.46676115985,-0.344599908327447
"11080","CCNE1",0.277995843631896,0.960838529038601,1.17740167902532,1,2372.46676115985,-1.39000082616696
"707","FAM72B",0.278077679873479,0.960838529038601,1.17700064888164,1,2372.46676115985,-0.590031398365687
"6793","HSD17B12",0.278131841193661,0.960838529038601,1.17673531862641,1,2372.46676115985,0.168363476023334
"10326","SUMO2",0.278136996248843,0.960838529038601,1.17671006798023,1,2372.46676115985,0.0759559185741852
"11610","ZBTB45",0.278258528540597,0.960838529038601,1.17611494563311,1,2372.46676115985,0.489399017640647
"4144","RPS10-NUDT3",0.278334669888735,0.960838529038601,1.17574226165033,1,2372.46676115985,-1.49711112200409
"4014","ZNF184",0.278429923067232,0.960838529038601,1.17527621313452,1,2372.46676115985,-0.681903462340331
"246","PHACTR4",0.278431946992608,0.960838529038601,1.17526631278523,1,2372.46676115985,-0.107963317677789
"6114","EHMT1",0.278478292104017,0.960838529038601,1.17503963319993,1,2372.46676115985,0.116817592078813
"10234","CLTC",0.27853442359156,0.960838529038601,1.17476515091947,1,2372.46676115985,0.0883771617796739
"1778","TMEM163",0.278667928789785,0.960838529038601,1.1741125921962,1,2372.46676115985,0.540480114419699
"6444","ABCC2",0.278682382214897,0.960838529038601,1.17404196908752,1,2372.46676115985,0.632580275803335
"1847","PPIG",0.278709508619908,0.960838529038601,1.17390943504301,1,2372.46676115985,-0.108422895840201
"4932","GNB2",0.278845163399281,0.960838529038601,1.17324689758255,1,2372.46676115985,0.13064584588228
"9677","DEF8",0.278983241325397,0.960838529038601,1.17257294271177,1,2372.46676115985,-0.222619757176153
"1068","KIF21B",0.279038963416167,0.960838529038601,1.17230108370853,1,2372.46676115985,0.634684788358324
"3432","OXCT1",0.279421114148103,0.960838529038601,1.17043847574741,1,2372.46676115985,-0.952509318133686
"2514","FILIP1L",0.27943544315132,0.960838529038601,1.17036869849901,1,2372.46676115985,0.256775780939803
"3873","LMAN2",0.279450989518255,0.960838529038601,1.17029299821941,1,2372.46676115985,0.133426141845877
"664","CTTNBP2NL",0.279518349851415,0.960838529038601,1.16996506038601,1,2372.46676115985,0.152493754371435
"10998","RPL18A",0.279574119889241,0.960838529038601,1.16969362432574,1,2372.46676115985,0.0743126013177037
"8888","PLEKHO2",0.279601066503329,0.960838529038601,1.16956249804654,1,2372.46676115985,-0.118721599187986
"7930","KSR2",0.279698545044304,0.960838529038601,1.16908828594526,1,2372.46676115985,1.37964261674347
"799","S100A6",0.279911176192198,0.960838529038601,1.16805460451098,1,2372.46676115985,-0.107798148323456
"11735","NOL4L",0.279965652377101,0.960838529038601,1.1677899343888,1,2372.46676115985,-0.509099555058961
"1363","RAB10",0.280118328030202,0.960838529038601,1.16704851279344,1,2372.46676115985,-0.0821935072091266
"3566","XRCC4",0.280148548742468,0.960838529038601,1.16690181583149,1,2372.46676115985,0.151171414961848
"12186","CASTOR1",0.280216550010174,0.960838529038601,1.16657179806658,1,2372.46676115985,-0.631588884441287
"303","ZMYM4",0.280227191916978,0.960838529038601,1.16652016085173,1,2372.46676115985,-0.104079758460815
"8169","TDRD3",0.280242036845101,0.960838529038601,1.16644813365349,1,2372.46676115985,-0.129423891704431
"3618","DCP2",0.280296890723346,0.960838529038601,1.16618202587205,1,2372.46676115985,-0.121722385425135
"4019","NKAPL",0.280328943252657,0.960838529038601,1.1660265626993,1,2372.46676115985,0.36560710991628
"6695","NRIP3",0.280347588305751,0.960838529038601,1.16593613962775,1,2372.46676115985,-0.284439628462177
"213","SH3BGRL3",0.28039396570842,0.960838529038601,1.16571125567904,1,2372.46676115985,0.0869049389396254
"1840","STK39",0.280492182234405,0.960838529038601,1.16523515894167,1,2372.46676115985,-0.257972497965964
"7673","MYL6",0.280573137618304,0.960838529038601,1.16484289246946,1,2372.46676115985,0.0679619944384249
"8634","ZNF839",0.280601164844148,0.960838529038601,1.16470712084096,1,2372.46676115985,-0.451688632328223
"8828","TMOD2",0.280673321802851,0.960838529038601,1.16435765139215,1,2372.46676115985,0.240810615536156
"3042","CHIC2",0.280730481303667,0.960838529038601,1.16408089794196,1,2372.46676115985,0.140594326987466
"11205","TIMM50",0.280795162244132,0.960838529038601,1.16376781320871,1,2372.46676115985,0.333833504325625
"8999","FAH",0.280843011777193,0.960838529038601,1.16353625865324,1,2372.46676115985,0.238279596891704
"2409","POC1A",0.280850724307374,0.960838529038601,1.16349894066493,1,2372.46676115985,-1.3603748829765
"8049","MRPL57",0.280860788740228,0.960838529038601,1.16345024466482,1,2372.46676115985,0.133732624501467
"9532","NRN1L",0.280864706619262,0.960838529038601,1.16343128889843,1,2372.46676115985,1.37899468036749
"4442","VNN1",0.280876022283333,0.960838529038601,1.16337654250786,1,2372.46676115985,-0.756832186868211
"1062","C1orf53",0.280957840547041,0.960838529038601,1.1629807799143,1,2372.46676115985,0.657274717332741
"6664","TRIM5",0.28106038280884,0.960838529038601,1.16248497897527,1,2372.46676115985,-0.193926238898519
"3886","HNRNPAB",0.281220609078278,0.960838529038601,1.16171072819144,1,2372.46676115985,0.159407813528039
"4355","CRYBG1",0.28123884152463,0.960838529038601,1.16162266007844,1,2372.46676115985,-0.208340075328837
"12216","TIMP3",0.281253181028219,0.960838529038601,1.16155340110049,1,2372.46676115985,0.330668462923852
"11289","ZNF235",0.281267519383158,0.960838529038601,1.16148415213269,1,2372.46676115985,0.201536155768524
"1097","PIK3C2B",0.281341169212439,0.960838529038601,1.16112852091896,1,2372.46676115985,0.368457954036851
"992","TNFSF4",0.281351180780122,0.960838529038601,1.16108018738057,1,2372.46676115985,1.2447718242996
"9257","MYH11",0.281416830263593,0.960838529038601,1.16076330068274,1,2372.46676115985,0.592350214380757
"1294","SH3YL1",0.281448045038107,0.960838529038601,1.16061266133983,1,2372.46676115985,0.286073614757507
"6710","EIF4G2",0.281526873611885,0.960838529038601,1.1602323366159,1,2372.46676115985,0.0880557793088079
"10059","NT5C3B",0.281540991559686,0.960838529038601,1.1601642358776,1,2372.46676115985,-0.391189846037946
"6953","SF1",0.281688279823218,0.960838529038601,1.15945401893001,1,2372.46676115985,-0.135995537419195
"1409","LBH",0.281810689710241,0.960838529038601,1.15886412150665,1,2372.46676115985,-1.08514846445056
"10684","PEAK3",0.281932313995284,0.960838529038601,1.15827833075266,1,2372.46676115985,-1.35752066189395
"4823","POMZP3",0.281962436166805,0.960838529038601,1.1581332998148,1,2372.46676115985,-0.669180844560998
"7144","PCF11",0.282044860646659,0.960838529038601,1.15773654612321,1,2372.46676115985,0.169046850264146
"2679","RBP1",0.282095559923094,0.960838529038601,1.15749257586951,1,2372.46676115985,0.217636955682859
"3564","ATP6AP1L",0.282098950385735,0.960838529038601,1.15747626258504,1,2372.46676115985,0.261566448742987
"146","ALDH4A1",0.282101922225887,0.960838529038601,1.15746196371571,1,2372.46676115985,0.395343620386105
"10957","WIZ",0.282172242545276,0.960838529038601,1.15712367638882,1,2372.46676115985,0.457141118532403
"5051","KLHDC10",0.282181177066625,0.960838529038601,1.15708070305733,1,2372.46676115985,-0.150582660494393
"8717","MEIS2",0.282249345773526,0.960838529038601,1.15675288132966,1,2372.46676115985,-10
"1799","MMADHC",0.282275847417879,0.960838529038601,1.15662546257643,1,2372.46676115985,0.167748989359286
"5223","DOK2",0.282283119169948,0.960838529038601,1.15659050295492,1,2372.46676115985,-0.192656990440266
"1280","CNST",0.282285346598779,0.960838529038601,1.15657979461249,1,2372.46676115985,0.193811183557628
"5807","IPPK",0.282329446735822,0.960838529038601,1.15636780564092,1,2372.46676115985,0.334527744647931
"5891","INIP",0.282452214324151,0.960838529038601,1.15577788351299,1,2372.46676115985,0.195063903016401
"7508","FGFR1OP2",0.282512144436798,0.960838529038601,1.15549002550774,1,2372.46676115985,0.125603688608008
"1533","WDR92",0.282569851802183,0.960838529038601,1.15521291688337,1,2372.46676115985,0.316475416119198
"1976","NBEAL1",0.282586080994691,0.960838529038601,1.15513499780655,1,2372.46676115985,0.135304893649723
"12341","UPK3A",0.282587205008835,0.960838529038601,1.15512960143571,1,2372.46676115985,-10
"4590","TTYH3",0.28259191168228,0.960838529038601,1.15510700507973,1,2372.46676115985,0.0991645669066202
"688","VANGL1",0.282680016359403,0.960838529038601,1.15468410958598,1,2372.46676115985,0.493494621496354
"3562","ATG10",0.282946373972212,0.960838529038601,1.15340662797747,1,2372.46676115985,0.173449655645607
"335","SF3A3",0.283112881070668,0.960838529038601,1.15260881393424,1,2372.46676115985,-0.217948446039567
"3760","PPP2R2B",0.283191269077315,0.960838529038601,1.15223342567822,1,2372.46676115985,1.37273752196746
"8625","DEGS2",0.2832409463424,0.960838529038601,1.15199559691075,1,2372.46676115985,-1.39751527016472
"2335","NME6",0.283274336153566,0.960838529038601,1.15183577363736,1,2372.46676115985,-0.296454944353641
"12140","MIF",0.283374414981206,0.960838529038601,1.15135688039451,1,2372.46676115985,0.0971828282254379
"11693","ZNF133",0.283432016655787,0.960838529038601,1.15108134425653,1,2372.46676115985,-0.286753126996678
"3734","DND1",0.283684931103924,0.960838529038601,1.14987237336025,1,2372.46676115985,0.691817109475271
"3869","NSD1",0.283695743494465,0.960838529038601,1.14982071886762,1,2372.46676115985,-0.116420578304898
"1175","FAM177B",0.28380381199155,0.960838529038601,1.14930457565893,1,2372.46676115985,-1.00868211052168
"11576","ZNF134",0.283870847692562,0.960838529038601,1.14898453327819,1,2372.46676115985,-0.390663942596816
"8145","RCBTB1",0.283906471278154,0.960838529038601,1.14881449783642,1,2372.46676115985,0.230305984899476
"4267","ZNF451",0.283908408275991,0.960838529038601,1.14880525309957,1,2372.46676115985,0.143180948475081
"4270","PRIM2",0.283949837928123,0.960838529038601,1.14860754035059,1,2372.46676115985,-0.168367981343588
"701","ZNF697",0.2840645676352,0.960838529038601,1.14806021199468,1,2372.46676115985,0.384813830205617
"702","PHGDH",0.284164314586401,0.960838529038601,1.14758458784633,1,2372.46676115985,0.844092636207209
"377","TMEM269",0.28419816480147,0.960838529038601,1.14742322769726,1,2372.46676115985,-1.35551495077734
"11649","C20orf194",0.284204426072472,0.960838529038601,1.14739338359594,1,2372.46676115985,-0.101324836639356
"2084","COPS7B",0.284264771730303,0.960838529038601,1.14710579111607,1,2372.46676115985,0.255429780868871
"6832","AGBL2",0.284291250852699,0.960838529038601,1.14697962259671,1,2372.46676115985,0.908990309580269
"1355","ADCY3",0.284374858390483,0.960838529038601,1.14658134464483,1,2372.46676115985,-0.262857760894641
"5661","PLAA",0.284528950029649,0.960838529038601,1.14584769313841,1,2372.46676115985,-0.198137164969162
"8160","ALG11",0.284606337138917,0.960838529038601,1.14547943246879,1,2372.46676115985,0.384643555815004
"7916","TPCN1",0.284708034133558,0.960838529038601,1.14499568180818,1,2372.46676115985,0.100496197865857
"12792","UBL4A",0.284731264393388,0.960838529038601,1.14488521121912,1,2372.46676115985,-0.310075854440958
"1587","MRPL53",0.284770239963133,0.960838529038601,1.14469989010193,1,2372.46676115985,-1.35095479478067
"4168","CDKN1A",0.284773464064132,0.960838529038601,1.14468456158063,1,2372.46676115985,0.138286124804188
"7231","PIH1D2",0.284779403413653,0.960838529038601,1.14465632437965,1,2372.46676115985,-1.38443208033974
"11884","PFDN4",0.284891720961353,0.960838529038601,1.14412247834293,1,2372.46676115985,-0.30409156549911
"2268","WDR48",0.284956657306429,0.960838529038601,1.14381395724514,1,2372.46676115985,0.208292404308464
"5917","MEGF9",0.285026484500141,0.960838529038601,1.14348229858249,1,2372.46676115985,0.122508219689502
"6168","MINDY3",0.285038463248274,0.960838529038601,1.14342541340473,1,2372.46676115985,0.182589994627486
"6938","NUDT22",0.285066299688995,0.960838529038601,1.14329323426817,1,2372.46676115985,0.206010633371454
"11343","SAE1",0.285273191151543,0.960838529038601,1.14231133941269,1,2372.46676115985,0.219818045266049
"7878","ANKRD13A",0.285342307548087,0.960838529038601,1.14198351834313,1,2372.46676115985,-0.181090315964697
"10418","MRPL12",0.285386927632142,0.960838529038601,1.14177193751273,1,2372.46676115985,0.266157089178835
"6867","MS4A6E",0.28540053268104,0.960838529038601,1.14170743304222,1,2372.46676115985,-0.775087617960694
"322","MRPS15",0.285416786507591,0.960838529038601,1.14163037526146,1,2372.46676115985,-0.196561057534425
"12825","MT-CO2",0.285582618005269,0.960838529038601,1.14084450271295,1,2372.46676115985,-0.0481114060057329
"2967","QDPR",0.28567710536233,0.960838529038601,1.14039698778288,1,2372.46676115985,0.203597385152916
"9631","CRISPLD2",0.285715710204501,0.960838529038601,1.1402141999951,1,2372.46676115985,-0.539927054734279
"1451","THUMPD2",0.285771971887422,0.960838529038601,1.13994786601058,1,2372.46676115985,-0.222545260305372
"4093","ATF6B",0.285828220396096,0.960838529038601,1.13968166092841,1,2372.46676115985,-0.213136987606487
"6520","TCF7L2",0.285834684286851,0.960838529038601,1.13965107379025,1,2372.46676115985,0.143432756831161
"1870","SCRN3",0.286082445745579,0.96110121532441,1.1384793278792,1,2372.46676115985,0.29379773452194
"12305","DESI1",0.286125009521089,0.96110121532441,1.13827815940815,1,2372.46676115985,0.180786189537506
"1255","HEATR1",0.286224803287264,0.96110121532441,1.13780665475436,1,2372.46676115985,-0.376958436701917
"6972","CAPN1",0.286305934512936,0.96110121532441,1.13742348055008,1,2372.46676115985,0.176688240810533
"9596","TMEM170A",0.286329156674483,0.96110121532441,1.13731383012303,1,2372.46676115985,-0.239625775640584
"11389","CD37",0.286361907159193,0.96110121532441,1.13715920804814,1,2372.46676115985,-0.157494355192372
"6947","TRMT112",0.286562433946594,0.961306921823056,1.13621296762553,1,2372.46676115985,0.119769558012529
"757","ADAMTSL4",0.286576821604505,0.961306921823056,1.13614510787791,1,2372.46676115985,0.232367109976879
"10564","RPL17",0.28685650817834,0.961306921823056,1.13482681858746,1,2372.46676115985,0.0705563595602654
"10522","KCTD1",0.287117944154321,0.961306921823056,1.133596028933,1,2372.46676115985,0.577076763382527
"3267","SLC10A7",0.287173148148708,0.961306921823056,1.13333632144155,1,2372.46676115985,-0.187050618684739
"2523","SENP7",0.287186927700096,0.961306921823056,1.13327150536575,1,2372.46676115985,-0.173727305623134
"4662","OSBPL3",0.287196675346117,0.961306921823056,1.13322565690203,1,2372.46676115985,-0.130365970614497
"6494","ATP5MD",0.287268423873286,0.961306921823056,1.13288824554674,1,2372.46676115985,0.0998177941360312
"3154","HPGDS",0.287276539801546,0.961306921823056,1.13285008556665,1,2372.46676115985,-10
"3729","CD14",0.287407921657849,0.961306921823056,1.13223253676344,1,2372.46676115985,-0.127393072776604
"6345","VDAC2",0.287439260817199,0.961306921823056,1.13208528283933,1,2372.46676115985,0.150450904595426
"11539","ZNF580",0.287709854210193,0.961306921823056,1.13081468901597,1,2372.46676115985,0.206729554195584
"7334","KCNJ1",0.2878796927833,0.961306921823056,1.13001797401438,1,2372.46676115985,-0.776111355048306
"5429","TRIQK",0.288037548588091,0.961306921823056,1.12927800634964,1,2372.46676115985,-0.261396644884395
"3957","TMEM14B",0.288095975978877,0.961306921823056,1.12900425190581,1,2372.46676115985,-0.120155505065921
"11316","ERCC1",0.288188439736352,0.961306921823056,1.12857116853954,1,2372.46676115985,0.221527655645779
"10551","C18orf25",0.288198425238511,0.961306921823056,1.12852440884931,1,2372.46676115985,0.178057912672284
"5478","DCSTAMP",0.288234553910398,0.961306921823056,1.12835524424583,1,2372.46676115985,-0.339408080814031
"8510","PTGR2",0.288238363419383,0.961306921823056,1.12833740862603,1,2372.46676115985,0.276169904511151
"2874","DLG1",0.288268347751037,0.961306921823056,1.1281970364036,1,2372.46676115985,0.126085165583236
"10873","ELOF1",0.288353767028156,0.961306921823056,1.12779724628011,1,2372.46676115985,0.248393037084334
"8514","ENTPD5",0.288590433914096,0.961306921823056,1.12669035493409,1,2372.46676115985,0.262861154163656
"10251","MRC2",0.288626345785898,0.961306921823056,1.12652249604181,1,2372.46676115985,-0.238645104416467
"7669","RPL41",0.288659349961521,0.961306921823056,1.12636825171968,1,2372.46676115985,0.0574998310687698
"1157","CENPF",0.288661020358541,0.961306921823056,1.12636044575126,1,2372.46676115985,0.951047444008967
"6127","NET1",0.288669038456207,0.961306921823056,1.1263229770063,1,2372.46676115985,-0.772530408256135
"12774","SSR4",0.288823107454381,0.961306921823056,1.1256032664958,1,2372.46676115985,0.103022159431758
"3963","ADTRP",0.288876797410723,0.961306921823056,1.12535257667476,1,2372.46676115985,0.539498258335283
"10609","TIMM21",0.289059559911741,0.961306921823056,1.12449966428857,1,2372.46676115985,-0.409418098293281
"7336","C11orf45",0.289176036096134,0.961306921823056,1.12395645384655,1,2372.46676115985,0.549533754058722
"3758","RBM27",0.289206472616362,0.961306921823056,1.12381455285742,1,2372.46676115985,-0.156309374161304
"4828","RSBN1L",0.289227123316846,0.961306921823056,1.12371828609963,1,2372.46676115985,0.121641248345728
"5816","PHF2",0.289304905168065,0.961306921823056,1.12335577134216,1,2372.46676115985,-0.242122369949412
"6015","TOR1A",0.289507389806854,0.961306921823056,1.12241264142806,1,2372.46676115985,0.216566630536769
"803","CHTOP",0.289539289416057,0.961306921823056,1.12226413654749,1,2372.46676115985,-0.219560180432895
"5239","PEBP4",0.289612566612222,0.961306921823056,1.12192308212111,1,2372.46676115985,-10
"5899","WDR31",0.289639553254995,0.961306921823056,1.12179750576044,1,2372.46676115985,0.556411036712553
"10214","MRPS23",0.289653223238845,0.961306921823056,1.12173390121028,1,2372.46676115985,-0.242118447815295
"12232","PVALB",0.289727709521498,0.961306921823056,1.12138739401336,1,2372.46676115985,-1.36914112507128
"12357","PIM3",0.289756621374061,0.961306921823056,1.12125292782413,1,2372.46676115985,0.192921233258727
"5235","C8orf58",0.289858777093143,0.961306921823056,1.12077794853624,1,2372.46676115985,-0.733995944997836
"11582","ZNF586",0.289865018111378,0.961306921823056,1.12074893745549,1,2372.46676115985,0.166234382044535
"9934","TLCD1",0.289916484692908,0.961306921823056,1.12050972781828,1,2372.46676115985,1.35530048593121
"8039","PSPC1",0.289946330465363,0.961306921823056,1.12037103354514,1,2372.46676115985,-0.123261583472981
"4919","PILRB",0.289973792924889,0.961306921823056,1.12024343068249,1,2372.46676115985,0.221778034149535
"3789","ANXA6",0.289981778007715,0.961306921823056,1.12020633130955,1,2372.46676115985,-0.191667384182307
"8369","FKBP3",0.290033815143696,0.961306921823056,1.11996459425348,1,2372.46676115985,-0.178217281361085
"8950","ARID3B",0.290138917714296,0.961306921823056,1.11947651180974,1,2372.46676115985,-0.376458965942242
"1638","THNSL2",0.29013931947663,0.961306921823056,1.11947464651113,1,2372.46676115985,0.629100843263388
"705","NBPF26",0.290205754108886,0.961306921823056,1.11916624968239,1,2372.46676115985,-0.428979182661645
"7527","AMN1",0.290241175602211,0.961306921823056,1.11900185603131,1,2372.46676115985,0.271296199193108
"3086","USO1",0.290759177359222,0.962239326115086,1.11660069281719,1,2372.46676115985,-0.1287099044224
"4443","VNN3",0.290780181162181,0.962239326115086,1.11650344620932,1,2372.46676115985,0.663722681068387
"9062","UNC45A",0.290884382550188,0.962239326115086,1.11602113124266,1,2372.46676115985,0.258891060058652
"3941","LY86",0.290989738700506,0.962239326115086,1.1155336953563,1,2372.46676115985,0.118817578166228
"6734","SAAL1",0.291022018915721,0.962239326115086,1.11538439428098,1,2372.46676115985,-0.511981160337181
"3064","RUFY3",0.291056431125147,0.962239326115086,1.11522525567098,1,2372.46676115985,0.140710054865937
"11145","COX7A1",0.291237829569344,0.962239326115086,1.11438677878094,1,2372.46676115985,-10
"3242","NDUFC1",0.291265706045041,0.962239326115086,1.11425798461767,1,2372.46676115985,-0.133788503672338
"8504","HEATR4",0.291277895390455,0.962239326115086,1.11420167266772,1,2372.46676115985,-1.05403281007864
"4338","UFL1",0.291329412125225,0.962239326115086,1.11396371051773,1,2372.46676115985,0.168685222496542
"8377","POLE2",0.291465235423287,0.962239326115086,1.11333658341006,1,2372.46676115985,0.594033116670136
"2325","SETD2",0.29146944801968,0.962239326115086,1.11331713885903,1,2372.46676115985,-0.102124529131022
"6729","PIK3C2A",0.291496844372532,0.962239326115086,1.11319069121225,1,2372.46676115985,-0.133047563100141
"681","TRIM33",0.291843470123902,0.963091899278004,1.11159215240025,1,2372.46676115985,-0.123265385481026
"8385","DMAC2L",0.291905122030215,0.963091899278004,1.11130808544876,1,2372.46676115985,-0.315287663644701
"6687","PPFIBP2",0.292038021529817,0.963151199435567,1.11069599911098,1,2372.46676115985,0.154460476289797
"10337","MYO15B",0.292073107281528,0.963151199435567,1.11053446638297,1,2372.46676115985,-0.209181906932381
"9877","ATPAF2",0.292279282821963,0.963383180202179,1.10958574703168,1,2372.46676115985,0.224956698918594
"7557","RPAP3",0.292293502847729,0.963383180202179,1.10952034492952,1,2372.46676115985,0.211673786039714
"8935","PKM",0.29241004245001,0.963519978214159,1.10898449802013,1,2372.46676115985,-0.0797222799441864
"7168","MED17",0.292604289896243,0.963729506299848,1.10809195826207,1,2372.46676115985,0.213709050226794
"1634","PLGLB1",0.292623732190881,0.963729506299848,1.10800266534504,1,2372.46676115985,0.694629847509518
"933","HSPA6",0.293178149576264,0.965074876849418,1.10545957206123,1,2372.46676115985,0.339182840028878
"12269","NPTXR",0.293271281857362,0.965074876849418,1.10503298085877,1,2372.46676115985,-10
"2861","UBXN7",0.293306939221347,0.965074876849418,1.10486969863865,1,2372.46676115985,0.143893313840829
"7007","PACS1",0.293332859149854,0.965074876849418,1.10475102202572,1,2372.46676115985,-0.124948614253834
"8712","GOLGA8B",0.293574033976605,0.965387444661013,1.10364742520953,1,2372.46676115985,0.428521168822558
"8435","JKAMP",0.293578223767717,0.965387444661013,1.1036282633108,1,2372.46676115985,-0.164224729964869
"7441","CLEC2D",0.293684178846142,0.965400104531637,1.10314379685602,1,2372.46676115985,-0.159692304696111
"4488","FBXO30",0.294217819382866,0.965400104531637,1.10070718784239,1,2372.46676115985,0.288374077032166
"10380","DNAH17",0.294418779748541,0.965400104531637,1.09979106657132,1,2372.46676115985,-0.32904423783364
"1396","MRPL33",0.294439856303378,0.965400104531637,1.09969503093797,1,2372.46676115985,0.140557954292184
"3449","PARP8",0.294498359985286,0.965400104531637,1.09942850417838,1,2372.46676115985,-0.108714774011964
"9887","SHMT1",0.2945157063402,0.965400104531637,1.09934949196776,1,2372.46676115985,0.213367785845975
"998","RC3H1",0.294629365648659,0.965400104531637,1.09883192411628,1,2372.46676115985,-0.114006732369269
"10180","SAMD14",0.294668477659058,0.965400104531637,1.09865387977317,1,2372.46676115985,-10
"10789","STXBP2",0.294716552112334,0.965400104531637,1.09843507837646,1,2372.46676115985,0.147166536148131
"1465","PREPL",0.294949976360992,0.965400104531637,1.09737334356862,1,2372.46676115985,0.202618960127874
"8134","MED4",0.294978539966018,0.965400104531637,1.09724349538083,1,2372.46676115985,-0.14825022906575
"1402","SPDYA",0.295020527849317,0.965400104531637,1.09705265059277,1,2372.46676115985,0.462971995649261
"569","GBP1",0.295027884986698,0.965400104531637,1.09701921425966,1,2372.46676115985,-0.18099944270413
"4193","PRICKLE4",0.295083106998855,0.965400104531637,1.09676827825275,1,2372.46676115985,1.10727265583947
"12668","RNF128",0.295164381820106,0.965400104531637,1.09639906434247,1,2372.46676115985,0.993982668464205
"9380","DCTPP1",0.295302402630713,0.965400104531637,1.09577236412538,1,2372.46676115985,-0.433863419671385
"6834","NUP160",0.295315611169652,0.965400104531637,1.09571240883867,1,2372.46676115985,0.169985648793783
"12413","TRAPPC2",0.295435565395358,0.965400104531637,1.09516807823007,1,2372.46676115985,0.307859177593658
"1395","SLC4A1AP",0.29550231725742,0.965400104531637,1.09486529302806,1,2372.46676115985,-0.218418131512191
"2406","ACY1",0.295534625814305,0.965400104531637,1.09471877350786,1,2372.46676115985,0.389268659593565
"6174","ST8SIA6",0.295578689284072,0.965400104531637,1.09451897848132,1,2372.46676115985,1.5185063691864
"6008","DOLPP1",0.295643692946148,0.965400104531637,1.09422430499035,1,2372.46676115985,0.594418676404207
"2475","EOGT",0.295712204537303,0.965400104531637,1.09391381932836,1,2372.46676115985,-0.296653480173364
"6133","IL15RA",0.295789999817972,0.965400104531637,1.09356137301302,1,2372.46676115985,-0.259451482406533
"5184","DEFB1",0.295806372305843,0.965400104531637,1.09348721369387,1,2372.46676115985,-1.60645970143329
"5186","CLDN23",0.295820058511454,0.965400104531637,1.0934252259518,1,2372.46676115985,-0.497787917045938
"1443","GEMIN6",0.296033002028008,0.965400104531637,1.09246123297744,1,2372.46676115985,-0.309891298563624
"2580","HCLS1",0.296159800006453,0.965400104531637,1.09188764233401,1,2372.46676115985,0.0903547359980406
"9406","ZNF646",0.296262324820903,0.965400104531637,1.09142408549455,1,2372.46676115985,0.340182305637942
"10065","NKIRAS2",0.296367519547264,0.965400104531637,1.09094867078213,1,2372.46676115985,-0.237877120304556
"2442","TASOR",0.296478882838766,0.965400104531637,1.09044561389994,1,2372.46676115985,0.124793423649218
"11129","PSENEN",0.296499391612951,0.965400104531637,1.09035299688729,1,2372.46676115985,-0.202633197986474
"1565","SFXN5",0.296636982069538,0.965400104531637,1.08973185503399,1,2372.46676115985,0.180887622299292
"3684","JADE2",0.296651063822759,0.965400104531637,1.08966830487023,1,2372.46676115985,-0.288634579376883
"1737","DPP10",0.296728246814802,0.965400104531637,1.08932005111478,1,2372.46676115985,-1.15730823399742
"1266","EXO1",0.29673728706429,0.965400104531637,1.08927926863713,1,2372.46676115985,-10
"12012","CHAF1B",0.296870909660534,0.965400104531637,1.08867665480542,1,2372.46676115985,-1.32270260512152
"5168","DNAJB6",0.296916220453152,0.965400104531637,1.0884723903539,1,2372.46676115985,-0.0850378920373981
"11178","CATSPERG",0.296956933253875,0.965400104531637,1.08828888812916,1,2372.46676115985,0.314367026809768
"11265","PINLYP",0.296967342941139,0.965400104531637,1.08824197439155,1,2372.46676115985,-1.02919867660904
"11915","MTG2",0.297018920747217,0.965400104531637,1.08800955785813,1,2372.46676115985,-0.251299136717241
"2470","MAGI1",0.297128152568364,0.965400104531637,1.08751751563608,1,2372.46676115985,0.726721480235066
"1259","CHRM3",0.297136606924982,0.965400104531637,1.08747944209315,1,2372.46676115985,-2.21263870329905
"8131","ESD",0.297153190376359,0.965400104531637,1.08740476383976,1,2372.46676115985,0.161639373750994
"10631","BSG",0.297185988052124,0.965400104531637,1.08725708578781,1,2372.46676115985,0.102499247870037
"8665","NUDT14",0.29721038989624,0.965400104531637,1.08714722521556,1,2372.46676115985,0.218620984388077
"9956","GOSR1",0.297275620637258,0.965400104531637,1.08685360401141,1,2372.46676115985,-0.13389366487728
"7589","RACGAP1",0.29728899064938,0.965400104531637,1.08679343219052,1,2372.46676115985,-0.305202082313962
"6191","MSRB2",0.297329239111234,0.965400104531637,1.08661231472282,1,2372.46676115985,-0.171369442661732
"1491","SPTBN1",0.297341127125818,0.965400104531637,1.08655882486209,1,2372.46676115985,-0.901027848598382
"467","TCEANC2",0.297634126373077,0.965861646340811,1.08524134883252,1,2372.46676115985,0.221195103909958
"6684","ZNF214",0.297657640723466,0.965861646340811,1.08513568839693,1,2372.46676115985,-1.43081807641541
"9131","NME3",0.297773865627602,0.965861646340811,1.08461359568522,1,2372.46676115985,0.169925419533418
"8303","PCK2",0.297920281488192,0.965861646340811,1.08395625511882,1,2372.46676115985,0.229340586174283
"7245","C11orf71",0.297964267193062,0.965861646340811,1.08375886042578,1,2372.46676115985,-0.503632693945345
"5037","CALU",0.298100543464463,0.965861646340811,1.08314753097252,1,2372.46676115985,0.129900149809514
"867","PMF1",0.298158176845363,0.965861646340811,1.08288909820688,1,2372.46676115985,0.161776015074882
"12541","SMC1A",0.29817451526272,0.965861646340811,1.0828158470985,1,2372.46676115985,-0.200003001822147
"2375","MON1A",0.298221738254396,0.965861646340811,1.08260415814148,1,2372.46676115985,-0.555085768338545
"8819","TRPM7",0.298280790722954,0.965861646340811,1.08233950121005,1,2372.46676115985,0.104416918035688
"10973","F2RL3",0.298310668124574,0.965861646340811,1.08220562457251,1,2372.46676115985,1.34340397999128
"9369","MAPK3",0.298574742020562,0.965956296674325,1.08102309397795,1,2372.46676115985,-0.242857174293673
"8214","CCDC168",0.298606736281007,0.965956296674325,1.08087991410487,1,2372.46676115985,-1.63695712741804
"126","SLC25A34",0.298862461959979,0.965956296674325,1.07973620601818,1,2372.46676115985,0.567566985587127
"4548","PRKN",0.298918031813046,0.965956296674325,1.07948784179185,1,2372.46676115985,0.131913555459767
"1334","LAPTM4A",0.298937198314144,0.965956296674325,1.07940219269742,1,2372.46676115985,0.0912290405736319
"3505","GTF2H2C",0.298992711853913,0.965956296674325,1.07915415992751,1,2372.46676115985,0.470331068603518
"11076","UQCRFS1",0.299034826931111,0.965956296674325,1.07896603059755,1,2372.46676115985,0.139277662334482
"4533","TMEM181",0.299087743820288,0.965956296674325,1.07872969757161,1,2372.46676115985,-0.152371493428639
"7512","ARNTL2",0.299113327816929,0.965956296674325,1.07861545574077,1,2372.46676115985,-0.430755990265097
"10668","TCF3",0.299164198190352,0.965956296674325,1.07838833841479,1,2372.46676115985,-0.33148334125588
"571","GBP4",0.299167369509679,0.965956296674325,1.0783741812975,1,2372.46676115985,-0.265296498093657
"5709","CREB3",0.29924796223031,0.965973625691156,1.07801447136164,1,2372.46676115985,-0.219444478415229
"1058","CFH",0.299380618866757,0.966028952687312,1.07742265571001,1,2372.46676115985,-0.497398359265045
"7932","WSB2",0.29946795630962,0.966028952687312,1.07703320497577,1,2372.46676115985,-0.197234946201082
"4005","BTN3A2",0.299508274056625,0.966028952687312,1.07685347143042,1,2372.46676115985,0.219478560604792
"2284","SEC22C",0.299615475077945,0.966028952687312,1.07637572865625,1,2372.46676115985,0.213052333813396
"11692","KAT14",0.29964125212628,0.966028952687312,1.07626088571958,1,2372.46676115985,-0.425423004886465
"10767","KHSRP",0.299744262529477,0.966118309929043,1.075802076613,1,2372.46676115985,0.157074696859197
"5607","C8orf33",0.299897856798707,0.966118309929043,1.07511834354177,1,2372.46676115985,0.285280527715096
"6203","ACBD5",0.299982930401751,0.966118309929043,1.0747398279146,1,2372.46676115985,0.16012986366556
"1260","RGS7",0.300104589951664,0.966118309929043,1.07419877162514,1,2372.46676115985,-10
"1537","PLEK",0.300111260129069,0.966118309929043,1.07416911552792,1,2372.46676115985,-0.111899805244353
"8257","PNP",0.300197909412899,0.966118309929043,1.07378394361112,1,2372.46676115985,-0.331202551370825
"838","SLC50A1",0.30031131423087,0.966118309929043,1.07328005479785,1,2372.46676115985,-0.213758505371803
"3577","ADGRV1",0.300490880507167,0.966118309929043,1.07248269367479,1,2372.46676115985,-1.37228317905322
"7172","FUT4",0.300498668538276,0.966118309929043,1.07244812494319,1,2372.46676115985,-0.375213017236463
"8764","ZNF106",0.300510766133459,0.966118309929043,1.07239442964036,1,2372.46676115985,0.0848901823586136
"10422","ARHGDIA",0.300513299874643,0.966118309929043,1.07238318395642,1,2372.46676115985,0.123070088766205
"7957","C12orf43",0.30066139020779,0.966118309929043,1.0717261163005,1,2372.46676115985,-0.395816591403395
"8329","STXBP6",0.300708767881301,0.966118309929043,1.07151599255914,1,2372.46676115985,1.10908893560304
"5003","SMIM30",0.300722286799033,0.966118309929043,1.07145604291166,1,2372.46676115985,0.174879264739566
"8541","TGFB3",0.301026812217615,0.966563075421801,1.07010654467426,1,2372.46676115985,1.1646056101897
"6899","EEF1G",0.301095036056983,0.966563075421801,1.06980445343697,1,2372.46676115985,0.0833948120696839
"684","NRAS",0.301111193676222,0.966563075421801,1.06973292135552,1,2372.46676115985,0.215714902085604
"3022","GUF1",0.301249759944703,0.966563075421801,1.06911967193435,1,2372.46676115985,-0.302151569936036
"2842","FGF12",0.30124984202163,0.966563075421801,1.06911930879627,1,2372.46676115985,-0.963059305775067
"5687","FAM219A",0.301397444681511,0.966563075421801,1.06846646750223,1,2372.46676115985,0.244950346144641
"4068","APOM",0.301455676214158,0.966563075421801,1.06820902494432,1,2372.46676115985,0.878086296236291
"12212","YWHAH",0.301503782920464,0.966563075421801,1.06799639279438,1,2372.46676115985,0.142237822772406
"9266","ARL6IP1",0.301628369835669,0.966563075421801,1.06744592071154,1,2372.46676115985,0.0979052691684285
"9801","TNFSF13",0.301635809521941,0.966563075421801,1.06741305864757,1,2372.46676115985,0.20290099255646
"3228","INTU",0.301688716321983,0.966563075421801,1.06717939257467,1,2372.46676115985,-0.396883230980451
"3045","CLOCK",0.301829389583494,0.966710480089495,1.06655835775056,1,2372.46676115985,-0.146361381763067
"10931","PODNL1",0.301885291266948,0.966710480089495,1.06631167046973,1,2372.46676115985,1.0443105025775
"1745","TMEM37",0.301996638315247,0.966825936825254,1.06582048520633,1,2372.46676115985,0.223842246911601
"5856","CAVIN4",0.302320447513546,0.966899703485949,1.06439339300584,1,2372.46676115985,1.37911305325774
"12750","MCF2",0.302337772548306,0.966899703485949,1.06431709371748,1,2372.46676115985,-1.50000460053477
"12380","GTPBP6",0.302400100282156,0.966899703485949,1.06404264965116,1,2372.46676115985,-0.317625533085688
"9777","ASGR2",0.302408210074301,0.966899703485949,1.06400694564774,1,2372.46676115985,-1.00634787143629
"6855","ZFP91",0.302460473947356,0.966899703485949,1.06377687945517,1,2372.46676115985,0.129087265061493
"11748","RALY",0.302471467090029,0.966899703485949,1.06372849404464,1,2372.46676115985,-0.128666832657372
"12752","SLITRK4",0.302615248665803,0.966987772656389,1.06309586032595,1,2372.46676115985,0.742917023739193
"11549","ZNF583",0.302649626844173,0.966987772656389,1.06294465509335,1,2372.46676115985,-0.561125022311301
"4691","NT5C3A",0.302928929824982,0.967639399970794,1.06171702107134,1,2372.46676115985,-0.12662808538904
"2670","DBR1",0.303648980041378,0.969698222509659,1.05855888347797,1,2372.46676115985,-0.298080596175296
"11172","ZNF607",0.303761221419685,0.969815475944847,1.05806746535087,1,2372.46676115985,0.878538724778519
"5697","FANCG",0.303848367175965,0.969852568458008,1.05768608342621,1,2372.46676115985,0.774240447557826
"717","NUDT17",0.303958319078632,0.96996241930634,1.05720509518944,1,2372.46676115985,0.565058784869403
"12689","PGRMC1",0.304175185564914,0.970213240664029,1.05625706491188,1,2372.46676115985,0.235313764306569
"12512","SLC35A2",0.304272250678406,0.970213240664029,1.0558330286821,1,2372.46676115985,-0.501931361653173
"5772","FRMD3",0.30428745405611,0.970213240664029,1.05576662743877,1,2372.46676115985,-0.258643368962868
"274","CCDC28B",0.304427147973998,0.970213240664029,1.05515671059706,1,2372.46676115985,-0.620823722076315
"2146","CAV3",0.304534916586971,0.970213240664029,1.05468643006565,1,2372.46676115985,-10
"5639","PSIP1",0.304543341828955,0.970213240664029,1.05464967308286,1,2372.46676115985,-0.202190556538336
"11813","CHD6",0.304596238180398,0.970213240664029,1.0544189311079,1,2372.46676115985,0.129597294077428
"2501","ARL13B",0.304670128377624,0.970213240664029,1.05409669757393,1,2372.46676115985,-0.269446109309303
"11955","SMIM34B",0.304800407850078,0.970213240664029,1.05352879797623,1,2372.46676115985,1.06162328435549
"10064","DNAJC7",0.304862808359785,0.970213240664029,1.05325689998794,1,2372.46676115985,-0.112209330557117
"4997","DOCK4",0.304868034115673,0.970213240664029,1.05323413305061,1,2372.46676115985,-0.0720563624394683
"3095","STBD1",0.30496107290492,0.970268864512406,1.05282887752834,1,2372.46676115985,0.657052050585504
"8952","EDC3",0.305100207778141,0.970343949993469,1.05222313669145,1,2372.46676115985,0.305082266294658
"1177","TLR5",0.305177584823594,0.970343949993469,1.05188642093386,1,2372.46676115985,0.269081156449173
"2194","C3orf20",0.305211370923107,0.970343949993469,1.05173943122961,1,2372.46676115985,-0.533303072561172
"719","ANKRD35",0.305430316312592,0.970410627636127,1.05078739858066,1,2372.46676115985,0.627877626860847
"12560","SPIN2B",0.305606237725283,0.970410627636127,1.05002308589286,1,2372.46676115985,0.702090925215887
"4404","ZUP1",0.305672072219284,0.970410627636127,1.0497372062174,1,2372.46676115985,-0.252949728446196
"4867","SAMD9L",0.30576384781641,0.970410627636127,1.04933881300813,1,2372.46676115985,-0.0977579052847729
"4735","PPIA",0.305789661396757,0.970410627636127,1.04922678548568,1,2372.46676115985,0.0784502231798258
"6932","COX8A",0.305931959562863,0.970410627636127,1.04860945018955,1,2372.46676115985,0.0907529708658705
"1325","GREB1",0.306060953417077,0.970410627636127,1.04805015478546,1,2372.46676115985,0.961407645887021
"11564","ZNF548",0.306120552384212,0.970410627636127,1.04779184699265,1,2372.46676115985,-0.59557267816922
"3795","SPARC",0.306178529248442,0.970410627636127,1.04754063210088,1,2372.46676115985,0.240285077735476
"5559","TIGD5",0.306416978486982,0.970410627636127,1.04650807492657,1,2372.46676115985,-0.721656380713974
"5878","MUSK",0.306430595155457,0.970410627636127,1.04644914209059,1,2372.46676115985,1.30486576102045
"1475","MCFD2",0.306554901483008,0.970410627636127,1.04591130222659,1,2372.46676115985,-0.140662467975903
"725","TXNIP",0.306643538263342,0.970410627636127,1.04552796756234,1,2372.46676115985,0.0719688843432706
"7692","ZBTB39",0.306863156014907,0.970410627636127,1.04457878778887,1,2372.46676115985,0.545781282178737
"9109","METRN",0.306919751649511,0.970410627636127,1.04433432635887,1,2372.46676115985,-0.698406886522848
"2486","SHQ1",0.307112626893929,0.970410627636127,1.04350165247953,1,2372.46676115985,0.261705603445086
"8521","ISCA2",0.307449711479454,0.970410627636127,1.04204803156365,1,2372.46676115985,0.194964367391712
"11998","DONSON",0.307479762651023,0.970410627636127,1.04191854134776,1,2372.46676115985,-0.471814513672117
"4056","HLA-C",0.307503832082125,0.970410627636127,1.04181483824403,1,2372.46676115985,0.064758124196028
"5883","DNAJC25",0.30782663514331,0.970410627636127,1.04042505944683,1,2372.46676115985,0.233988283387422
"4099","AGER",0.307830987493325,0.970410627636127,1.04040633400642,1,2372.46676115985,-0.704873586133138
"9020","HDGFL3",0.307913633982045,0.970410627636127,1.04005082308911,1,2372.46676115985,-0.498412896382311
"5509","FAM91A1",0.307938396433446,0.970410627636127,1.03994432942099,1,2372.46676115985,-0.116490222159165
"4561","ERMARD",0.308067748413697,0.970410627636127,1.03938821763646,1,2372.46676115985,0.316651641243036
"12646","ZMAT1",0.308169120737636,0.970410627636127,1.03895260832149,1,2372.46676115985,-0.221914997667543
"3248","SCOC",0.308253972299519,0.970410627636127,1.03858813384451,1,2372.46676115985,0.191127493411729
"7436","M6PR",0.308484259548714,0.970410627636127,1.03759960626766,1,2372.46676115985,0.0907461899567426
"3593","ERAP1",0.308611020589816,0.970410627636127,1.03705588285204,1,2372.46676115985,0.182125275734924
"12416","GEMIN8",0.308715308684876,0.970410627636127,1.03660877153035,1,2372.46676115985,0.362573058290621
"4464","HEBP2",0.308732025709206,0.970410627636127,1.03653711937498,1,2372.46676115985,0.16061998743853
"3410","DNAJC21",0.308736003808439,0.970410627636127,1.03652006927323,1,2372.46676115985,0.153924330393248
"2416","BAP1",0.308846439407095,0.970410627636127,1.03604685715432,1,2372.46676115985,-0.286926090925655
"12070","C21orf58",0.308892173043785,0.970410627636127,1.03585095475826,1,2372.46676115985,0.58383606640666
"10691","GADD45B",0.309104350201782,0.970410627636127,1.03494257602537,1,2372.46676115985,0.345523666622679
"454","ZYG11B",0.309128403417137,0.970410627636127,1.03483964990144,1,2372.46676115985,0.13097186807895
"8253","TEP1",0.309218887222805,0.970410627636127,1.03445255387379,1,2372.46676115985,-0.211151676240968
"12816","USP9Y",0.309496068312871,0.970410627636127,1.03326767017118,1,2372.46676115985,-0.118849652618886
"5110","ARHGEF35",0.309552087136519,0.970410627636127,1.03302837060856,1,2372.46676115985,0.875659284709278
"12395","PUDP",0.309564014815653,0.970410627636127,1.03297742557499,1,2372.46676115985,0.208532491831915
"8540","IFT43",0.309574499861962,0.970410627636127,1.03293264436714,1,2372.46676115985,0.241794458811658
"8912","IQCH",0.309610214935189,0.970410627636127,1.03278012154465,1,2372.46676115985,0.638644474891046
"617","AMY2B",0.309656665782342,0.970410627636127,1.03258178536291,1,2372.46676115985,0.27098221487605
"11299","TOMM40",0.309661782429416,0.970410627636127,1.03255994063115,1,2372.46676115985,-0.312291572720508
"7039","RPS6KB2",0.309662832399509,0.970410627636127,1.03255545800462,1,2372.46676115985,0.205492070017682
"794","S100A11",0.30968081182286,0.970410627636127,1.0324787017061,1,2372.46676115985,0.0572880388971698
"7776","ACSS3",0.309727186827497,0.970410627636127,1.03228074805558,1,2372.46676115985,-0.973560549167919
"8893","PDCD7",0.309825401354213,0.970410627636127,1.03186164254276,1,2372.46676115985,-0.212714651970885
"9854","ADORA2B",0.309915391944423,0.970410627636127,1.03147778234892,1,2372.46676115985,0.661123311935281
"6324","DNAJC9",0.309953759579656,0.970410627636127,1.03131416703542,1,2372.46676115985,-0.295049313278872
"11270","CADM4",0.310012141902509,0.970410627636127,1.03106525146417,1,2372.46676115985,-1.29545726037988
"7570","CACNB3",0.310108033500432,0.970410627636127,1.0306565458561,1,2372.46676115985,0.614772917678707
"8789","EIF3J",0.310114614163554,0.970410627636127,1.03062850403067,1,2372.46676115985,-0.156829370275201
"6775","NAT10",0.310141175589923,0.970410627636127,1.03051532712767,1,2372.46676115985,-0.361527225809554
"3516","TNPO1",0.310145081005882,0.970410627636127,1.03049868741059,1,2372.46676115985,-0.109507135588425
"11854","EYA2",0.310296641811465,0.970410627636127,1.02985314636291,1,2372.46676115985,-0.705418949723284
"5868","TMEM38B",0.310363118712345,0.970410627636127,1.02957013163913,1,2372.46676115985,-0.273333573703962
"12672","PRPS1",0.310365762820828,0.970410627636127,1.02955887640438,1,2372.46676115985,0.284333581100318
"3692","TIFAB",0.310368571354946,0.970410627636127,1.02954692139217,1,2372.46676115985,0.504273701071951
"10207","C17orf67",0.310474843913861,0.970410627636127,1.02909465731794,1,2372.46676115985,0.332171117190266
"7893","PHETA1",0.310518859612466,0.970410627636127,1.02890739876881,1,2372.46676115985,-0.384318457383945
"11790","TLDC2",0.31058395924995,0.970410627636127,1.02863050495702,1,2372.46676115985,-1.32489810937874
"12360","SELENOO",0.310714088286658,0.970410627636127,1.02807724259502,1,2372.46676115985,-0.169225404845368
"5678","NFX1",0.310839243889492,0.970410627636127,1.02754541018137,1,2372.46676115985,-0.14076617691657
"1861","HAT1",0.310870614888363,0.970410627636127,1.02741214693763,1,2372.46676115985,-0.211884668534318
"7102","PPME1",0.311128922083694,0.970410627636127,1.02631552993633,1,2372.46676115985,-0.180902048257916
"1640","RPIA",0.311206232785927,0.970410627636127,1.02598754585544,1,2372.46676115985,0.436195370717577
"11733","KIF3B",0.311223480330205,0.970410627636127,1.02591438910301,1,2372.46676115985,-0.289281446029868
"11131","PROSER3",0.311289212281927,0.970410627636127,1.02563563053722,1,2372.46676115985,0.498580183477833
"11910","CDH26",0.311309336010974,0.970410627636127,1.02555030439962,1,2372.46676115985,0.513618334325856
"6744","NAV2",0.311369228737753,0.970410627636127,1.02529639723053,1,2372.46676115985,-0.516507338612022
"5460","POLR2K",0.311425558513671,0.970410627636127,1.02505765280293,1,2372.46676115985,-0.166209722532986
"2970","FAM184B",0.311454214405454,0.970410627636127,1.02493622115301,1,2372.46676115985,-0.510617884709106
"432","EFCAB14",0.311481958465153,0.970410627636127,1.02481866734169,1,2372.46676115985,0.113749403246701
"4288","EEF1A1",0.31161951237804,0.970410627636127,1.02423604191253,1,2372.46676115985,0.0597047750669052
"5879","LPAR1",0.311709574106469,0.970410627636127,1.02385475671824,1,2372.46676115985,0.208795354149878
"11523","HSPBP1",0.311765958638019,0.970410627636127,1.02361612036711,1,2372.46676115985,-0.507803398307018
"2362","RHOA",0.311779480390706,0.970410627636127,1.02355890059662,1,2372.46676115985,-0.067859776993475
"34","GNB1",0.311870354186539,0.970410627636127,1.02317443544744,1,2372.46676115985,-0.0799742989593368
"8022","NOC4L",0.312074103437542,0.970410627636127,1.02231295225258,1,2372.46676115985,0.419070383291893
"9546","PRMT7",0.312170658170208,0.970410627636127,1.02190496017362,1,2372.46676115985,0.248522476401821
"2659","ANAPC13",0.312180604834852,0.970410627636127,1.02186293989004,1,2372.46676115985,-0.245439237250093
"3601","PAM",0.312194527917813,0.970410627636127,1.02180412392164,1,2372.46676115985,0.118996605325189
"8696","GOLGA8N",0.312317071198437,0.970410627636127,1.02128660585404,1,2372.46676115985,-0.955602452737825
"2906","NSD2",0.312470853356069,0.970410627636127,1.02063753624414,1,2372.46676115985,-0.166407547140753
"10796","SNAPC2",0.312533306479377,0.970410627636127,1.02037405885353,1,2372.46676115985,-0.419541927429957
"1317","HPCAL1",0.312684882758568,0.970410627636127,1.01973487416568,1,2372.46676115985,-0.127996155886126
"8400","GPR137C",0.312731216036279,0.970410627636127,1.01953957125686,1,2372.46676115985,0.497752885217756
"7422","CD163L1",0.312776037845975,0.970410627636127,1.01935067539363,1,2372.46676115985,-0.196602536641745
"10208","DGKE",0.312791218023996,0.970410627636127,1.01928670845905,1,2372.46676115985,-0.339498984109189
"1417","SLC30A6",0.312801643358766,0.970410627636127,1.01924278004981,1,2372.46676115985,0.21630914910621
"8706","KATNBL1",0.312893243362182,0.970410627636127,1.01885689451624,1,2372.46676115985,0.127033643986318
"8431","KIAA0586",0.312942989267546,0.970410627636127,1.01864739054366,1,2372.46676115985,-0.228561077634224
"12542","HSD17B10",0.31310984203816,0.970410627636127,1.01794501056733,1,2372.46676115985,-0.317975103645413
"4613","DAGLB",0.313129924991904,0.970410627636127,1.01786050273746,1,2372.46676115985,-0.187700358060811
"10100","BRCA1",0.313235695825931,0.970410627636127,1.01741554238373,1,2372.46676115985,-0.40746071773375
"1073","IPO9",0.313291241627264,0.970410627636127,1.01718194899472,1,2372.46676115985,0.154292293027308
"12474","GPR34",0.313305316572352,0.970410627636127,1.01712276653863,1,2372.46676115985,-0.212248193387216
"755","TARS2",0.313352253044,0.970410627636127,1.01692543273814,1,2372.46676115985,-0.335046395557437
"5208","ZDHHC2",0.313563928465496,0.970410627636127,1.01603597072656,1,2372.46676115985,0.182371181731449
"12445","SMS",0.313593600443527,0.970410627636127,1.01591135150203,1,2372.46676115985,0.119190232163592
"1024","IER5",0.313626932366205,0.970410627636127,1.01577137926422,1,2372.46676115985,-0.182431721091185
"6192","OTUD1",0.313659996950837,0.970410627636127,1.01563254887521,1,2372.46676115985,-0.344282596573419
"4541","ACAT2",0.31368362371593,0.970410627636127,1.01553335737807,1,2372.46676115985,-0.404212034644274
"1053","RGS2",0.313749238268025,0.970410627636127,1.01525794108778,1,2372.46676115985,-0.187098801688627
"1026","GLUL",0.313796263270022,0.970410627636127,1.01506060051053,1,2372.46676115985,0.0746964374258412
"3638","SNX2",0.313851776771155,0.970410627636127,1.01482768765808,1,2372.46676115985,-0.0798764503704476
"11707","XRN2",0.314038960540244,0.970410627636127,1.01404273478646,1,2372.46676115985,0.0997793413401047
"4474","ADGRG6",0.314117971583488,0.970410627636127,1.01371158648005,1,2372.46676115985,0.867599554351702
"3788","TNIP1",0.314158105490341,0.970410627636127,1.01354342036408,1,2372.46676115985,-0.177523814700661
"4249","MEP1A",0.314210485664282,0.970410627636127,1.01332398309688,1,2372.46676115985,-0.427441557665987
"2031","BCS1L",0.314304222254088,0.970410627636127,1.01293140996613,1,2372.46676115985,0.549244951940824
"11350","KPTN",0.314377222115508,0.970410627636127,1.01262578922956,1,2372.46676115985,-0.835322873499903
"957","TADA1",0.314501890135077,0.970410627636127,1.01210406945355,1,2372.46676115985,0.393438098925661
"5964","NIBAN2",0.314514256687685,0.970410627636127,1.01205233175303,1,2372.46676115985,-0.156589649706565
"3702","BRD8",0.314546183929738,0.970410627636127,1.01191877068606,1,2372.46676115985,-0.28678057809764
"2302","ZNF502",0.314578522448977,0.970410627636127,1.01178350720052,1,2372.46676115985,1.00449012717655
"11558","ZNF805",0.314584787198432,0.970410627636127,1.01175730551108,1,2372.46676115985,-0.564764191671699
"2403","PCBP4",0.314683209906324,0.970410627636127,1.01134575193129,1,2372.46676115985,1.2626216695535
"3406","RAI14",0.314819649271254,0.970410627636127,1.01077551051412,1,2372.46676115985,-0.308779999105897
"12551","FAM104B",0.31482646144177,0.970410627636127,1.01074704786742,1,2372.46676115985,0.3911432054685
"8616","GLRX5",0.314920490375499,0.970410627636127,1.01035425798959,1,2372.46676115985,-0.184827634090517
"7951","RNF10",0.314947255358876,0.970410627636127,1.01024247988068,1,2372.46676115985,0.13580772494221
"10456","TYMS",0.31505316636767,0.970410627636127,1.00980028756452,1,2372.46676115985,-1.30912498735453
"10359","UBE2O",0.315131922751587,0.970410627636127,1.0094715954568,1,2372.46676115985,0.204933563423604
"440","CDKN2C",0.31513199850581,0.970410627636127,1.00947127934606,1,2372.46676115985,0.591486103576197
"9595","CFDP1",0.315278182783483,0.970410627636127,1.00886146001728,1,2372.46676115985,-0.138614848658069
"9080","ASB7",0.315479586373914,0.970410627636127,1.00802189494425,1,2372.46676115985,-0.223393416447686
"1099","RBBP5",0.315537347347606,0.970410627636127,1.00778124372704,1,2372.46676115985,-0.219721544970951
"6169","PTER",0.315655182169977,0.970410627636127,1.00729048391867,1,2372.46676115985,-0.192300155029296
"9374","CD2BP2",0.315702978279572,0.970410627636127,1.00709149052434,1,2372.46676115985,-0.199213559726277
"1466","CAMKMT",0.315722680684132,0.970410627636127,1.0070094733996,1,2372.46676115985,-0.129545397213119
"11648","SLC4A11",0.315799220110448,0.970410627636127,1.00669091884029,1,2372.46676115985,1.00118891992717
"9611","ATMIN",0.315833259098829,0.970410627636127,1.00654928218106,1,2372.46676115985,-0.217851751094777
"2793","DCUN1D1",0.315856885353591,0.970410627636127,1.00645098479217,1,2372.46676115985,0.132877415165633
"10923","IER2",0.315915388570653,0.970410627636127,1.00620762272138,1,2372.46676115985,-0.216896488849068
"12603","CHIC1",0.316169294009161,0.970410627636127,1.00515210892687,1,2372.46676115985,0.384181496582393
"8554","NOXRED1",0.31656749637967,0.970410627636127,1.00349897135757,1,2372.46676115985,0.317755884673335
"306","TFAP2E",0.316767956358438,0.970410627636127,1.00266779262318,1,2372.46676115985,0.768908998917851
"6019","GPR107",0.316812147438681,0.970410627636127,1.00248465337224,1,2372.46676115985,-0.134706290967789
"12320","SERHL2",0.317020416644509,0.970410627636127,1.0016219827176,1,2372.46676115985,0.884257208629974
"2578","GTF2E1",0.317097569093999,0.970410627636127,1.0013025986515,1,2372.46676115985,0.246648611220428
"1143","PPP2R5A",0.317099981405562,0.970410627636127,1.00129261417139,1,2372.46676115985,-0.155444267879689
"12453","ZFX",0.31710199961276,0.970410627636127,1.00128426095314,1,2372.46676115985,-0.155753488224502
"3390","ZNF622",0.317156107389983,0.970410627636127,1.00106033864463,1,2372.46676115985,-0.235513050499398
"10196","SPAG9",0.317235025821069,0.970410627636127,1.00073382852372,1,2372.46676115985,-0.0988261101252854
"12214","FBXO7",0.317313393247285,0.970410627636127,1.00040970350348,1,2372.46676115985,0.12510909648182
"10020","MLLT6",0.317399809630538,0.970410627636127,1.00005240999959,1,2372.46676115985,-0.178474125106359
"4377","FIG4",0.317498638040277,0.970410627636127,0.999643954673675,1,2372.46676115985,0.128939269227411
"12466","MID1IP1",0.317797165295231,0.970410627636127,0.998411161519575,1,2372.46676115985,0.268869380589096
"160","CDA",0.317844986302099,0.970410627636127,0.998213821927373,1,2372.46676115985,-0.239038273839481
"12831","MT-ND4",0.317912457312411,0.970410627636127,0.997935460322281,1,2372.46676115985,-0.0421230837928514
"6595","ECHS1",0.31792615920474,0.970410627636127,0.997878940618188,1,2372.46676115985,-0.162930782402391
"6218","NRP1",0.31800216434659,0.970410627636127,0.997565480803711,1,2372.46676115985,-0.0947911262009395
"307","PSMB2",0.318102004317131,0.970410627636127,0.997153871010086,1,2372.46676115985,-0.135110091582143
"7992","RILPL2",0.318236833853374,0.970410627636127,0.996598279035949,1,2372.46676115985,-0.133095661430532
"11115","FXYD5",0.318242475589673,0.970410627636127,0.996575037875129,1,2372.46676115985,0.0992787220348681
"954","UCK2",0.31828186995451,0.970410627636127,0.996412767671315,1,2372.46676115985,-0.361094171564899
"5667","ACO1",0.318570382094771,0.970410627636127,0.995225154393457,1,2372.46676115985,-0.23737855084564
"9344","BOLA2",0.318698266207495,0.970410627636127,0.994699192091527,1,2372.46676115985,-0.377643434014587
"10462","EMILIN2",0.318726525163201,0.970410627636127,0.994583005948883,1,2372.46676115985,-0.106788269420352
"3991","PRL",0.318766996972079,0.970410627636127,0.994416630471406,1,2372.46676115985,-10
"3811","MED7",0.318930063774111,0.970410627636127,0.993746560603938,1,2372.46676115985,-0.317293134212305
"4227","XPO5",0.318932316203397,0.970410627636127,0.99373730813263,1,2372.46676115985,-0.276781246771484
"10168","SNF8",0.318965946910524,0.970410627636127,0.993599170988388,1,2372.46676115985,-0.137836325731972
"11508","LILRA1",0.31897055137334,0.970410627636127,0.993580259782052,1,2372.46676115985,-0.540479324447549
"10079","MLX",0.319193968048473,0.970410627636127,0.992663085484311,1,2372.46676115985,-0.192836064068501
"5834","TMOD1",0.319197167204802,0.970410627636127,0.992649958376831,1,2372.46676115985,-0.982917160320076
"5320","SMIM19",0.31933106345807,0.970410627636127,0.992100696555165,1,2372.46676115985,0.185261457156333
"5736","ZNF658",0.319404870524591,0.970410627636127,0.991798058721173,1,2372.46676115985,-0.403012950993353
"10328","GGA3",0.319406191561373,0.970410627636127,0.991792642791444,1,2372.46676115985,-0.157946223122728
"4032","PPP1R11",0.319438742430521,0.970410627636127,0.99165920144305,1,2372.46676115985,-0.22596346717807
"12775","ARHGAP4",0.319480123442275,0.970410627636127,0.991489586991605,1,2372.46676115985,0.140777850831899
"191","STPG1",0.319536813110332,0.970410627636127,0.991257271587616,1,2372.46676115985,0.525888061913531
"11353","NOP53",0.319560982175934,0.970410627636127,0.991158242748437,1,2372.46676115985,-0.131699956371006
"2641","COL6A6",0.319676535515895,0.970410627636127,0.990684917709644,1,2372.46676115985,1.24761702216398
"8746","CHP1",0.319702336631726,0.970410627636127,0.990579262926903,1,2372.46676115985,-0.174994436161326
"1604","SUCLG1",0.319757246435027,0.970410627636127,0.990354446285076,1,2372.46676115985,0.178134355292891
"7286","HINFP",0.319912765296075,0.970410627636127,0.989717982525324,1,2372.46676115985,0.322125471477805
"8814","DTWD1",0.319923773206449,0.970410627636127,0.989672947878049,1,2372.46676115985,0.182125007600493
"3910","BTNL8",0.319931135305386,0.970410627636127,0.989642829808914,1,2372.46676115985,-10
"8758","SPTBN5",0.32006237735553,0.970410627636127,0.989106076503629,1,2372.46676115985,1.24693561371963
"9224","C16orf72",0.320146940864139,0.970410627636127,0.988760382339473,1,2372.46676115985,-0.219623377610633
"10114","ATXN7L3",0.32017013405394,0.970410627636127,0.988665589976818,1,2372.46676115985,-0.297695217058458
"5821","AOPEP",0.320238110012997,0.970410627636127,0.988387819016155,1,2372.46676115985,-0.142985353137889
"8144","PHF11",0.320256853244644,0.970410627636127,0.988311241976035,1,2372.46676115985,-0.128775155593461
"8984","CIB2",0.320523840104909,0.970410627636127,0.987221084910478,1,2372.46676115985,-0.98029113655062
"10181","PPP1R9B",0.320615769195038,0.970410627636127,0.986845997945573,1,2372.46676115985,0.167426736815099
"7146","CCDC90B",0.320717067563595,0.970410627636127,0.98643284661636,1,2372.46676115985,0.173633633608849
"4918","SPDYE3",0.320735189781783,0.970410627636127,0.986358952207496,1,2372.46676115985,-0.97997633157301
"2474","SUCLG2",0.32074457220494,0.970410627636127,0.986320696986141,1,2372.46676115985,-0.117407860065171
"2826","CRYGS",0.320763910363635,0.970410627636127,0.986241853608953,1,2372.46676115985,0.479868000265919
"8796","SHF",0.320842326434209,0.970410627636127,0.985922208520959,1,2372.46676115985,0.607537486864264
"9951","SSH2",0.320857471229943,0.970410627636127,0.985860486096021,1,2372.46676115985,-0.0855085641611804
"919","NECTIN4",0.320859478547079,0.970410627636127,0.985852305588201,1,2372.46676115985,0.54303500769598
"8730","CCDC9B",0.320871856926207,0.970410627636127,0.98580186092456,1,2372.46676115985,-0.472966247837728
"7881","ATP2A2",0.320944050978856,0.970410627636127,0.985507705068107,1,2372.46676115985,0.107063472471701
"10654","MIDN",0.320970489647402,0.970410627636127,0.985400002078764,1,2372.46676115985,-0.177313083746708
"11530","ISOC2",0.321302162245457,0.970410627636127,0.984049862227154,1,2372.46676115985,0.245564047518542
"3673","AFF4",0.321308773260573,0.970410627636127,0.984022969430237,1,2372.46676115985,0.0989210915610773
"12265","JOSD1",0.321337284949242,0.970410627636127,0.983906995737332,1,2372.46676115985,0.200905168820695
"1309","ITGB1BP1",0.321457029626025,0.970410627636127,0.983420072207866,1,2372.46676115985,0.182250069796989
"111","TNFRSF8",0.321524697287051,0.970410627636127,0.983145017639474,1,2372.46676115985,0.352177930963986
"861","SSR2",0.321551441359366,0.970410627636127,0.983036329739962,1,2372.46676115985,0.113327601636476
"5007","TES",0.321564329291409,0.970410627636127,0.982983957443198,1,2372.46676115985,0.299124161475585
"2993","PGM2",0.321613956844075,0.970410627636127,0.982782313304391,1,2372.46676115985,-0.251200278987475
"12621","RPS6KA6",0.321673654718664,0.970410627636127,0.98253980628106,1,2372.46676115985,1.24560543043604
"11683","MACROD2",0.321694205886507,0.970410627636127,0.982456336255509,1,2372.46676115985,0.596974092634087
"8154","FAM124A",0.321727738413786,0.970410627636127,0.982320156608595,1,2372.46676115985,-0.814772562891255
"1019","ACBD6",0.321791689409417,0.970410627636127,0.982060495746145,1,2372.46676115985,0.11042760490811
"4212","MEA1",0.321809475864102,0.970410627636127,0.981988289318995,1,2372.46676115985,-0.218924833282116
"7268","ATP5MG",0.32181777903819,0.970410627636127,0.981954583304737,1,2372.46676115985,0.0820673978630097
"11499","LILRB5",0.321924302235463,0.970410627636127,0.98152226331911,1,2372.46676115985,0.220210113141259
"8829","TMOD3",0.322025733709708,0.970410627636127,0.981110783155248,1,2372.46676115985,-0.088230515555193
"1766","HS6ST1",0.322039453981634,0.970410627636127,0.981055136830945,1,2372.46676115985,0.289999860374545
"7465","BORCS5",0.322066298222293,0.970410627636127,0.980946271695197,1,2372.46676115985,0.187704055392906
"2392","HEMK1",0.32208167944422,0.970410627636127,0.98088389950584,1,2372.46676115985,-0.460603696916415
"5165","LMBR1",0.322127239738191,0.970410627636127,0.980699171608864,1,2372.46676115985,0.143278423466411
"3815","CLINT1",0.322141326868787,0.970410627636127,0.980642061172375,1,2372.46676115985,-0.15756075198729
"10389","CBX4",0.32227417403413,0.970410627636127,0.980103649307663,1,2372.46676115985,0.24183644969996
"876","IQGAP3",0.322283144071846,0.970410627636127,0.980067305490328,1,2372.46676115985,-0.627191371441816
"6137","PRKCQ",0.322284338872704,0.970410627636127,0.980062464627643,1,2372.46676115985,0.700751018470525
"7591","SMARCD1",0.322469440822279,0.970410627636127,0.979312790209681,1,2372.46676115985,-0.211900482539064
"8174","DIS3",0.322504604043787,0.970410627636127,0.979170441138435,1,2372.46676115985,-0.208480855178261
"7708","TSPAN31",0.322565041929768,0.970410627636127,0.978925822062605,1,2372.46676115985,0.232021577896256
"11622","CSNK2A1",0.322743853678316,0.970410627636127,0.978202445191267,1,2372.46676115985,-0.124548555199155
"610","RTCA",0.322750148781418,0.970410627636127,0.978176988202789,1,2372.46676115985,0.17066084689683
"8927","RPLP1",0.322771186810386,0.970410627636127,0.978091916532816,1,2372.46676115985,0.0639893375127856
"1397","RBKS",0.322815699725172,0.970410627636127,0.977911943372467,1,2372.46676115985,-0.478597222512744
"7180","FAM76B",0.322870255021434,0.970410627636127,0.977691411849864,1,2372.46676115985,-0.255687546359476
"9448","RPGRIP1L",0.322920297009697,0.970410627636127,0.977489167935543,1,2372.46676115985,-1.00243759986079
"10499","RNMT",0.323008079665551,0.970410627636127,0.977134495619389,1,2372.46676115985,-0.136725563475806
"8238","GRTP1",0.323191718829774,0.970410627636127,0.97639294119656,1,2372.46676115985,1.01947384860011
"10511","RMC1",0.323248149026827,0.970410627636127,0.976165181808381,1,2372.46676115985,-0.264436520526661
"6588","PWWP2B",0.323261209726939,0.970410627636127,0.976112474658227,1,2372.46676115985,-0.369073470651667
"8215","TEX30",0.323265055971218,0.970410627636127,0.976096953470789,1,2372.46676115985,-0.438201785601929
"4341","KLHL32",0.323417380077284,0.970410627636127,0.975482458666677,1,2372.46676115985,1.1048249040145
"8943","REC114",0.323473764894199,0.970410627636127,0.975255092068583,1,2372.46676115985,-0.970875113975374
"4777","TYW1",0.323483662360369,0.970410627636127,0.975215186845395,1,2372.46676115985,-0.185192035076756
"3203","FAM241A",0.323578164796129,0.970410627636127,0.97483424720684,1,2372.46676115985,0.284598277699851
"3951","EEF1E1",0.323641652505612,0.970410627636127,0.974578410552772,1,2372.46676115985,-0.300069899902197
"10628","MADCAM1",0.323741915799949,0.970410627636127,0.97417451418847,1,2372.46676115985,0.681007616609718
"8568","FLRT2",0.323966044311069,0.970410627636127,0.973272241833762,1,2372.46676115985,-0.225366236534545
"4796","EIF4H",0.324015848538279,0.970410627636127,0.973071857360847,1,2372.46676115985,-0.133419922460131
"156","NBL1",0.324049907183886,0.970410627636127,0.972934847773812,1,2372.46676115985,0.229317924148775
"5551","ZNF696",0.324264893634242,0.970410627636127,0.972070448979332,1,2372.46676115985,-0.780893334388592
"1759","IWS1",0.324309239478175,0.970410627636127,0.971892241316115,1,2372.46676115985,0.140331922323077
"9888","FOXO3B",0.324407170713502,0.970410627636127,0.971498810157737,1,2372.46676115985,1.23667219986689
"4926","AGFG2",0.324454629930845,0.970410627636127,0.971308202908431,1,2372.46676115985,-0.696612549466179
"10879","ZNF440",0.324623992906455,0.970410627636127,0.970628302234368,1,2372.46676115985,-0.328445295200247
"419","TMEM69",0.324655397584051,0.970410627636127,0.970502281006023,1,2372.46676115985,-0.321042887793187
"3356","CYP4V2",0.32473150203165,0.970410627636127,0.970196954637203,1,2372.46676115985,0.222582431677686
"9509","KIAA0895L",0.324939181219492,0.970410627636127,0.969364239810298,1,2372.46676115985,0.576715151639197
"2859","TCTEX1D2",0.324973762593591,0.970410627636127,0.969225649982533,1,2372.46676115985,0.390658520010154
"678","HIPK1",0.32503390824029,0.970410627636127,0.968984654128908,1,2372.46676115985,-0.165989892309016
"7212","ACAT1",0.32507130539594,0.970410627636127,0.968834838292512,1,2372.46676115985,0.236442398609602
"10110","G6PC3",0.325105137405402,0.970410627636127,0.968699324347127,1,2372.46676115985,-0.31938674126645
"5368","SGK3",0.325140590811566,0.970410627636127,0.968557335926256,1,2372.46676115985,0.0787443212938637
"6964","NAALADL1",0.325161809936,0.970410627636127,0.96847236461123,1,2372.46676115985,-1.26131022703003
"11968","ATP5PF",0.325292112052428,0.970410627636127,0.967950734722698,1,2372.46676115985,0.09617618983011
"4117","HLA-DOA",0.325439518566093,0.970410627636127,0.967360965188942,1,2372.46676115985,0.56454714324769
"6140","ATP5F1C",0.325442884267074,0.970410627636127,0.967347503237865,1,2372.46676115985,0.11578708991175
"8089","NBEA",0.325541858370391,0.970410627636127,0.96695171427678,1,2372.46676115985,0.285250404681891
"8191","SPRY2",0.325560831094869,0.970410627636127,0.966875862170741,1,2372.46676115985,-0.260245975052026
"3357","KLKB1",0.325562823251445,0.970410627636127,0.966867897957112,1,2372.46676115985,-0.668635762816152
"8140","FNDC3A",0.325682805874417,0.970410627636127,0.966388352154267,1,2372.46676115985,-0.104983181747758
"12168","CCDC117",0.325695009393048,0.970410627636127,0.966339590311749,1,2372.46676115985,-0.245784870904968
"4437","MED23",0.325726802543268,0.970410627636127,0.966212565147972,1,2372.46676115985,-0.206297920041791
"8195","GPR180",0.325741864557826,0.970410627636127,0.966152392668875,1,2372.46676115985,0.22188272794081
"11070","ZNF724",0.325777283013763,0.970410627636127,0.966010911086302,1,2372.46676115985,-0.997163953245416
"10782","PEX11G",0.325792557471194,0.970410627636127,0.965949902447665,1,2372.46676115985,0.429661077434444
"3604","NUDT12",0.325911254732244,0.970410627636127,0.965475935551407,1,2372.46676115985,-0.356556388932167
"9911","KSR1",0.32591505458037,0.970410627636127,0.965460766254577,1,2372.46676115985,0.286582001182951
"3672","LEAP2",0.325987744107427,0.970410627636127,0.965170628953894,1,2372.46676115985,-1.25807430107769
"3374","NSUN2",0.326061170615303,0.970410627636127,0.96487763700519,1,2372.46676115985,0.210256854549813
"7539","C12orf40",0.326087638055837,0.970410627636127,0.964772046070169,1,2372.46676115985,-0.95939705856516
"6490","CNNM2",0.32614043738738,0.970410627636127,0.964561438878868,1,2372.46676115985,0.214309068343345
"7706","OS9",0.326165584368626,0.970410627636127,0.964461147897592,1,2372.46676115985,0.0921246637607987
"10906","HOOK2",0.326281252735019,0.970430934895516,0.963999972166585,1,2372.46676115985,-0.283502615852922
"7401","PTMS",0.326445031477369,0.970430934895516,0.963347348248899,1,2372.46676115985,0.0946313620682557
"9735","MED11",0.326485952994526,0.970430934895516,0.963184352332614,1,2372.46676115985,-0.254072975075427
"1278","SMYD3",0.326515994866908,0.970430934895516,0.963064708739618,1,2372.46676115985,0.115298329881199
"10795","TGFBR3L",0.326568793508719,0.970430934895516,0.962854470267419,1,2372.46676115985,-0.788413329674611
"5106","FAM131B",0.326625846944819,0.970430934895516,0.962627340299353,1,2372.46676115985,-10
"5974","ST6GALNAC4",0.326812858316439,0.970645854379358,0.961883215771514,1,2372.46676115985,-0.355205199862754
"11866","SPATA2",0.326859875798143,0.970645854379358,0.961696220424191,1,2372.46676115985,0.442721847204934
"3867","UIMC1",0.327025451903894,0.970645854379358,0.961037984044739,1,2372.46676115985,-0.150723079945652
"6810","ATG13",0.327088438247454,0.970645854379358,0.960787702196451,1,2372.46676115985,0.18687037756373
"12500","FTSJ1",0.327315915257432,0.970645854379358,0.959884333999596,1,2372.46676115985,0.403279596909858
"2976","ADGRA3",0.327407719360848,0.970645854379358,0.959519992715174,1,2372.46676115985,0.595857998170892
"5688","ENHO",0.327425086033047,0.970645854379358,0.959451085159953,1,2372.46676115985,-10
"5399","ZNF704",0.327614155177802,0.970645854379358,0.958701209413989,1,2372.46676115985,-0.179496668360539
"8354","NFKBIA",0.32764811596453,0.970645854379358,0.95856657681976,1,2372.46676115985,-0.173276015713529
"3472","NDUFAF2",0.327812174939384,0.970645854379358,0.957916449601101,1,2372.46676115985,0.208552620661252
"2163","IL17RC",0.328045418608806,0.970645854379358,0.956992902675001,1,2372.46676115985,-0.319029878661042
"8916","CALML4",0.328239029590265,0.970645854379358,0.956226946386353,1,2372.46676115985,0.192302665718695
"3279","TMEM154",0.32830070456868,0.970645854379358,0.955983076186259,1,2372.46676115985,0.516616333301674
"6382","IFIT3",0.328406408479395,0.970645854379358,0.955565251801394,1,2372.46676115985,-0.10381090740315
"3305","TRIM61",0.328623985454362,0.970645854379358,0.954705779637074,1,2372.46676115985,0.84897161119211
"3731","TMCO6",0.328638023717274,0.970645854379358,0.954650351674678,1,2372.46676115985,0.534412437000984
"4640","TWISTNB",0.328641957204851,0.970645854379358,0.954634821456732,1,2372.46676115985,0.278367891238824
"4484","SF3B5",0.328786192898004,0.970645854379358,0.954065519755966,1,2372.46676115985,-0.133953191913249
"1307","MBOAT2",0.328818768255853,0.970645854379358,0.953936989975099,1,2372.46676115985,0.425354951134514
"3590","ELL2",0.328855362520958,0.970645854379358,0.953792623314227,1,2372.46676115985,-0.0891269744391597
"1181","DEGS1",0.328885867772127,0.970645854379358,0.953672294505702,1,2372.46676115985,-0.189713797419776
"11736","COMMD7",0.329032536839152,0.970645854379358,0.953093961307596,1,2372.46676115985,0.156990466218783
"6017","USP20",0.329037075893494,0.970645854379358,0.953076068753483,1,2372.46676115985,0.285515703067829
"5061","AKR1B1",0.329041146678834,0.970645854379358,0.953060022353715,1,2372.46676115985,0.165443680403534
"7809","NEDD1",0.329143020051437,0.970645854379358,0.952658539334386,1,2372.46676115985,0.23255777195438
"1564","SPR",0.329314367151751,0.970645854379358,0.951983632704418,1,2372.46676115985,-0.493660189663449
"6845","UBE2L6",0.329336190757202,0.970645854379358,0.951897706805917,1,2372.46676115985,-0.124826725457014
"3061","YTHDC1",0.32945224320105,0.970645854379358,0.951440901617857,1,2372.46676115985,-0.141745496868311
"410","TOE1",0.329512196416922,0.970645854379358,0.951204997799783,1,2372.46676115985,0.506263304683446
"165","ECE1",0.329656015673719,0.970645854379358,0.950639330614412,1,2372.46676115985,-1.27285831013252
"2370","GMPPB",0.329681203193456,0.970645854379358,0.950540297307511,1,2372.46676115985,-0.496508368152587
"5872","ELP1",0.32981591075106,0.970645854379358,0.950010819463589,1,2372.46676115985,-0.291190352684913
"3216","PDE5A",0.32990044693026,0.970645854379358,0.949678690741161,1,2372.46676115985,-0.529475598369561
"5743","FAM189A2",0.330130041867009,0.970645854379358,0.948777221085925,1,2372.46676115985,-10
"12281","TAB1",0.330142433580233,0.970645854379358,0.948728590631801,1,2372.46676115985,0.262708423243283
"10658","NDUFS7",0.330216260504651,0.970645854379358,0.948438912111232,1,2372.46676115985,0.157343266606566
"1659","LMAN2L",0.330241492089561,0.970645854379358,0.948339929396327,1,2372.46676115985,0.267162865242431
"10753","HSD11B1L",0.330321775000089,0.970645854379358,0.948025049005658,1,2372.46676115985,0.48163102655268
"9838","SCO1",0.330330187429436,0.970645854379358,0.94799206021978,1,2372.46676115985,-0.229913608954387
"5351","SDCBP",0.330358222611585,0.970645854379358,0.947882130176815,1,2372.46676115985,-0.0759060448832725
"10991","MVB12A",0.330493909867157,0.970645854379358,0.947350256056654,1,2372.46676115985,0.196608736405984
"5309","IDO1",0.330694473962596,0.970645854379358,0.946564606409194,1,2372.46676115985,-0.743474260129457
"6013","ASB6",0.330717226765182,0.970645854379358,0.946475519199721,1,2372.46676115985,0.475012629828014
"6421","ARHGAP19",0.330862233482495,0.970645854379358,0.945907945930322,1,2372.46676115985,0.244825064634034
"9370","CORO1A",0.331125197053592,0.970645854379358,0.944879520332919,1,2372.46676115985,0.177973778829658
"4245","RCAN2",0.331168809053323,0.970645854379358,0.944709063105425,1,2372.46676115985,-10
"1193","PYCR2",0.331243972262154,0.970645854379358,0.944415358344471,1,2372.46676115985,0.299847868563736
"6963","SAC3D1",0.331258320527324,0.970645854379358,0.944359301727098,1,2372.46676115985,-0.407818380888394
"4689","KBTBD2",0.331390420823106,0.970645854379358,0.943843356738548,1,2372.46676115985,0.170235308110893
"1322","SLC66A3",0.331422203779823,0.970645854379358,0.943719262733616,1,2372.46676115985,-0.180509005435986
"3597","CHD1",0.331444421342852,0.970645854379358,0.943632525457654,1,2372.46676115985,-0.128863420382046
"6518","ZDHHC6",0.331507324117234,0.970645854379358,0.943386995296588,1,2372.46676115985,0.210960715214329
"9041","POLG",0.331554988887751,0.970645854379358,0.943200985406844,1,2372.46676115985,0.258318609179028
"9473","POLR2C",0.331582213854299,0.970645854379358,0.943094757037509,1,2372.46676115985,-0.274281729570935
"10786","XAB2",0.331644423372624,0.970645854379358,0.94285206700351,1,2372.46676115985,-0.293992059877679
"8516","ALDH6A1",0.331700534972273,0.970645854379358,0.942633218040089,1,2372.46676115985,0.339221180882349
"1560","PAIP2B",0.331871673574588,0.970645854379358,0.941966040303108,1,2372.46676115985,-1.01240862403897
"12001","ATP5PO",0.331967511288186,0.970645854379358,0.94159262071004,1,2372.46676115985,-0.127372831258978
"1112","SRGAP2",0.331970288261397,0.970645854379358,0.941581802726142,1,2372.46676115985,-0.0930880244939878
"7644","ZNF385A",0.33209747928172,0.970645854379358,0.941086446356688,1,2372.46676115985,0.104541944563177
"11819","OSER1",0.332132262839663,0.970645854379358,0.940951022849788,1,2372.46676115985,0.168154557447456
"666","ST7L",0.332188203635543,0.970645854379358,0.940733267119285,1,2372.46676115985,0.191056549893412
"3116","LIN54",0.332196813727756,0.970645854379358,0.940699755726662,1,2372.46676115985,-0.204706026854421
"4017","ZSCAN9",0.332219089875067,0.970645854379358,0.940613059972579,1,2372.46676115985,0.346026784870664
"6265","TFAM",0.332231839530022,0.970645854379358,0.940563443527519,1,2372.46676115985,-0.259269170551054
"12713","OCRL",0.332232734574697,0.970645854379358,0.940559960474933,1,2372.46676115985,-0.29606160330314
"966","DCAF6",0.332237416148002,0.970645854379358,0.940541742408348,1,2372.46676115985,-0.0981846064846601
"12202","RNF185",0.332266265047902,0.970645854379358,0.940429486170048,1,2372.46676115985,-0.190840077475611
"6466","NPM3",0.332295519330911,0.970645854379358,0.940315665787939,1,2372.46676115985,-0.438149040344047
"2051","CHPF",0.332342173783285,0.970645854379358,0.940134173776674,1,2372.46676115985,-1.24482683131119
"5414","ATP6V0D2",0.332505303762298,0.970645854379358,0.939499843589939,1,2372.46676115985,0.209232290262312
"10965","EPS15L1",0.332557470726054,0.970645854379358,0.939297080195271,1,2372.46676115985,-0.184408913309749
"1850","SSB",0.33261825115608,0.970645854379358,0.939060891361268,1,2372.46676115985,-0.106709892036301
"3846","ATP6V0E1",0.332721882895302,0.970645854379358,0.938658317877047,1,2372.46676115985,-0.0536462779046109
"8428","ARID4A",0.332811144078359,0.970645854379358,0.938311703143996,1,2372.46676115985,-0.117244851774677
"8985","IDH3A",0.332904630509875,0.970645854379358,0.937948814123315,1,2372.46676115985,0.253956280849345
"3096","SEPTIN11",0.332944286780903,0.970645854379358,0.937794920297883,1,2372.46676115985,0.151091199028992
"1665","FAHD2B",0.332951214021944,0.970645854379358,0.9377680403102,1,2372.46676115985,-0.732724234814831
"11779","CNBD2",0.333026747091302,0.970645854379358,0.937474995444489,1,2372.46676115985,-0.542036943843687
"7595","LIMA1",0.333143794779908,0.970645854379358,0.937021061977698,1,2372.46676115985,0.17478580777239
"8426","ACTR10",0.333168801568382,0.970645854379358,0.93692410844277,1,2372.46676115985,0.14727913675227
"6655","STIM1",0.333303320581543,0.970645854379358,0.936402732972647,1,2372.46676115985,-0.114522469367772
"11766","MMP24",0.3333915010421,0.970645854379358,0.936061111209102,1,2372.46676115985,0.315126982794593
"4375","ZBTB24",0.333492654339839,0.970645854379358,0.935669379682779,1,2372.46676115985,0.26402351187374
"8977","RCN2",0.333539909933459,0.970645854379358,0.935486429592962,1,2372.46676115985,-0.261101658714968
"7089","P2RY2",0.333634575000121,0.970645854379358,0.935120037797558,1,2372.46676115985,-0.776378413950479
"6007","MIGA2",0.333713771212878,0.970645854379358,0.934813623347044,1,2372.46676115985,-0.387134806122104
"10092","PSME3",0.333778898142248,0.970645854379358,0.934561716503193,1,2372.46676115985,-0.238266097240888
"1934","PGAP1",0.333920622534379,0.970645854379358,0.934013762401746,1,2372.46676115985,0.249436183167624
"10315","NAT9",0.333958986244829,0.970645854379358,0.933865488855713,1,2372.46676115985,-0.425410520680725
"10048","RAPGEFL1",0.334034807474067,0.970645854379358,0.933572511080946,1,2372.46676115985,-0.91755118789328
"7913","DDX54",0.334078142208116,0.970645854379358,0.933405102982045,1,2372.46676115985,-0.263336696012314
"10629","TPGS1",0.334105341500928,0.970645854379358,0.933300043158919,1,2372.46676115985,0.170550235570931
"6808","AMBRA1",0.334123267615967,0.970645854379358,0.933230808105473,1,2372.46676115985,-0.110610021692893
"1238","MAP3K21",0.334331065834318,0.970645854379358,0.932428602614464,1,2372.46676115985,-0.603374086572097
"5240","RHOBTB2",0.334604656577434,0.970645854379358,0.931373420953415,1,2372.46676115985,-0.689314726295045
"12735","SMIM10",0.33468104531854,0.970645854379358,0.931079011744531,1,2372.46676115985,0.762115236026615
"5331","MCM4",0.3348041716312,0.970645854379358,0.930604660780584,1,2372.46676115985,-0.786151041104433
"4259","TMEM14A",0.334808725757317,0.970645854379358,0.93058712023151,1,2372.46676115985,0.417023279747822
"3993","MRS2",0.334992130665635,0.970645854379358,0.929880987979904,1,2372.46676115985,0.236541845891498
"56","RPL22",0.335025746944781,0.970645854379358,0.92975161711123,1,2372.46676115985,-0.0741354168831592
"9065","VPS33B",0.335031584223498,0.970645854379358,0.929729154353765,1,2372.46676115985,0.285855963646425
"12501","PORCN",0.33504247593738,0.970645854379358,0.929687242742773,1,2372.46676115985,0.526786767222156
"5178","ARHGEF10",0.335084845336451,0.970645854379358,0.929524221481416,1,2372.46676115985,-0.568206744977157
"1152","ANGEL2",0.335109814603332,0.970645854379358,0.929428162197494,1,2372.46676115985,0.181931877594382
"820","UBAP2L",0.335232521146881,0.970645854379358,0.928956236916871,1,2372.46676115985,0.139245631252435
"8624","EVL",0.335242326192618,0.970645854379358,0.928918537011479,1,2372.46676115985,-0.117182694558126
"10963","AP1M1",0.335295505994009,0.970645854379358,0.928714089065957,1,2372.46676115985,-0.233014383396221
"4434","L3MBTL3",0.335435867363453,0.970645854379358,0.928174682916019,1,2372.46676115985,0.217151164149147
"8094","EXOSC8",0.335625059975228,0.970645854379358,0.927448097113537,1,2372.46676115985,-0.249582483982055
"10502","GREB1L",0.33563483833537,0.970645854379358,0.927410558660117,1,2372.46676115985,-0.814373075099458
"7833","TDG",0.335664748530839,0.970645854379358,0.927295744561765,1,2372.46676115985,-0.177002078802877
"4888","ARPC1A",0.335751630200041,0.970645854379358,0.926962315871452,1,2372.46676115985,0.137580215772123
"7052","TCIRG1",0.335794085153172,0.970645854379358,0.926799427095456,1,2372.46676115985,0.118652210752542
"8601","MOAP1",0.335926382978794,0.970645854379358,0.926292011067831,1,2372.46676115985,-0.339073726692767
"2203","COLQ",0.335934940539975,0.970645854379358,0.926259198552405,1,2372.46676115985,-0.413440353458705
"2736","TIPARP",0.335946732470971,0.970645854379358,0.926213986229184,1,2372.46676115985,0.180622625651568
"7108","RNF169",0.33599352369244,0.970645854379358,0.926034601462069,1,2372.46676115985,0.121828511527203
"69","VAMP3",0.336242110806532,0.970645854379358,0.925082147172425,1,2372.46676115985,-0.136749036383401
"6429","UBTD1",0.336356596592978,0.970645854379358,0.92464381544546,1,2372.46676115985,-0.190367951648217
"7276","UPK2",0.336417347204685,0.970645854379358,0.924411300760013,1,2372.46676115985,0.585807262995955
"2342","UQCRC1",0.336423890424458,0.970645854379358,0.924386260834726,1,2372.46676115985,0.131588257775181
"190","IFNLR1",0.336459670289969,0.970645854379358,0.924249348171843,1,2372.46676115985,0.482721495319566
"437","BEND5",0.336475543500059,0.970645854379358,0.92418861513452,1,2372.46676115985,1.20659023517257
"2497","ZNF654",0.336506541981488,0.970645854379358,0.924070021844602,1,2372.46676115985,-0.127806506360272
"1788","SPOPL",0.336540288370832,0.970645854379358,0.923940932315478,1,2372.46676115985,0.132490270881802
"481","MYSM1",0.336783820410471,0.970645854379358,0.92300986717158,1,2372.46676115985,-0.156080898764286
"5187","MFHAS1",0.336794871496875,0.970645854379358,0.922967638363405,1,2372.46676115985,-0.163001321338518
"10802","RPS28",0.336840594525579,0.970645854379358,0.922792939625727,1,2372.46676115985,0.0591061338149802
"3285","RNF175",0.336886284671262,0.970645854379358,0.922618398284448,1,2372.46676115985,-0.964096314757151
"6061","PPP1R26",0.33714517619342,0.970645854379358,0.92163000357107,1,2372.46676115985,0.412215807063833
"1928","SLC39A10",0.337267715209949,0.970645854379358,0.921162529595901,1,2372.46676115985,0.185746175957675
"9917","POLDIP2",0.33732557988243,0.970645854379358,0.920941860897949,1,2372.46676115985,-0.214172938107083
"3276","FAM160A1",0.337338657048674,0.970645854379358,0.920891997759152,1,2372.46676115985,-10
"8921","ANP32A",0.33741878039751,0.970645854379358,0.920586544626002,1,2372.46676115985,-0.10131748221839
"1373","AGBL5",0.33743764239876,0.970645854379358,0.920514651429935,1,2372.46676115985,-0.475242232450423
"11259","CXCL17",0.3374564718782,0.970645854379358,0.920442887569446,1,2372.46676115985,-10
"8642","EIF5",0.337693023222357,0.970645854379358,0.919541788665118,1,2372.46676115985,-0.0913057664826558
"2713","PFN2",0.337790740570535,0.970645854379358,0.919169799569155,1,2372.46676115985,0.954003712741013
"11675","MKKS",0.337851279527271,0.970645854379358,0.918939413127508,1,2372.46676115985,-0.32035252822555
"5367","VCPIP1",0.337865834906148,0.970645854379358,0.918884029587678,1,2372.46676115985,0.149887246307757
"9052","TTLL13P",0.337886808819477,0.970645854379358,0.918804229014029,1,2372.46676115985,-1.25562111590986
"8699","GREM1",0.337978176285067,0.970645854379358,0.918456675875398,1,2372.46676115985,0.647687982501761
"1471","RHOQ",0.338072046182434,0.970645854379358,0.918099735063965,1,2372.46676115985,0.117588116560051
"312","AGO3",0.3381471206624,0.970645854379358,0.917814359686927,1,2372.46676115985,-0.10581566710366
"4580","PSMG3",0.338153504653397,0.970645854379358,0.917790096592522,1,2372.46676115985,-0.23874046851511
"6488","BORCS7",0.338221206292006,0.970645854379358,0.917532826546024,1,2372.46676115985,-0.14322982405142
"5353","TOX",0.338253614409882,0.970645854379358,0.917409698342848,1,2372.46676115985,1.31876000943107
"2851","ACAP2",0.338299126891436,0.970645854379358,0.917236809457943,1,2372.46676115985,-0.0684822572905922
"10740","DPP9",0.338334527420613,0.970645854379358,0.917102354580529,1,2372.46676115985,-0.173213110421639
"7211","CUL5",0.338369651337403,0.970645854379358,0.91696896897759,1,2372.46676115985,-0.103501881728038
"5191","MSRA",0.338418269447414,0.970645854379358,0.916784368886721,1,2372.46676115985,-0.140303058858058
"8645","TRMT61A",0.338505164229546,0.970645854379358,0.916454523244994,1,2372.46676115985,-0.664973847553683
"5108","TCAF2",0.338556455323491,0.970645854379358,0.916259879732532,1,2372.46676115985,0.523892233029051
"11440","ZNF175",0.33861087786027,0.970645854379358,0.916053396083322,1,2372.46676115985,-0.34603355281107
"6786","COMMD9",0.338643948666764,0.970645854379358,0.915927944458526,1,2372.46676115985,0.141348254766107
"7263","IL10RA",0.338689322622041,0.970645854379358,0.9157558485426,1,2372.46676115985,-0.0838484627605596
"2884","ZNF141",0.33874994480828,0.970645854379358,0.915525966941387,1,2372.46676115985,0.19683802582376
"519","HHLA3",0.338751186162582,0.970645854379358,0.915521260256915,1,2372.46676115985,-0.363333112162581
"7494","CMAS",0.338904607552105,0.970645854379358,0.914939730360688,1,2372.46676115985,-0.192286101452635
"7029","LRFN4",0.338908722087794,0.970645854379358,0.914924139456702,1,2372.46676115985,0.601070305861038
"10161","SKAP1",0.339023666181707,0.970645854379358,0.914488693145707,1,2372.46676115985,-1.42685595580962
"11602","ZNF837",0.339092788015471,0.970645854379358,0.914226932269526,1,2372.46676115985,-1.22945865242458
"11408","FUZ",0.339094876002321,0.970645854379358,0.914219026285319,1,2372.46676115985,0.455088193333324
"8398","PTGER2",0.339201019789091,0.970651780744461,0.913817208084751,1,2372.46676115985,0.315096620483027
"12218","HMGXB4",0.339306589914779,0.970651780744461,0.913417729172956,1,2372.46676115985,0.16514828220347
"4011","ABT1",0.339323716514437,0.970651780744461,0.913352937621352,1,2372.46676115985,0.298813526941824
"10593","RELCH",0.3395141149164,0.970980122414586,0.912632938445712,1,2372.46676115985,0.114171430953127
"11863","ZNFX1",0.339931952855892,0.971206844820624,0.911054769441386,1,2372.46676115985,-0.114967358025894
"2991","C4orf19",0.339986665783414,0.971206844820624,0.910848312591737,1,2372.46676115985,0.762084200037603
"11931","HELZ2",0.339992707547521,0.971206844820624,0.910825516998873,1,2372.46676115985,-0.173503568479133
"12471","USP9X",0.340081814784279,0.971206844820624,0.91048937843709,1,2372.46676115985,0.0961158105034758
"7208","ALKBH8",0.34009024901336,0.971206844820624,0.910457568198023,1,2372.46676115985,-0.397913588123134
"735","NBPF11",0.340181350264951,0.971206844820624,0.910114041603839,1,2372.46676115985,0.254897619928673
"4710","RALA",0.340183850517884,0.971206844820624,0.910104615341026,1,2372.46676115985,-0.100464296836957
"8908","ZWILCH",0.340198457129754,0.971206844820624,0.910049548471095,1,2372.46676115985,-0.457668045633606
"4820","DTX2",0.340340197110476,0.971395525915898,0.909515354513844,1,2372.46676115985,-0.198114276742431
"10847","KRI1",0.340495424372025,0.971416008872069,0.908930672757498,1,2372.46676115985,0.369423872930584
"11940","ZBTB46",0.340548088305769,0.971416008872069,0.908732389373326,1,2372.46676115985,0.196417333253094
"10826","COL5A3",0.340769097389552,0.971416008872069,0.907900724758722,1,2372.46676115985,1.79567293023452
"9625","DNAAF1",0.340942113253456,0.971416008872069,0.907250167015494,1,2372.46676115985,-1.32738579232538
"6300","TYSND1",0.341019119336318,0.971416008872069,0.906960759083103,1,2372.46676115985,0.430169634831888
"12290","SLC25A17",0.341063693472827,0.971416008872069,0.906793278664453,1,2372.46676115985,-0.238155313857629
"10756","DUS3L",0.341091594124395,0.971416008872069,0.906688461289999,1,2372.46676115985,0.487823338337374
"7498","SOX5",0.341106440483142,0.971416008872069,0.90663269108815,1,2372.46676115985,-1.51462690195041
"7495","ST8SIA1",0.341122052653679,0.971416008872069,0.906574047649502,1,2372.46676115985,-1.40331709594092
"1787","HNMT",0.341129657163134,0.971416008872069,0.906545484411877,1,2372.46676115985,-0.0766574481362525
"22","MRPL20",0.341179518730086,0.971416008872069,0.906358221028266,1,2372.46676115985,-0.119386945643761
"9253","MPV17L",0.341267114303832,0.971450014359456,0.906029330605483,1,2372.46676115985,-1.23430106090716
"3192","RPL34",0.341557982229681,0.971771033755318,0.904938039933531,1,2372.46676115985,0.0674047711606041
"11937","ZGPAT",0.341594876151838,0.971771033755318,0.904799709265987,1,2372.46676115985,0.204184892587912
"4594","SDK1",0.341694243599297,0.971771033755318,0.904427239509188,1,2372.46676115985,-0.531111930064133
"3261","ABCE1",0.341704324184172,0.971771033755318,0.904389461520857,1,2372.46676115985,-0.228592300463152
"9241","NPIPB2",0.341920957438621,0.971771033755318,0.903577969953885,1,2372.46676115985,-0.68028734654412
"8816","GABPB1",0.341947126609659,0.971771033755318,0.903479989180353,1,2372.46676115985,0.202023683231986
"9244","ERCC4",0.341955609265786,0.971771033755318,0.903448231184874,1,2372.46676115985,-0.239191501935798
"11738","MAPRE1",0.342024754273498,0.971771033755318,0.90318940061272,1,2372.46676115985,0.133836232224513
"2077","PSMD1",0.342060982211201,0.971771033755318,0.903053816713185,1,2372.46676115985,-0.104012680046622
"7010","YIF1A",0.342138769490543,0.971777026991388,0.902762761442836,1,2372.46676115985,0.248290311620846
"3380","ATPSCKMT",0.342414448333789,0.972218409821044,0.901731977220484,1,2372.46676115985,0.296995461398226
"7581","TUBA1C",0.342513351642744,0.972218409821044,0.901362443090268,1,2372.46676115985,-0.126991848405828
"10642","WDR18",0.342521305663921,0.972218409821044,0.901332730600494,1,2372.46676115985,-0.326643587328742
"12519","PRAF2",0.342625812802393,0.972253715826216,0.900942427456378,1,2372.46676115985,-0.758552919808024
"2313","SACM1L",0.342742575133,0.972253715826216,0.900506544813346,1,2372.46676115985,-0.168102387009054
"10439","CD7",0.34276088868042,0.972253715826216,0.900438197135029,1,2372.46676115985,0.938377386408399
"3269","PRMT9",0.342849533709379,0.972290384797293,0.900107436200449,1,2372.46676115985,-0.221066388006968
"2007","ABCA12",0.343162959939844,0.972425923205794,0.898938875071547,1,2372.46676115985,-10
"11839","ZSWIM1",0.343202791231149,0.972425923205794,0.898790473495307,1,2372.46676115985,0.589223151861546
"7188","CEP126",0.343246405321727,0.972425923205794,0.898628004819145,1,2372.46676115985,1.03418401134078
"2634","HMCES",0.343271044749791,0.972425923205794,0.898536231778436,1,2372.46676115985,-0.338359663583966
"10222","RNF43",0.343368057216466,0.972425923205794,0.898174981567788,1,2372.46676115985,-10
"6750","SVIP",0.343377440230389,0.972425923205794,0.898140048878385,1,2372.46676115985,0.25825052373664
"5775","GKAP1",0.34342742479077,0.972425923205794,0.897953979535446,1,2372.46676115985,0.321678363711041
"5160","DPP6",0.343698305846158,0.972611634548875,0.896946251013044,1,2372.46676115985,1.18833679792751
"3816","RNF145",0.343747177485753,0.972611634548875,0.896764553590004,1,2372.46676115985,0.100418417813542
"12511","TIMM17B",0.343918239155834,0.972611634548875,0.896128846837811,1,2372.46676115985,-0.230655314499196
"4183","UNC5CL",0.343928738276831,0.972611634548875,0.896089843472753,1,2372.46676115985,0.944051610393099
"10993","PGLS",0.343942370385079,0.972611634548875,0.896039203720971,1,2372.46676115985,-0.124698827125621
"8032","ZNF84",0.343947467680589,0.972611634548875,0.896020269285125,1,2372.46676115985,0.227234910212195
"1688","PDCL3",0.344182800387725,0.972964572890135,0.895146514229147,1,2372.46676115985,-0.343191849551399
"5225","NPM2",0.344223818599789,0.972964572890135,0.894994302420416,1,2372.46676115985,0.788941401584382
"5476","RIMS2",0.344333119452638,0.973059328101085,0.894588824738927,1,2372.46676115985,-10
"2694","TRPC1",0.34495982803743,0.973491592580302,0.892267255543049,1,2372.46676115985,-0.565613843537761
"1296","TMEM18",0.34498128538695,0.973491592580302,0.892187870337967,1,2372.46676115985,0.271139715139058
"11379","DHDH",0.345009095524961,0.973491592580302,0.892084991827153,1,2372.46676115985,0.427385618486273
"674","RSBN1",0.345086180309782,0.973491592580302,0.891799889450195,1,2372.46676115985,-0.176145463939387
"6920","NXF1",0.345288596264654,0.973491592580302,0.891051652967604,1,2372.46676115985,-0.280448212385854
"4196","MED20",0.345314143200692,0.973491592580302,0.890957260175999,1,2372.46676115985,-0.595866990654181
"7109","XRRA1",0.345339450991242,0.973491592580302,0.890863760319769,1,2372.46676115985,0.235863234123135
"10081","RETREG3",0.345342757818268,0.973491592580302,0.890851543903354,1,2372.46676115985,-0.134825976594914
"7523","DDX11",0.345535110642897,0.973491592580302,0.890141207015169,1,2372.46676115985,-0.303948614143068
"3712","MATR3",0.345569997342748,0.973491592580302,0.890012431806522,1,2372.46676115985,-1.28452549438266
"7391","GAPDH",0.34569841322306,0.973491592580302,0.889538569522985,1,2372.46676115985,0.0568757686255615
"6948","PRDX5",0.345762886509425,0.973491592580302,0.889300749131405,1,2372.46676115985,0.114347670217897
"9901","AKAP10",0.345903654159522,0.973491592580302,0.888781713053387,1,2372.46676115985,0.0936945372835305
"12834","MT-CYB",0.346102039240324,0.973491592580302,0.888050716640272,1,2372.46676115985,-0.0506207085870954
"9136","HAGH",0.346158791592263,0.973491592580302,0.887841703715269,1,2372.46676115985,0.126136876388872
"35","PRKCZ",0.346205147693866,0.973491592580302,0.887671013539998,1,2372.46676115985,1.18049354152217
"7816","ACTR6",0.34623231453998,0.973491592580302,0.887570995500385,1,2372.46676115985,-0.204070842411308
"3745","RELL2",0.346243901400152,0.973491592580302,0.887528340304787,1,2372.46676115985,0.544053889635479
"4606","CCZ1",0.346308168470101,0.973491592580302,0.887291786359479,1,2372.46676115985,0.225165432557914
"3557","MSH3",0.346326114137198,0.973491592580302,0.887225742655366,1,2372.46676115985,-0.150435135531145
"11112","HPN",0.3463552856763,0.973491592580302,0.887118395358321,1,2372.46676115985,-1.25712977199651
"553","MCOLN3",0.3465113998826,0.973491592580302,0.8865441245472,1,2372.46676115985,0.502514121196419
"9036","ISG20",0.346525094006468,0.973491592580302,0.886493767034343,1,2372.46676115985,-0.177847304856794
"12113","SCARF2",0.346660711679596,0.973491592580302,0.885995204703011,1,2372.46676115985,1.18766840153118
"8343","EGLN3",0.346818855284815,0.973491592580302,0.885414165704886,1,2372.46676115985,0.462738255934586
"2809","EEF1AKMT4",0.346937611458147,0.973491592580302,0.884978077150464,1,2372.46676115985,-0.686138782814032
"9542","NFATC3",0.346954410871672,0.973491592580302,0.884916403804332,1,2372.46676115985,-0.103120526148264
"4366","AFG1L",0.346993000010373,0.973491592580302,0.884774752214815,1,2372.46676115985,-0.19413223548583
"7284","DPAGT1",0.347359190810668,0.973491592580302,0.883431615387406,1,2372.46676115985,-0.324035316198224
"5496","ENPP2",0.347371950338616,0.973491592580302,0.883384849861479,1,2372.46676115985,-0.590786695088644
"7631","PRR13",0.347494584384246,0.973491592580302,0.882935497101551,1,2372.46676115985,0.0929500412483384
"9165","SRRM2",0.347536331146905,0.973491592580302,0.882782578711158,1,2372.46676115985,-0.0770865336939876
"5641","BNC2",0.347648918975121,0.973491592580302,0.882370293778413,1,2372.46676115985,-0.192980002233405
"7041","CABP4",0.34775538316132,0.973491592580302,0.881980599704168,1,2372.46676115985,-0.945936091387589
"9698","RILP",0.347919765366151,0.973491592580302,0.881379224609398,1,2372.46676115985,0.172198191536827
"7050","ALDH3B1",0.347942727341944,0.973491592580302,0.881295251337367,1,2372.46676115985,0.170852829287051
"5244","TNFRSF10A",0.348084535917046,0.973491592580302,0.880776815908953,1,2372.46676115985,0.329597862488146
"11749","EIF2S2",0.348316548918108,0.973491592580302,0.879929222135885,1,2372.46676115985,-0.107420931040296
"682","BCAS2",0.34835256531123,0.973491592580302,0.879797715223592,1,2372.46676115985,-0.195498014076813
"3160","TSPAN5",0.348542125937932,0.973491592580302,0.879105875551327,1,2372.46676115985,0.882841225459314
"10690","LMNB2",0.348665092726452,0.973491592580302,0.878657356889951,1,2372.46676115985,0.457528311975453
"5631","RANBP6",0.348750570887831,0.973491592580302,0.87834570383096,1,2372.46676115985,-0.298702712454396
"11383","RUVBL2",0.348813127071949,0.973491592580302,0.878117690011946,1,2372.46676115985,0.324728415147589
"10125","HIGD1B",0.348941845342505,0.973491592580302,0.877648693899843,1,2372.46676115985,1.1588348517146
"9308","DCTN5",0.348977269264936,0.973491592580302,0.87751966505953,1,2372.46676115985,-0.204592334180346
"11014","SSBP4",0.349305034546956,0.973491592580302,0.876326650125827,1,2372.46676115985,0.197279160086591
"4641","MACC1",0.349362405566027,0.973491592580302,0.87611798506717,1,2372.46676115985,-0.353561726553339
"7712","EEF1AKMT3",0.349375997311181,0.973491592580302,0.876068557141461,1,2372.46676115985,-0.564055652405678
"960","CD247",0.349383271873367,0.973491592580302,0.876042103444153,1,2372.46676115985,-0.46700963582781
"11423","POLD1",0.349592184169767,0.973491592580302,0.875282720631362,1,2372.46676115985,0.293830590261283
"249","TAF12",0.349670070663181,0.973491592580302,0.874999766216918,1,2372.46676115985,0.149168452798081
"9915","IFT20",0.349686711837025,0.973491592580302,0.874939321494352,1,2372.46676115985,-0.180199587476665
"6321","NUDT13",0.349926145154522,0.973491592580302,0.874070075596653,1,2372.46676115985,0.455156120538986
"11450","ZNF350",0.349935153555066,0.973491592580302,0.874037387032844,1,2372.46676115985,-0.307366533417614
"11756","NCOA6",0.349966177446729,0.973491592580302,0.873924820157567,1,2372.46676115985,-0.120586289700646
"4318","C6orf163",0.349975827953652,0.973491592580302,0.873889807094667,1,2372.46676115985,-1.20799015736327
"3995","ALDH5A1",0.350043773828138,0.973491592580302,0.873643329453615,1,2372.46676115985,-0.490760861097651
"9316","ZKSCAN2",0.350080987551059,0.973491592580302,0.87350836209857,1,2372.46676115985,0.546066236694754
"8157","WDFY2",0.350199388358379,0.973491592580302,0.8730790739802,1,2372.46676115985,-0.111728383870573
"9086","TM2D3",0.350323659618323,0.973491592580302,0.872628713780759,1,2372.46676115985,-0.195347262182011
"3350","LRP2BP",0.350504746038861,0.973491592580302,0.871972844307454,1,2372.46676115985,0.665819094102844
"3099","CXCL13",0.350558282286353,0.973491592580302,0.871779031964743,1,2372.46676115985,-1.36570256371839
"10692","GNG7",0.350639449828844,0.973491592580302,0.871485265489471,1,2372.46676115985,0.215386356285599
"3329","WDR17",0.350781729336039,0.973491592580302,0.870970542382892,1,2372.46676115985,0.403812295827945
"7869","MYO1H",0.350789465137805,0.973491592580302,0.870942564806871,1,2372.46676115985,0.973043299869499
"9069","CHD2",0.350915462758228,0.973491592580302,0.8704869956664,1,2372.46676115985,0.0842864459473997
"8305","PSME1",0.350964328535147,0.973491592580302,0.870310371843748,1,2372.46676115985,-0.114490396850247
"2590","WDR5B",0.351067111996237,0.973491592580302,0.869938973612463,1,2372.46676115985,-0.691377436591479
"11888","CASS4",0.351100272488518,0.973491592580302,0.86981918295884,1,2372.46676115985,0.176855222087603
"4431","PTPRK",0.351275814270446,0.973491592580302,0.869185303712834,1,2372.46676115985,-1.5121993540621
"5599","ZNF251",0.351365357138235,0.973491592580302,0.868862131818152,1,2372.46676115985,-0.203918809008155
"6682","OR6A2",0.351414326916248,0.973491592580302,0.868685440997747,1,2372.46676115985,-10
"9429","ITFG1",0.351515915140299,0.973491592580302,0.868319001434948,1,2372.46676115985,0.0762505546698084
"6342","ADK",0.351580696326368,0.973491592580302,0.86808540419389,1,2372.46676115985,-0.0856524735223817
"661","RAP1A",0.35165740325625,0.973491592580302,0.867808879307721,1,2372.46676115985,-0.072298488769358
"4057","HLA-B",0.351723906537331,0.973491592580302,0.867569204678823,1,2372.46676115985,0.0500959378157728
"5092","BRAF",0.351730772836056,0.973491592580302,0.867544462389132,1,2372.46676115985,0.101928432114218
"4772","TPST1",0.351746231655337,0.973491592580302,0.867488759886068,1,2372.46676115985,-0.228627730827222
"5275","LEPROTL1",0.351793180280424,0.973491592580302,0.867319611167814,1,2372.46676115985,0.128309270048383
"10716","APBA3",0.351917785515518,0.973491592580302,0.866870826862807,1,2372.46676115985,-0.393870492341825
"6617","TMEM80",0.351945042793341,0.973491592580302,0.866772684619901,1,2372.46676115985,0.309970680232901
"5190","TNKS",0.352056595530322,0.973491592580302,0.866371137172281,1,2372.46676115985,0.104907721076981
"8149","SPRYD7",0.35207985004321,0.973491592580302,0.866287451636494,1,2372.46676115985,0.276418484594674
"1619","TMEM150A",0.352164126204229,0.973491592580302,0.865984231952448,1,2372.46676115985,-0.311526893219114
"1559","MPHOSPH10",0.352202191678335,0.973491592580302,0.865847307529039,1,2372.46676115985,-0.214595355450691
"8967","PTPN9",0.352351915299853,0.973491592580302,0.865308936130861,1,2372.46676115985,0.111899108245958
"2882","ZNF595",0.35238937820065,0.973491592580302,0.865174277079116,1,2372.46676115985,0.35673042047558
"4350","GRIK2",0.352459095886894,0.973491592580302,0.864923731383502,1,2372.46676115985,0.866968646267575
"1399","FOSL2",0.35261416687117,0.973491592580302,0.864366692587469,1,2372.46676115985,-0.183136320699309
"6131","ANKRD16",0.3526666173742,0.973491592580302,0.864178358029326,1,2372.46676115985,0.391725075747941
"7186","CNTN5",0.352720237331879,0.973491592580302,0.863985863837622,1,2372.46676115985,-10
"720","ITGA10",0.352721994375004,0.973491592580302,0.863979556776817,1,2372.46676115985,-1.19987447900145
"8852","POLR2M",0.352759615863468,0.973491592580302,0.863844521431037,1,2372.46676115985,0.222189303407916
"2949","SH3TC1",0.352790488711081,0.973491592580302,0.86373372377163,1,2372.46676115985,-0.168630599655802
"7458","TAS2R31",0.352797735657757,0.973491592580302,0.863707717570768,1,2372.46676115985,1.16492632393308
"11025","COPE",0.352869437392188,0.973491592580302,0.863450449946364,1,2372.46676115985,-0.0909254282173166
"9604","NUDT7",0.35299784081731,0.973491592580302,0.862989913638399,1,2372.46676115985,-0.492504891641002
"10660","DAZAP1",0.353089921148462,0.973491592580302,0.862659795928234,1,2372.46676115985,-0.205485989547845
"5598","C8orf82",0.353131220705193,0.973491592580302,0.8625117708659,1,2372.46676115985,-0.266343100955805
"6533","PDZD8",0.353152830529933,0.973491592580302,0.862434326782424,1,2372.46676115985,-0.166871369714357
"1992","CCNYL1",0.353185073359008,0.973491592580302,0.862318788770235,1,2372.46676115985,-0.149080687483023
"12284","RPS19BP1",0.353269745047161,0.973491592580302,0.862015447332442,1,2372.46676115985,-0.114713493448398
"3448","EMB",0.353285333325093,0.973491592580302,0.86195961221549,1,2372.46676115985,0.166772873337854
"2026","CTDSP1",0.353489878020096,0.973491592580302,0.861227272455939,1,2372.46676115985,0.16435032443398
"2333","MAP4",0.353685535642865,0.973491592580302,0.860527293349213,1,2372.46676115985,-0.103799652129739
"6415","BLNK",0.353696404811735,0.973491592580302,0.860488423645557,1,2372.46676115985,-0.185650129379906
"81","TMEM201",0.353700914579106,0.973491592580302,0.86047229655136,1,2372.46676115985,-0.893327928115648
"5525","LRRC6",0.353732975354376,0.973491592580302,0.860357654142667,1,2372.46676115985,-0.336881931407491
"1573","DUSP11",0.353812979148488,0.973491592580302,0.860071639810303,1,2372.46676115985,-0.214492761821691
"10669","ATP8B3",0.353899861761975,0.973491592580302,0.859761133797462,1,2372.46676115985,-0.760800102814473
"12676","COL4A5",0.353956478796695,0.973491592580302,0.85955884872939,1,2372.46676115985,-10
"12711","STAG2",0.354025205910297,0.973491592580302,0.859313355437469,1,2372.46676115985,-0.103168902087118
"278","HDAC1",0.354138800731246,0.973491592580302,0.858907737564174,1,2372.46676115985,-0.197325942018968
"4393","FAM229B",0.354224248751833,0.973491592580302,0.858602741961645,1,2372.46676115985,0.489814303161669
"11589","ZNF256",0.354289941751733,0.973491592580302,0.858368327776534,1,2372.46676115985,-1.23283117979584
"2527","RPL24",0.354360117725288,0.973491592580302,0.85811798256539,1,2372.46676115985,0.0668520202949196
"3877","DBN1",0.354363020886375,0.973491592580302,0.858107627313007,1,2372.46676115985,0.805202260160668
"59","GPR153",0.354371583683055,0.973491592580302,0.858077085446759,1,2372.46676115985,-1.19721165093173
"4931","MOSPD3",0.354414541723959,0.973491592580302,0.85792387753157,1,2372.46676115985,-0.336524152510399
"12665","SLC25A53",0.354577962005076,0.973491592580302,0.857341278640805,1,2372.46676115985,0.240108482282372
"10984","MRPL34",0.354704442804161,0.973491592580302,0.856890622526033,1,2372.46676115985,-0.130122728249477
"12094","HIRA",0.354801383216459,0.973491592580302,0.856545368883736,1,2372.46676115985,0.171283184814613
"6702","SWAP70",0.35492779946948,0.973491592580302,0.856095330918867,1,2372.46676115985,-0.0988433845569774
"11785","RAB5IF",0.355002340208878,0.973491592580302,0.855830071044362,1,2372.46676115985,-0.100898895049707
"1010","TOR3A",0.355093063045933,0.973491592580302,0.855507328630787,1,2372.46676115985,0.240003653957767
"9905","DHRS7B",0.355242051977662,0.973491592580302,0.854977552176578,1,2372.46676115985,-0.177309790593404
"1186","DNAH14",0.355303797786878,0.973491592580302,0.85475808496304,1,2372.46676115985,0.33133996247559
"1052","RGS13",0.355354354811114,0.973491592580302,0.854578425692338,1,2372.46676115985,-1.24571484123124
"7","C1orf159",0.355378784897587,0.973491592580302,0.854491623569083,1,2372.46676115985,0.306117135952079
"8465","MPP5",0.355591964128608,0.973491592580302,0.853734526897259,1,2372.46676115985,-0.130931473558516
"12767","ZFP92",0.355613085121594,0.973491592580302,0.853659550485364,1,2372.46676115985,0.823637857211654
"1056","GLRX2",0.355870183778243,0.973491592580302,0.852747377234765,1,2372.46676115985,-0.183094946754621
"12457","CXorf21",0.35591527419301,0.973491592580302,0.852587491796676,1,2372.46676115985,-0.193900234193372
"6293","VPS26A",0.35618606608185,0.973491592580302,0.851627878737365,1,2372.46676115985,0.109261530319794
"1147","BATF3",0.356240757815468,0.973491592580302,0.851434187492505,1,2372.46676115985,1.13981836575577
"3735","HARS2",0.356252582580534,0.973491592580302,0.851392315347644,1,2372.46676115985,0.286374036430586
"10177","TAC4",0.356298669789894,0.973491592580302,0.851229136191391,1,2372.46676115985,-1.19558793173999
"1648","GPAT2",0.356679880852292,0.973491592580302,0.849880506690547,1,2372.46676115985,-10
"10577","CCDC68",0.356915150056515,0.973491592580302,0.849049169654974,1,2372.46676115985,0.766262324802454
"6304","EIF4EBP2",0.356984546486679,0.973491592580302,0.848804097090271,1,2372.46676115985,0.149529279853388
"11529","UBE2S",0.357139100250337,0.973491592580302,0.848258527504541,1,2372.46676115985,-0.187739787258149
"6328","MSS51",0.3571866003598,0.973491592580302,0.848090918836579,1,2372.46676115985,0.465623972216744
"10835","ICAM1",0.357222173422897,0.973491592580302,0.847965415932005,1,2372.46676115985,-0.14273351431683
"5273","DUSP4",0.357357912897103,0.973491592580302,0.847486680373534,1,2372.46676115985,-0.252919859831574
"8581","PSMC1",0.357380355099174,0.973491592580302,0.847407553689516,1,2372.46676115985,-0.125164147736602
"10834","MRPL4",0.357381451802896,0.973491592580302,0.847403687108001,1,2372.46676115985,-0.212427973985914
"7897","ACAD10",0.357392278046193,0.973491592580302,0.847365518555886,1,2372.46676115985,0.205323780825459
"6820","MADD",0.357442581571338,0.973491592580302,0.847188191374523,1,2372.46676115985,-0.180013017129378
"1612","ELMOD3",0.357455385203679,0.973491592580302,0.847143062196486,1,2372.46676115985,-0.180350015883312
"3946","DSP",0.357610675441437,0.973491592580302,0.846595884815242,1,2372.46676115985,1.1367501387599
"10889","ZNF44",0.35770402624852,0.973491592580302,0.84626711296684,1,2372.46676115985,0.203037598839163
"4143","NUDT3",0.357768147004004,0.973491592580302,0.846041354615359,1,2372.46676115985,0.152416547492636
"8189","RBM26",0.357860268588786,0.973491592580302,0.845717107375215,1,2372.46676115985,0.0916680711950238
"10549","ATP5F1A",0.357868385512386,0.973491592580302,0.845688543130127,1,2372.46676115985,-0.128279941871444
"1890","TTN",0.357888045609158,0.973491592580302,0.845619361023724,1,2372.46676115985,-0.879810439763755
"5903","RGS3",0.357942141367882,0.973491592580302,0.845429029885214,1,2372.46676115985,-0.649587197344787
"6516","GPAM",0.358027207378006,0.973491592580302,0.845129812610387,1,2372.46676115985,0.440808376936079
"3188","PAPSS1",0.358199163008897,0.973491592580302,0.844525261889903,1,2372.46676115985,-0.0945622998153392
"3275","SH3D19",0.358212685832409,0.973491592580302,0.84447773612531,1,2372.46676115985,-0.751966635394536
"11032","MEF2B",0.358248536133849,0.973491592580302,0.84435175270479,1,2372.46676115985,-0.296218812446697
"7130","RSF1",0.358277528464173,0.973491592580302,0.844249881916114,1,2372.46676115985,0.0854718355943877
"6178","MRC1",0.358413267216495,0.973491592580302,0.843773085337161,1,2372.46676115985,-0.123943214287749
"856","GON4L",0.358454161483252,0.973491592580302,0.84362948861531,1,2372.46676115985,-0.132570137683816
"8025","PXMP2",0.358553836971416,0.973491592580302,0.843279581023193,1,2372.46676115985,0.393453757267995
"12176","AP1B1",0.358556650140632,0.973491592580302,0.843269707424493,1,2372.46676115985,0.0900596332274955
"11800","RPRD1B",0.358685414809474,0.973491592580302,0.842817886083629,1,2372.46676115985,0.177344973611567
"2214","RAB5A",0.358791313358586,0.973491592580302,0.842446466670175,1,2372.46676115985,-0.118030981870865
"9153","PGP",0.358836291009658,0.973491592580302,0.8422887615756,1,2372.46676115985,0.133719822488587
"6924","PLAAT4",0.35891323661316,0.973491592580302,0.842019030335061,1,2372.46676115985,-0.242869697310256
"989","PIGC",0.359008166667761,0.973491592580302,0.841686364590365,1,2372.46676115985,-0.268686413537779
"5971","ENG",0.359094130824074,0.973491592580302,0.841385222693744,1,2372.46676115985,0.07665391600404
"520","CTH",0.359139709971931,0.973491592580302,0.841225594171615,1,2372.46676115985,0.816923396448968
"12635","TIMM8A",0.359412074121429,0.973491592580302,0.840272293969372,1,2372.46676115985,-0.577879196512387
"6037","AK8",0.359448845138898,0.973491592580302,0.840143668142256,1,2372.46676115985,-0.58909918348452
"1609","TCF7L1",0.359693238379291,0.973491592580302,0.839289235391526,1,2372.46676115985,-10
"3316","NEK1",0.359700209651985,0.973491592580302,0.839264874581936,1,2372.46676115985,0.149039141098202
"4636","AHR",0.359790670355381,0.973491592580302,0.838948822541592,1,2372.46676115985,0.0964344094789807
"6181","NSUN6",0.359794235608655,0.973491592580302,0.838936368484592,1,2372.46676115985,0.192398931912608
"5317","POLB",0.360039623764746,0.973491592580302,0.838079592806678,1,2372.46676115985,-0.21072082962133
"4524","CLDN20",0.360049098243093,0.973491592580302,0.838046528684702,1,2372.46676115985,0.901729498483496
"4741","TNS3",0.360119746521456,0.973491592580302,0.837800017466275,1,2372.46676115985,-0.080793009029021
"1511","XPO1",0.360198976719373,0.973491592580302,0.83752364084305,1,2372.46676115985,-0.099373057380464
"10647","ARHGAP45",0.360247762244241,0.973491592580302,0.837353505248249,1,2372.46676115985,0.181583596514943
"12394","PRKX",0.360336117146237,0.973491592580302,0.837045455454856,1,2372.46676115985,-0.139719469515875
"10762","MLLT1",0.360452120325275,0.973491592580302,0.836641167861165,1,2372.46676115985,0.235310477981298
"447","BTF3L4",0.36055667463868,0.973491592580302,0.83627693485374,1,2372.46676115985,0.11598768865571
"2005","SPAG16",0.360632341605087,0.973491592580302,0.836013426727666,1,2372.46676115985,-0.281354532226053
"10518","IMPACT",0.360680971668538,0.973491592580302,0.83584411411084,1,2372.46676115985,-0.214383456238721
"2568","PLA1A",0.360741736824824,0.973491592580302,0.835632595646876,1,2372.46676115985,0.952582006771412
"12786","TAZ",0.360758048470119,0.973491592580302,0.835575824528902,1,2372.46676115985,-0.228881103430168
"1855","TLK1",0.360954989113955,0.973491592580302,0.834890670788426,1,2372.46676115985,-0.10544578061315
"11878","MOCS3",0.361064163311827,0.973491592580302,0.834511077402602,1,2372.46676115985,0.494465688297268
"4206","RPL7L1",0.361283772621469,0.973491592580302,0.833747985933199,1,2372.46676115985,-0.142039941427959
"4243","RUNX2",0.361545907621056,0.973491592580302,0.832837965178818,1,2372.46676115985,0.169915951629063
"3613","STARD4",0.361617004529577,0.973491592580302,0.832591304072871,1,2372.46676115985,0.25314650639002
"6084","PHPT1",0.361666887699686,0.973491592580302,0.832418281125131,1,2372.46676115985,0.112806231353431
"12414","OFD1",0.361675457414293,0.973491592580302,0.832388559841374,1,2372.46676115985,-0.196161742240466
"2208","OXNAD1",0.361712281168953,0.973491592580302,0.832260859621298,1,2372.46676115985,0.240270142337346
"11808","MAFB",0.361737789288511,0.973491592580302,0.83217241114531,1,2372.46676115985,-0.0729616999791184
"2566","CD80",0.361749849761812,0.973491592580302,0.83213059489157,1,2372.46676115985,-0.276495155296828
"5846","TGFBR1",0.361941656914942,0.973491592580302,0.83146581691913,1,2372.46676115985,0.160681638602885
"1281","SCCPDH",0.361990206872145,0.973491592580302,0.831297626408688,1,2372.46676115985,-0.120079358678337
"12430","REPS2",0.362008162974989,0.973491592580302,0.831235429382967,1,2372.46676115985,-0.190734241722075
"6125","AKR1C1",0.362046715212729,0.973491592580302,0.831101905083818,1,2372.46676115985,1.14545712958121
"5298","DDHD2",0.362205388229723,0.973491592580302,0.830552553454766,1,2372.46676115985,0.243736815570355
"3606","FER",0.362244930734528,0.973491592580302,0.830415702660583,1,2372.46676115985,0.0962750341001922
"8897","HACD3",0.36226092462814,0.973491592580302,0.830360356008965,1,2372.46676115985,-0.166551299301834
"10307","GPRC5C",0.36236730163634,0.973491592580302,0.829992325703958,1,2372.46676115985,1.32576348869618
"1756","BIN1",0.362384066105929,0.973491592580302,0.829934339637213,1,2372.46676115985,0.231686025615671
"6247","MAPK8",0.362392545887989,0.973491592580302,0.829905010612538,1,2372.46676115985,0.124164207809057
"4666","HNRNPA2B1",0.36254645058368,0.973491592580302,0.829372865156094,1,2372.46676115985,0.0666789027682214
"6831","MTCH2",0.362560512042345,0.973491592580302,0.829324261403819,1,2372.46676115985,-0.131242497671128
"9174","THOC6",0.362576265957796,0.973491592580302,0.829269810730698,1,2372.46676115985,0.358024895406419
"5666","C9orf72",0.362587776390595,0.973491592580302,0.829230028985913,1,2372.46676115985,-0.125009144750319
"8352","PRORP",0.36288618018355,0.973491592580302,0.828199310576967,1,2372.46676115985,0.135284121571421
"12401","WWC3",0.362891166911083,0.973491592580302,0.828182095845724,1,2372.46676115985,0.192467026604033
"3879","DOK3",0.362964979185086,0.973491592580302,0.827927326015185,1,2372.46676115985,-0.157527211325987
"11053","ZNF90",0.363149930619208,0.973491592580302,0.827289263751487,1,2372.46676115985,-0.895694420285201
"7709","CDK4",0.363461293751612,0.973491592580302,0.826216109619493,1,2372.46676115985,0.26803770459653
"8143","SETDB2",0.363502300460808,0.973491592580302,0.826074869371165,1,2372.46676115985,-0.144787645045289
"12636","BTK",0.363526614339003,0.973491592580302,0.825991134993957,1,2372.46676115985,-0.144776160451834
"11943","UCKL1",0.363591372500914,0.973491592580302,0.825768152664941,1,2372.46676115985,-0.571710619622322
"11375","PLEKHA4",0.363694762464579,0.973491592580302,0.825412263025729,1,2372.46676115985,-1.23593197518252
"4392","TUBE1",0.363762634574561,0.973491592580302,0.825178709310124,1,2372.46676115985,-0.395394510505541
"3908","MGAT1",0.363942081042162,0.973491592580302,0.824561509186399,1,2372.46676115985,-0.0774666636999179
"11003","PIK3R2",0.363962507143777,0.973491592580302,0.824491281000772,1,2372.46676115985,0.275218082191981
"2629","ACAD9",0.364006375755219,0.973491592580302,0.824340472181728,1,2372.46676115985,0.214759560018792
"9694","INPP5K",0.364053256379055,0.973491592580302,0.82417933666525,1,2372.46676115985,-0.413717601413948
"1591","PCGF1",0.364304066565003,0.973491592580302,0.823317753444476,1,2372.46676115985,0.393404479948697
"8418","ATG14",0.364314232038315,0.973491592580302,0.823282850331878,1,2372.46676115985,-0.156751292864573
"6960","BATF2",0.364367910215604,0.973491592580302,0.823098568887977,1,2372.46676115985,0.246294768112815
"6991","SNX32",0.364419580207763,0.973491592580302,0.8229212172219,1,2372.46676115985,-1.21740507834945
"10189","MYCBPAP",0.364576740283403,0.973491592580302,0.822381996296294,1,2372.46676115985,-1.22200472953911
"2896","FGFRL1",0.364815317072781,0.973491592580302,0.821564047481246,1,2372.46676115985,0.666575834073265
"7090","P2RY6",0.364918972685427,0.973491592580302,0.821208900281538,1,2372.46676115985,-0.114992185018372
"12455","POLA1",0.364966951732269,0.973491592580302,0.821044560726726,1,2372.46676115985,0.191954254265015
"699","WDR3",0.364977705217622,0.973491592580302,0.821007731610739,1,2372.46676115985,0.315727428647964
"512","GNG12",0.365193408478518,0.973491592580302,0.820269297054228,1,2372.46676115985,0.399990479223074
"7388","VAMP1",0.36533950616686,0.973491592580302,0.819769492371843,1,2372.46676115985,0.446003088630264
"5063","CALD1",0.365490865042263,0.973491592580302,0.819251981273957,1,2372.46676115985,-0.986577583683148
"7561","VDR",0.365608722961226,0.973491592580302,0.818849219110523,1,2372.46676115985,-0.297330733978348
"9968","UTP6",0.365693116784915,0.973491592580302,0.818560926240457,1,2372.46676115985,0.168053780551603
"11303","APOC2",0.365744288511137,0.973491592580302,0.818386166411524,1,2372.46676115985,0.365234042441169
"6016","C9orf78",0.365809321673787,0.973491592580302,0.818164116458134,1,2372.46676115985,-0.142276356429651
"2234","STT3B",0.365866212115254,0.973491592580302,0.81796991401891,1,2372.46676115985,-0.108502660055392
"4163","BRPF3",0.365949329691087,0.973491592580302,0.817686257397434,1,2372.46676115985,0.308666171213977
"10537","C18orf21",0.365971929292109,0.973491592580302,0.817609146854791,1,2372.46676115985,0.285765319775565
"5653","HACD4",0.365986627929162,0.973491592580302,0.81755899819439,1,2372.46676115985,0.237360514953718
"11404","BCL2L12",0.366110415230086,0.973491592580302,0.817136772822626,1,2372.46676115985,-0.362898777982629
"1516","EHBP1",0.366265503371138,0.973491592580302,0.816608063205943,1,2372.46676115985,0.140995035676363
"6063","MRPS2",0.366290572463793,0.973491592580302,0.816522629564764,1,2372.46676115985,0.313981223617178
"9450","MMP2",0.366379749347408,0.973491592580302,0.816218787040806,1,2372.46676115985,-0.336152079851423
"5636","ZDHHC21",0.366499852564973,0.973491592580302,0.815809734906318,1,2372.46676115985,0.11862506472966
"5514","NDUFB9",0.366516507713703,0.973491592580302,0.815753024861763,1,2372.46676115985,-0.11245385451334
"2450","PDE12",0.366639017955019,0.973491592580302,0.81533599287958,1,2372.46676115985,0.248237098306879
"9685","GEMIN4",0.366673556819689,0.973491592580302,0.815218455553406,1,2372.46676115985,0.581707460996672
"6120","WDR37",0.366842358735476,0.973491592580302,0.81464423616387,1,2372.46676115985,0.105599140525073
"1687","CHST10",0.366865252857751,0.973491592580302,0.814566384697831,1,2372.46676115985,0.717471652871253
"3059","STAP1",0.366919948441765,0.973491592580302,0.814380419682987,1,2372.46676115985,-0.371666288246364
"1590","LBX2",0.366970961293825,0.973491592580302,0.814207010673694,1,2372.46676115985,-0.63630969486555
"7848","TCP11L2",0.366995543720531,0.973491592580302,0.814123459098884,1,2372.46676115985,0.262895189674872
"9401","SETD1A",0.367128262252701,0.973491592580302,0.813672505226057,1,2372.46676115985,0.296265151089736
"7667","RPS26",0.367161300301186,0.973491592580302,0.813560283058454,1,2372.46676115985,0.0633577193125857
"8578","EFCAB11",0.367200529903676,0.973491592580302,0.813427047924134,1,2372.46676115985,-0.23149160419999
"9636","C16orf74",0.367238030061605,0.973491592580302,0.813299704982408,1,2372.46676115985,1.21331267158655
"10582","ATP8B1",0.367287917173842,0.973491592580302,0.813130326469586,1,2372.46676115985,-0.217279497442521
"2162","IL17RE",0.367429090576261,0.973491592580302,0.812651182745249,1,2372.46676115985,0.799752363080395
"1061","DENND1B",0.367467282353417,0.973491592580302,0.812521603519052,1,2372.46676115985,-0.0995565040111719
"10140","LRRC37A",0.367470786629093,0.973491592580302,0.812509714951898,1,2372.46676115985,0.557985719731368
"4255","MCM3",0.367613454688993,0.973491592580302,0.812025834688296,1,2372.46676115985,0.337748384496382
"1508","KIAA1841",0.36783252315965,0.973491592580302,0.81128333911773,1,2372.46676115985,-0.220032173844737
"12807","CLIC2",0.367853153966655,0.973491592580302,0.811213446176468,1,2372.46676115985,0.217395459938867
"5232","PPP3CC",0.367855367719295,0.973491592580302,0.811205946760701,1,2372.46676115985,0.120553719330994
"7103","P4HA3",0.367868650051022,0.973491592580302,0.811160952208299,1,2372.46676115985,0.424418275368315
"1732","PAX8",0.367891716911475,0.973491592580302,0.811082817453999,1,2372.46676115985,0.200856830155437
"8111","VWA8",0.368258146736894,0.973491592580302,0.809842517260376,1,2372.46676115985,-0.14273858002303
"10700","ZNF77",0.368404849099695,0.973491592580302,0.809346437084365,1,2372.46676115985,0.570837746925267
"9180","MEFV",0.368451199191248,0.973491592580302,0.809189759476542,1,2372.46676115985,0.505262922963735
"10745","UHRF1",0.368572587821895,0.973491592580302,0.80877955846928,1,2372.46676115985,-1.19312165078342
"352","PPT1",0.368600650466108,0.973491592580302,0.808684754900881,1,2372.46676115985,0.104544169360884
"2285","SS18L2",0.368933084333034,0.973491592580302,0.807562463342126,1,2372.46676115985,-0.216078292967314
"6993","EFEMP2",0.369045395443508,0.973491592580302,0.807183621076513,1,2372.46676115985,0.77780740225989
"444","NRDC",0.369135174855181,0.973491592580302,0.806880897127583,1,2372.46676115985,0.0824414701882086
"3818","TTC1",0.369147626968996,0.973491592580302,0.806838918396986,1,2372.46676115985,0.125588642473807
"8637","ANKRD9",0.369231965822024,0.973491592580302,0.806554646075075,1,2372.46676115985,0.189073872519681
"9151","MLST8",0.369317955806439,0.973491592580302,0.806264901604065,1,2372.46676115985,-0.364524524049353
"10255","DCAF7",0.369347162888103,0.973491592580302,0.806166509319256,1,2372.46676115985,0.0961019068727163
"10720","EEF2",0.369448119740311,0.973491592580302,0.805826491228024,1,2372.46676115985,0.0855165351933984
"11755","PIGU",0.369494940411073,0.973491592580302,0.805668845294861,1,2372.46676115985,-0.30081615821169
"594","ARHGAP29",0.369498062456834,0.973491592580302,0.80565833430816,1,2372.46676115985,-10
"10200","UTP18",0.369524111529572,0.973491592580302,0.805570639760522,1,2372.46676115985,0.144919063457896
"4413","ASF1A",0.369524503517774,0.973491592580302,0.805569320192881,1,2372.46676115985,0.223933955433014
"11471","ZNF320",0.369561236261673,0.973491592580302,0.805445673752078,1,2372.46676115985,0.457943967279026
"3533","IQGAP2",0.369835938740318,0.973491592580302,0.804521538047988,1,2372.46676115985,-0.0622808971544571
"8414","SOCS4",0.369921729442314,0.973491592580302,0.804233122842624,1,2372.46676115985,-0.206311235523516
"2178","TAMM41",0.369978001527587,0.973491592580302,0.804043995368779,1,2372.46676115985,0.232020823122335
"616","RNPC3",0.370076527969802,0.973491592580302,0.80371294987195,1,2372.46676115985,-0.150897140921538
"9355","SEZ6L2",0.370078766740755,0.973491592580302,0.80370542910629,1,2372.46676115985,-0.291454083863922
"7891","PPP1CC",0.370230734378052,0.973491592580302,0.803195068329488,1,2372.46676115985,0.125308079597399
"5703","TESK1",0.370490030461216,0.973491592580302,0.8023249354353,1,2372.46676115985,0.205861720084479
"877","NAXE",0.370570647716005,0.973491592580302,0.802054577253789,1,2372.46676115985,-0.204980175964426
"299","TMEM35B",0.370640769500819,0.973491592580302,0.801819483457846,1,2372.46676115985,-0.164779110552869
"4490","RAB32",0.370782145061696,0.973491592580302,0.801345689441717,1,2372.46676115985,-0.120337920774062
"889","CD1B",0.370914826625292,0.973491592580302,0.800901261146386,1,2372.46676115985,1.00052793475877
"4908","MCM7",0.371002115023873,0.973491592580302,0.800609002212851,1,2372.46676115985,0.420190820165419
"6462","BTRC",0.371008499546946,0.973491592580302,0.800587629327847,1,2372.46676115985,0.118473399027598
"4728","POLD2",0.371194022629899,0.973491592580302,0.799966794913066,1,2372.46676115985,-0.439953669036321
"4103","HLA-DRA",0.371210516440679,0.973491592580302,0.799911621008875,1,2372.46676115985,0.0911839689197221
"1361","ASXL2",0.371246094042644,0.973491592580302,0.799792621045883,1,2372.46676115985,-0.100274801910031
"2953","SLC2A9",0.371250011601386,0.973491592580302,0.799779518569205,1,2372.46676115985,-0.145818627753587
"5611","KANK1",0.371256758770841,0.973491592580302,0.799756952766817,1,2372.46676115985,0.331640774077681
"1639","EIF2AK3",0.371336877552346,0.973491592580302,0.79948904055035,1,2372.46676115985,-0.256139096742882
"2344","NCKIPSD",0.371469332897985,0.973491592580302,0.799046295222502,1,2372.46676115985,0.246930842409477
"585","DIPK1A",0.371654355903555,0.973491592580302,0.798428206414279,1,2372.46676115985,-0.198037676463019
"5946","ARPC5L",0.371665989034468,0.973491592580302,0.798389359088358,1,2372.46676115985,-0.168319078348522
"4094","FKBPL",0.371735191176075,0.973491592580302,0.798158302672062,1,2372.46676115985,0.385612168871501
"1675","MGAT4A",0.371870564087034,0.973491592580302,0.797706484999452,1,2372.46676115985,-0.113674280571733
"7320","STT3A",0.371874238294286,0.973491592580302,0.797694225251049,1,2372.46676115985,0.216076181668019
"5412","CA3",0.371974468758204,0.973491592580302,0.797359851004752,1,2372.46676115985,0.657537746702159
"4369","SESN1",0.372079947459238,0.973491592580302,0.797008104391792,1,2372.46676115985,0.133054794892371
"4549","PACRG",0.372219841375256,0.973491592580302,0.796541806226926,1,2372.46676115985,1.02575958016909
"10098","IFI35",0.372240474764017,0.973491592580302,0.796473051204496,1,2372.46676115985,-0.11124176678188
"5569","PARP10",0.37229628094369,0.973491592580302,0.79628711935698,1,2372.46676115985,0.170435302806365
"10881","ZNF69",0.37239132490716,0.973491592580302,0.795970547032293,1,2372.46676115985,0.230601847681161
"10458","YES1",0.372421914777478,0.973491592580302,0.795868682372732,1,2372.46676115985,-0.58532805271002
"9002","MESD",0.37270700280479,0.973491592580302,0.794919898277095,1,2372.46676115985,-0.108792070560871
"8442","TRMT5",0.372862545101468,0.973491592580302,0.794402675599473,1,2372.46676115985,-0.337676520622085
"10646","ABCA7",0.372864672723848,0.973491592580302,0.794395602739896,1,2372.46676115985,-0.316652787289692
"7356","WNK1",0.373002890999203,0.973491592580302,0.793936244466623,1,2372.46676115985,-0.0676116647837763
"2462","FHIT",0.373016515257377,0.973491592580302,0.79389097815054,1,2372.46676115985,0.0702774196320462
"3044","TMEM165",0.373084488857994,0.973491592580302,0.793665171851746,1,2372.46676115985,0.086598589242608
"11128","U2AF1L4",0.373096437071603,0.973491592580302,0.79362548619134,1,2372.46676115985,0.233237863654895
"11185","EIF3K",0.373282002621656,0.973491592580302,0.793009363750259,1,2372.46676115985,-0.0930143548140679
"11244","CEACAM21",0.373315415861338,0.973491592580302,0.792898469300675,1,2372.46676115985,-0.722729770630942
"6428","MMS19",0.373331429094036,0.973491592580302,0.79284532827092,1,2372.46676115985,-0.210845690655793
"12239","RAC2",0.373349226119091,0.973491592580302,0.79278627134791,1,2372.46676115985,-0.154217265696771
"11843","PCIF1",0.373570249856675,0.973491592580302,0.792053163657914,1,2372.46676115985,0.274951865605976
"6303","LRRC20",0.373610191592849,0.973491592580302,0.791920746820617,1,2372.46676115985,0.913379478259371
"8004","RFLNA",0.373624259470763,0.973491592580302,0.791874113013291,1,2372.46676115985,0.655089009535165
"8770","TTBK2",0.373759789773189,0.973491592580302,0.791424967707338,1,2372.46676115985,0.127407683711319
"9190","SLX4",0.373852056375405,0.973491592580302,0.791119328200493,1,2372.46676115985,-0.489354729319561
"3441","HMGCS1",0.37387359606056,0.973491592580302,0.791047991724571,1,2372.46676115985,-0.330839328109323
"2047","DNAJB2",0.373931573212426,0.973491592580302,0.790856007987727,1,2372.46676115985,-0.214303818912759
"3714","SPATA24",0.373936555985037,0.973491592580302,0.790839510136756,1,2372.46676115985,0.77575536977435
"10313","CD300LF",0.373967598039387,0.973491592580302,0.790736737514798,1,2372.46676115985,-0.242541170529838
"3005","LIAS",0.374075836384853,0.973491592580302,0.790378480457494,1,2372.46676115985,0.229076358845686
"5157","KMT2C",0.374077688243151,0.973491592580302,0.790372352274147,1,2372.46676115985,-0.0675346676586165
"5344","TGS1",0.37408611077964,0.973491592580302,0.790344480890003,1,2372.46676115985,0.173482864032919
"9942","PIPOX",0.374126417778116,0.973491592580302,0.790211111417037,1,2372.46676115985,-0.275552340054704
"8884","TRIP4",0.374551965021671,0.973491592580302,0.788804271327984,1,2372.46676115985,-0.132008906340439
"853","MSTO1",0.374570105402724,0.973491592580302,0.788744349871056,1,2372.46676115985,0.552501506683246
"5975","DPM2",0.374743369988186,0.973491592580302,0.788172225954223,1,2372.46676115985,-0.23593215632763
"12403","MID1",0.374800628811209,0.973491592580302,0.787983237510075,1,2372.46676115985,0.647826500176334
"2880","RPL35A",0.374842467287239,0.973491592580302,0.787845171073912,1,2372.46676115985,0.0632599409252341
"10670","REXO1",0.374916825579807,0.973491592580302,0.787599843029384,1,2372.46676115985,0.248671425045438
"5902","POLE3",0.375309984114538,0.973491592580302,0.786303841473451,1,2372.46676115985,0.1567260118385
"4650","FAM126A",0.375395132980065,0.973491592580302,0.786023409219841,1,2372.46676115985,0.175828003787542
"8777","TUBGCP4",0.375429515066513,0.973491592580302,0.785910199370489,1,2372.46676115985,0.291374928740758
"9958","ATAD5",0.375630438723656,0.973491592580302,0.785248909410578,1,2372.46676115985,-0.298516568346479
"6273","ADO",0.37563691170581,0.973491592580302,0.785227613471101,1,2372.46676115985,-0.329744074855816
"7823","SYCP3",0.375655812877534,0.973491592580302,0.785165432068355,1,2372.46676115985,-0.711322838984414
"4391","FYN",0.375813528514395,0.973491592580302,0.784646747742556,1,2372.46676115985,-0.202990419775659
"11702","NAA20",0.375985111162223,0.973491592580302,0.784082805833067,1,2372.46676115985,-0.133332104224459
"8533","TMED10",0.376113655640022,0.973491592580302,0.783660554726587,1,2372.46676115985,0.0834837970717399
"5893","SLC46A2",0.376212933684972,0.973491592580302,0.783334578682921,1,2372.46676115985,-0.720595924984677
"8932","THAP10",0.376271794849698,0.973491592580302,0.783141367175602,1,2372.46676115985,-1.15598669004433
"9107","JMJD8",0.376292493965361,0.973491592580302,0.783073432521263,1,2372.46676115985,0.276413948802897
"2315","FYCO1",0.376301017806713,0.973491592580302,0.783045458736751,1,2372.46676115985,-0.321001718031647
"2810","PSMD2",0.376325022531188,0.973491592580302,0.782966684137976,1,2372.46676115985,-0.136553001939664
"8415","MAPK1IP1L",0.376352749551679,0.973491592580302,0.782875703138193,1,2372.46676115985,-0.126671937148326
"3646","PHAX",0.376367285909022,0.973491592580302,0.782828008583048,1,2372.46676115985,0.159911372223302
"7534","ALG10",0.376460059667738,0.973491592580302,0.782523673998873,1,2372.46676115985,-0.620043770594822
"5254","KCTD9",0.376597571810205,0.973491592580302,0.782072773826411,1,2372.46676115985,-0.222450804985488
"917","USF1",0.376609334636885,0.973491592580302,0.782034214452865,1,2372.46676115985,-0.265588814168417
"4402","CALHM6",0.376643940523111,0.973491592580302,0.781920783745308,1,2372.46676115985,0.205636831552068
"1715","MTLN",0.376703792106675,0.973491592580302,0.781724637631645,1,2372.46676115985,-0.199450462962603
"11469","ZNF28",0.376808472350656,0.973491592580302,0.781381684029378,1,2372.46676115985,0.357475079491318
"6146","UPF2",0.376810575140665,0.973491592580302,0.781374796238397,1,2372.46676115985,0.111855503550778
"109","MFN2",0.376936226971276,0.973491592580302,0.780963315699704,1,2372.46676115985,0.180830711647849
"152","AKR7A2",0.376984599255091,0.973491592580302,0.780804959165895,1,2372.46676115985,-0.171039090844748
"5850","STX17",0.377171677391775,0.973491592580302,0.780192789803207,1,2372.46676115985,-0.134455358897849
"9073","IGF1R",0.377177189076444,0.973491592580302,0.780174760588121,1,2372.46676115985,0.197866948772226
"3039","USP46",0.377209578007432,0.973491592580302,0.780068820981305,1,2372.46676115985,-0.229810372818693
"10721","PIAS4",0.377233415399524,0.973491592580302,0.779990860426974,1,2372.46676115985,0.304866902148591
"5796","SYK",0.37728621430019,0.973491592580302,0.779818205507016,1,2372.46676115985,-0.0802831413018091
"2969","MED28",0.377364550324262,0.973491592580302,0.779562105641985,1,2372.46676115985,-0.150482822088694
"3093","SCARB2",0.377370960938004,0.973491592580302,0.779541151071199,1,2372.46676115985,-0.0680395915609999
"11202","PLEKHG2",0.377459397230474,0.973491592580302,0.779252127776246,1,2372.46676115985,0.232514884826048
"8906","SNAPC5",0.377617118266553,0.973491592580302,0.778736907977814,1,2372.46676115985,-0.205166889871023
"3470","ELOVL7",0.377705337930315,0.973491592580302,0.778448857155656,1,2372.46676115985,0.717753328856049
"4244","ENPP4",0.377713690603587,0.973491592580302,0.778421589298889,1,2372.46676115985,-0.228261617975938
"7568","CCNT1",0.377717673822821,0.973491592580302,0.778408586114198,1,2372.46676115985,0.192220669227291
"12769","CCNQ",0.377731721035407,0.973491592580302,0.778362730652055,1,2372.46676115985,0.256292969893175
"3038","SPATA18",0.377768014777775,0.973491592580302,0.778244265147853,1,2372.46676115985,0.666169199032339
"11929","PPDPF",0.377964070387771,0.973491592580302,0.777604602033388,1,2372.46676115985,0.113804405032974
"10299","SLC39A11",0.377987869916866,0.973491592580302,0.777526984042657,1,2372.46676115985,-0.0968709677620247
"9796","FGF11",0.378003243721922,0.973491592580302,0.777476848734258,1,2372.46676115985,-0.631849699151168
"3716","UBE2D2",0.378004243755743,0.973491592580302,0.777473587636973,1,2372.46676115985,0.0893896547498329
"10226","PPM1E",0.378028061175148,0.973491592580302,0.777395922934686,1,2372.46676115985,0.732765022093353
"10138","KANSL1",0.378050854004235,0.973491592580302,0.77732160571008,1,2372.46676115985,-0.062295109124643
"11846","SLC12A5",0.378051723482121,0.973491592580302,0.777318770856478,1,2372.46676115985,0.196430603048446
"7411","C12orf57",0.378141760035996,0.973491592580302,0.777025264587202,1,2372.46676115985,-0.235240620830412
"9816","KCNAB3",0.378160938311652,0.973491592580302,0.776962758879189,1,2372.46676115985,0.906663908879677
"6306","SGPL1",0.378240599069858,0.973491592580302,0.776703176881558,1,2372.46676115985,-0.0973203056842701
"8719","FAM98B",0.37825868588516,0.973491592580302,0.776644250043899,1,2372.46676115985,0.23142242521626
"6215","EPC1",0.378315775724837,0.973491592580302,0.776458277417912,1,2372.46676115985,0.0881149296322118
"8591","FBLN5",0.378324074046082,0.973491592580302,0.776431248570082,1,2372.46676115985,-0.298526820278813
"11223","SPTBN4",0.37844645805912,0.973491592580302,0.776032722946405,1,2372.46676115985,-0.80458406081507
"12335","PARVG",0.378511946397457,0.973491592580302,0.77581954438019,1,2372.46676115985,-0.139416723661532
"2273","RPSA",0.37873837289808,0.973491592580302,0.77508287823231,1,2372.46676115985,0.0842918486472383
"7252","PAFAH1B2",0.378792400792184,0.973491592580302,0.774907193236527,1,2372.46676115985,-0.120372674539107
"1182","NVL",0.37882490467853,0.973491592580302,0.774801515877484,1,2372.46676115985,0.15971322503347
"9295","MOSMO",0.37886217904961,0.973491592580302,0.77468034435516,1,2372.46676115985,0.149410475779108
"5075","TRIM24",0.378893059948301,0.973491592580302,0.774579969469414,1,2372.46676115985,0.140083893125292
"8268","RPGRIP1",0.379074225243474,0.973491592580302,0.773991344448526,1,2372.46676115985,0.532063329129013
"10868","RGL3",0.379171132047014,0.973491592580302,0.773676647015649,1,2372.46676115985,-0.594422881563788
"662","INKA2",0.379283723700969,0.973491592580302,0.773311156748672,1,2372.46676115985,0.237775062924978
"9479","MMP15",0.379318569209254,0.973491592580302,0.773198073761082,1,2372.46676115985,1.08550268535721
"638","AMPD2",0.37932002537776,0.973491592580302,0.773193348424266,1,2372.46676115985,0.175673428092304
"1067","CAMSAP2",0.379494182576305,0.973491592580302,0.772628384543997,1,2372.46676115985,-0.121022536618548
"3793","SLC36A1",0.379570327112297,0.973491592580302,0.772381487564223,1,2372.46676115985,-0.0967916872486267
"5262","CCDC25",0.379609583779019,0.973491592580302,0.772254226006608,1,2372.46676115985,-0.16257629065691
"2855","TFRC",0.379657972641185,0.973491592580302,0.772097385429694,1,2372.46676115985,-0.132458288279374
"10548","PSTPIP2",0.379840189744589,0.973491592580302,0.771507026786456,1,2372.46676115985,0.138821108660157
"6175","HACD1",0.37987776646522,0.973491592580302,0.771385333066362,1,2372.46676115985,0.565738755577905
"9499","CIAO2B",0.379920565307707,0.973491592580302,0.771246748005211,1,2372.46676115985,-0.117222217375848
"6705","AMPD3",0.379924563178812,0.973491592580302,0.771233803799732,1,2372.46676115985,-0.142125797071235
"2555","ZDHHC23",0.379976784324182,0.973491592580302,0.771064741171872,1,2372.46676115985,-1.14297582046409
"6009","CRAT",0.380063213517593,0.973491592580302,0.770785004276828,1,2372.46676115985,-0.295355693850224
"3182","ARHGEF38",0.380082940330645,0.973491592580302,0.770721169032822,1,2372.46676115985,-1.14912734801775
"4955","RASA4B",0.380092189727365,0.973491592580302,0.770691239935987,1,2372.46676115985,-0.85911044418123
"12409","TLR8",0.38009258304136,0.973491592580302,0.770689967277668,1,2372.46676115985,-0.184864541227804
"8611","IFI27L2",0.38011037969497,0.973491592580302,0.770632384039266,1,2372.46676115985,0.125082370326122
"11412","AKT1S1",0.380260705074892,0.973491592580302,0.770146139924522,1,2372.46676115985,-0.276303773902812
"11318","PPM1N",0.380331286445448,0.973491592580302,0.76991793035585,1,2372.46676115985,-0.869626964993899
"12757","MAMLD1",0.380335080763015,0.973491592580302,0.769905663947452,1,2372.46676115985,-0.228115788058978
"11043","PBX4",0.38041248537426,0.973491592580302,0.769655465241523,1,2372.46676115985,0.56479198994741
"5886","UGCG",0.380552177768855,0.973491592580302,0.769204112762921,1,2372.46676115985,0.154865884091224
"9376","MYLPF",0.380655484822586,0.973491592580302,0.768870473607098,1,2372.46676115985,-1.14342241564907
"7328","FOXRED1",0.38074907235989,0.973491592580302,0.768568334985196,1,2372.46676115985,-0.331283046367979
"5054","MEST",0.380781287760411,0.973491592580302,0.768464354869259,1,2372.46676115985,-10
"7266","MPZL3",0.380845876619096,0.973491592580302,0.768255921952014,1,2372.46676115985,-0.652623228429121
"348","TRIT1",0.380864791930239,0.973491592580302,0.768194890339044,1,2372.46676115985,0.238093489849464
"8290","RNF212B",0.380867482588865,0.973491592580302,0.768186209083573,1,2372.46676115985,0.804958343187354
"8744","VPS18",0.380964729116982,0.973491592580302,0.767872506957491,1,2372.46676115985,0.198289806517218
"5546","THEM6",0.380974921921854,0.973491592580302,0.767839633117375,1,2372.46676115985,-0.50995195761655
"10202","COX11",0.380993291260052,0.973491592580302,0.767780391458567,1,2372.46676115985,-0.232593554070983
"653","DENND2D",0.381017501659286,0.973491592580302,0.767702318376676,1,2372.46676115985,0.198137891451279
"12019","ETS2",0.381061203527133,0.973491592580302,0.767561407465909,1,2372.46676115985,-0.175430423700466
"4687","LSM5",0.381067941156742,0.973491592580302,0.767539684901556,1,2372.46676115985,-0.158103910861979
"5715","GLIPR2",0.381142612149079,0.973491592580302,0.767298977048403,1,2372.46676115985,0.0948824401996123
"1426","FEZ2",0.381190785068687,0.973491592580302,0.767143723232391,1,2372.46676115985,-0.0922031980867821
"7567","KANSL2",0.381251798902153,0.973491592580302,0.766947124993458,1,2372.46676115985,0.233216569108869
"7742","SLC35E3",0.381286570757949,0.973491592580302,0.766835103339223,1,2372.46676115985,0.137254812846973
"6777","CAT",0.381298250150243,0.973491592580302,0.766797480036073,1,2372.46676115985,-0.106644825507933
"1869","CIR1",0.381605022084404,0.973491592580302,0.765809846745447,1,2372.46676115985,0.102489019466489
"5550","GLI4",0.381614688719239,0.973491592580302,0.765778743877162,1,2372.46676115985,-0.402577469395919
"5121","ZNF212",0.381671028843946,0.973491592580302,0.765597488974607,1,2372.46676115985,0.27211010628699
"8998","ZFAND6",0.381711337586983,0.973491592580302,0.765467832752513,1,2372.46676115985,0.0884303318503088
"6361","SH2D4B",0.381957211668027,0.973491592580302,0.764677379142048,1,2372.46676115985,0.904826762485621
"2212","SATB1",0.382142334268463,0.973491592580302,0.764082709138864,1,2372.46676115985,-0.129837474524147
"11366","LMTK3",0.38218227996957,0.973491592580302,0.763954444943528,1,2372.46676115985,-1.17230926533541
"11287","ZNF226",0.382211486866945,0.973491592580302,0.763860674676427,1,2372.46676115985,-0.250854425526418
"3371","NDUFS6",0.382222093272903,0.973491592580302,0.763826624769644,1,2372.46676115985,-0.109845802715941
"10470","EPB41L3",0.382230037638685,0.973491592580302,0.763801121727873,1,2372.46676115985,-0.0733869869704248
"1126","CR1",0.382415674950513,0.973491592580302,0.763205401661843,1,2372.46676115985,0.219882746476354
"10363","AC015802.6",0.382452060019148,0.973491592580302,0.763088688058884,1,2372.46676115985,0.861177189495099
"5529","SLA",0.382527809111908,0.973491592580302,0.76284575563343,1,2372.46676115985,-0.0816860126183169
"1167","RAB3GAP2",0.382555517870581,0.973491592580302,0.762756908815532,1,2372.46676115985,0.111532957446018
"3471","ERCC8",0.382697659524134,0.973491592580302,0.76230128173379,1,2372.46676115985,-0.202172900163394
"12701","NKAP",0.382805134344681,0.973491592580302,0.761956936481652,1,2372.46676115985,0.152180073728335
"5929","TTLL11",0.382822956898875,0.973491592580302,0.761899846943021,1,2372.46676115985,-0.346524949903453
"2992","RELL1",0.382874830298978,0.973491592580302,0.761733706542901,1,2372.46676115985,0.145613585374905
"8523","AREL1",0.382905244402778,0.973491592580302,0.761636310932637,1,2372.46676115985,0.152682627615172
"7008","KLC2",0.382945310018644,0.973491592580302,0.761508024861585,1,2372.46676115985,0.500014495705393
"1952","AOX1",0.382951038467944,0.973491592580302,0.761489684498475,1,2372.46676115985,-0.742887467662852
"10583","NEDD4L",0.383113048637125,0.973491592580302,0.760971149273729,1,2372.46676115985,0.133919428542745
"5608","WASHC1",0.383172600833194,0.973491592580302,0.760780622668489,1,2372.46676115985,0.201675738746646
"10808","MYO1F",0.383260469581969,0.973491592580302,0.760499579015412,1,2372.46676115985,0.0685900034414414
"9651","CYBA",0.383347873070417,0.973491592580302,0.760220114145941,1,2372.46676115985,0.0555358133364181
"6170","RSU1",0.38356088279464,0.973491592580302,0.759539413028944,1,2372.46676115985,0.102084947585363
"5670","SMIM27",0.383572431265004,0.973491592580302,0.759502523675702,1,2372.46676115985,0.293424205805644
"11385","LIN7B",0.383575553498119,0.973491592580302,0.759492550577052,1,2372.46676115985,-0.455723976432131
"10520","SS18",0.383757933537782,0.973491592580302,0.75891018852247,1,2372.46676115985,0.135617561828735
"10000","CCL3",0.3837605323387,0.973491592580302,0.758901893068346,1,2372.46676115985,-0.367971918268387
"9392","TMEM265",0.383769599116613,0.973491592580302,0.758872952253034,1,2372.46676115985,0.34810160480677
"1002","KIAA0040",0.383908526402219,0.973491592580302,0.758429622920332,1,2372.46676115985,-0.271048637690058
"6072","SNAPC4",0.383942526380147,0.973491592580302,0.758321160657791,1,2372.46676115985,0.313395291857564
"10124","ADAM11",0.384174889023604,0.973491592580302,0.757580272841502,1,2372.46676115985,1.07766683040713
"6732","KCNC1",0.384278512998201,0.973491592580302,0.757250073182166,1,2372.46676115985,-0.836428569424531
"6237","RASSF4",0.38433818393742,0.973491592580302,0.757059988044329,1,2372.46676115985,0.0990541835016575
"11357","ZSWIM9",0.384390681819856,0.973491592580302,0.756892787749345,1,2372.46676115985,0.285397732232484
"996","DARS2",0.384402312878459,0.973491592580302,0.756855748427647,1,2372.46676115985,-0.386481047159338
"10901","DHPS",0.384419027278373,0.973491592580302,0.756802523899515,1,2372.46676115985,0.198084257306743
"4459","PEX7",0.38443959497892,0.973491592580302,0.756737033619183,1,2372.46676115985,-0.245105096086644
"2190","XPC",0.384447775446239,0.973491592580302,0.756710987312469,1,2372.46676115985,-0.137217286425555
"5746","MAMDC2",0.384501992733195,0.973491592580302,0.756538381370603,1,2372.46676115985,-1.25876300858198
"4633","ANKMY2",0.384516606312995,0.973491592580302,0.756491863552355,1,2372.46676115985,0.175822421851615
"7817","DEPDC4",0.38452893699445,0.973491592580302,0.756452614590121,1,2372.46676115985,-0.493939642225454
"791","TDRKH",0.384582372426535,0.973491592580302,0.756282548529715,1,2372.46676115985,-0.413837260110231
"9514","TMEM208",0.384611447779685,0.973491592580302,0.756190026081689,1,2372.46676115985,-0.153123669574459
"7170","MRE11",0.384749518793374,0.973491592580302,0.755750797568572,1,2372.46676115985,-0.192012102089457
"311","AGO1",0.384807936113357,0.973491592580302,0.755565029100228,1,2372.46676115985,0.121772679411894
"7241","TTC12",0.384835330670642,0.973491592580302,0.755477927563047,1,2372.46676115985,0.345518185697997
"12563","ZXDB",0.384838854016628,0.973491592580302,0.755466725654464,1,2372.46676115985,0.645152899868468
"1323","ROCK2",0.384864479427898,0.973491592580302,0.755385258190922,1,2372.46676115985,0.108371191888061
"3388","OTULIN",0.384877884747693,0.973491592580302,0.755342643511872,1,2372.46676115985,-0.157304413498519
"4190","FOXP4",0.384905169247816,0.973491592580302,0.755255914298529,1,2372.46676115985,-0.384887801604101
"2615","AC024558.2",0.384987616272057,0.973491592580302,0.754993893128759,1,2372.46676115985,0.37230952748587
"10742","TICAM1",0.385057287940032,0.973491592580302,0.754772534933982,1,2372.46676115985,-0.265648141730387
"3463","SETD9",0.385152857308351,0.973491592580302,0.754468988172235,1,2372.46676115985,-0.402525637236461
"9061","HDDC3",0.385202526761967,0.973491592580302,0.754311270698675,1,2372.46676115985,-0.290697103794711
"10927","C19orf53",0.385474366471009,0.973491592580302,0.75344859891917,1,2372.46676115985,-0.0941985517834841
"4953","LRWD1",0.385510441013584,0.973491592580302,0.753334182936611,1,2372.46676115985,0.540509876226586
"10623","HSBP1L1",0.385515134668948,0.973491592580302,0.753319297403776,1,2372.46676115985,-0.231226900427085
"3130","SLC10A6",0.38558411811357,0.973491592580302,0.753100551958876,1,2372.46676115985,-1.28813047206065
"1185","CNIH3",0.38561378341798,0.973491592580302,0.753006500855774,1,2372.46676115985,0.175983198632719
"2014","SMARCAL1",0.385674451137112,0.973491592580302,0.752814191520984,1,2372.46676115985,0.167421389045857
"1610","TGOLN2",0.385693427649551,0.973491592580302,0.752754047109721,1,2372.46676115985,-0.080183123810895
"283","ZBTB8A",0.385723041271701,0.973491592580302,0.752660197714955,1,2372.46676115985,-0.524527439568718
"12339","NUP50",0.385732667713482,0.973491592580302,0.752629692485703,1,2372.46676115985,-0.148284641627792
"11081","URI1",0.385789232626124,0.973491592580302,0.752450465833316,1,2372.46676115985,-0.122097756534987
"7379","NDUFA9",0.385866612320963,0.973491592580302,0.75220534784994,1,2372.46676115985,-0.155640671439899
"9055","IQGAP1",0.385888420940663,0.973491592580302,0.752136276669206,1,2372.46676115985,0.0578875736274003
"1262","KMO",0.386016332522664,0.973491592580302,0.751731273291519,1,2372.46676115985,0.141797849087329
"1624","ST3GAL5",0.386048122306777,0.973491592580302,0.751630647702693,1,2372.46676115985,-0.108691195404975
"4673","JAZF1",0.386155806879134,0.973491592580302,0.751289876689675,1,2372.46676115985,-0.125679348780732
"3945","RIOK1",0.386186316821416,0.973491592580302,0.751193351675749,1,2372.46676115985,-0.28999614875268
"10958","RASAL3",0.386194475820405,0.973491592580302,0.751167540701275,1,2372.46676115985,0.294116065605644
"4626","ICA1",0.386232008204553,0.973491592580302,0.751048817092747,1,2372.46676115985,-0.179166240477522
"9159","TBC1D24",0.386308669443305,0.973491592580302,0.750806370918796,1,2372.46676115985,0.302186438044846
"11027","HOMER3",0.386310007672591,0.973491592580302,0.750802139289842,1,2372.46676115985,-0.146214917524005
"2161","JAGN1",0.386331918984781,0.973491592580302,0.750732856267813,1,2372.46676115985,0.200060940937588
"5539","PTK2",0.386359290560083,0.973491592580302,0.750646315892796,1,2372.46676115985,-0.268312419285949
"1085","CYB5R1",0.386386598405164,0.973491592580302,0.750559985715021,1,2372.46676115985,-0.182554078417941
"2488","PPP4R2",0.386403019496116,0.973491592580302,0.750508076769839,1,2372.46676115985,0.104892858269087
"2074","SP100",0.386504414345932,0.973491592580302,0.7501876256572,1,2372.46676115985,0.0633822638781363
"9991","SLFN12",0.386518993331852,0.973491592580302,0.750141559671415,1,2372.46676115985,-0.1990716686922
"7427","C3AR1",0.386519079922788,0.973491592580302,0.750141286072892,1,2372.46676115985,0.11369473380767
"7774","PPP1R12A",0.386526824346139,0.973491592580302,0.750116816627176,1,2372.46676115985,-0.0773901635343101
"10199","MBTD1",0.386538495105403,0.973491592580302,0.750079942765955,1,2372.46676115985,0.123034535768562
"3225","SPATA5",0.386552545864111,0.973491592580302,0.750035551381026,1,2372.46676115985,0.159802105605966
"8258","ANG",0.386613646474508,0.973491592580302,0.749842539377037,1,2372.46676115985,-0.293208186235419
"8633","MOK",0.386644129877711,0.973491592580302,0.749746260963913,1,2372.46676115985,0.404497478213695
"10145","CDC27",0.386651079515194,0.973491592580302,0.749724312826719,1,2372.46676115985,-0.104696019731706
"7846","NUAK1",0.386703486916825,0.973491592580302,0.749558819440427,1,2372.46676115985,0.766701405410209
"286","SYNC",0.386715863547006,0.973491592580302,0.749519740877422,1,2372.46676115985,-0.415507927968445
"2207","DPH3",0.386824340872197,0.973491592580302,0.749177305648887,1,2372.46676115985,0.179023881101721
"2796","MCF2L2",0.386872365610981,0.973491592580302,0.749025747512258,1,2372.46676115985,-0.515704194237229
"2891","PCGF3",0.386972894955496,0.973491592580302,0.748708580325636,1,2372.46676115985,-0.176838186087979
"3427","PTGER4",0.386982372264251,0.973491592580302,0.748678685747947,1,2372.46676115985,-0.281488675740448
"5907","WHRN",0.38706612348632,0.973491592580302,0.748414551952057,1,2372.46676115985,-0.273740398461833
"10546","SIGLEC15",0.387266747893008,0.973491592580302,0.747782155907301,1,2372.46676115985,0.373336448698149
"5749","TRPM3",0.387368388346174,0.973491592580302,0.747461949330296,1,2372.46676115985,0.825973238802474
"5403","IMPA1",0.387398522531939,0.973491592580302,0.747367038067715,1,2372.46676115985,-0.200147894062364
"3831","DOCK2",0.387556530503714,0.973491592580302,0.746869545177094,1,2372.46676115985,-0.0709526709660485
"8226","RAB20",0.387602837889101,0.973491592580302,0.746723799793869,1,2372.46676115985,0.10168650360308
"11286","ZNF234",0.387653391467705,0.973491592580302,0.746564718531658,1,2372.46676115985,-0.294024933088847
"11718","PYGB",0.387653499341699,0.973491592580302,0.746564379106998,1,2372.46676115985,-0.201258729570808
"11853","TP53RK",0.387696563288948,0.973491592580302,0.746428889506751,1,2372.46676115985,0.245764805226569
"8270","CHD8",0.387792456818963,0.973491592580302,0.746127262391955,1,2372.46676115985,0.104727451751318
"7734","IRAK3",0.387860772174812,0.973491592580302,0.745912445621289,1,2372.46676115985,-0.128717405496542
"1761","SFT2D3",0.387921912704675,0.973491592580302,0.745720235786896,1,2372.46676115985,-0.466783067029539
"1190","EPHX1",0.38810644459042,0.973491592580302,0.745140377918824,1,2372.46676115985,-0.17038245104543
"12234","CSF2RB",0.388167524749733,0.973491592580302,0.744948531329481,1,2372.46676115985,0.18462559820747
"4006","BTN2A2",0.388211174595116,0.973491592580302,0.744811457994869,1,2372.46676115985,-0.334384654664922
"3246","MGST2",0.388231439106066,0.973491592580302,0.744747828958428,1,2372.46676115985,0.144100561285205
"7804","HAL",0.38837118630393,0.973491592580302,0.744309162385937,1,2372.46676115985,-0.830599788469886
"9763","MIS12",0.388487348871334,0.973491592580302,0.743944699526175,1,2372.46676115985,-0.329645315936104
"3317","CLCN3",0.388537375924851,0.973491592580302,0.743787786388853,1,2372.46676115985,-0.125044303138551
"8199","MBNL2",0.388564333107879,0.973491592580302,0.743703245380091,1,2372.46676115985,0.110698969701143
"1313","YWHAQ",0.388617618376615,0.973491592580302,0.743536160935605,1,2372.46676115985,0.118093141658326
"6828","PTPMT1",0.38868912284752,0.973491592580302,0.743311998705142,1,2372.46676115985,-0.191918149944317
"4873","SGCE",0.388725723845012,0.973491592580302,0.743197279568585,1,2372.46676115985,0.550594900187644
"1966","C2CD6",0.38874554383049,0.973491592580302,0.743135163888367,1,2372.46676115985,-1.37170511617112
"12754","AFF2",0.388806766047481,0.973491592580302,0.742943322511316,1,2372.46676115985,-1.05061159598912
"8754","MGA",0.388817270816882,0.973491592580302,0.74291040988743,1,2372.46676115985,0.124431920649208
"1963","FLACC1",0.388876943088974,0.973491592580302,0.742723474056583,1,2372.46676115985,0.454810227091796
"4061","NFKBIL1",0.388921583660639,0.973491592580302,0.7425836549637,1,2372.46676115985,-0.25909706045493
"10841","ICAM3",0.389143366998158,0.973491592580302,0.741889345519295,1,2372.46676115985,-0.654198619831628
"5408","E2F5",0.389199322284236,0.973491592580302,0.741714262638907,1,2372.46676115985,-0.893328335137815
"6486","SFXN2",0.389302761478982,0.973491592580302,0.741390698376521,1,2372.46676115985,0.32349178584282
"5812","CARD19",0.389334049068592,0.973491592580302,0.741292853056209,1,2372.46676115985,0.119822477797086
"9963","OMG",0.389380552382951,0.973491592580302,0.741147444548796,1,2372.46676115985,-0.544721272765678
"3178","BDH2",0.389385208808422,0.973491592580302,0.741132886010823,1,2372.46676115985,0.182505886180103
"1941","RFTN2",0.389415915343831,0.973491592580302,0.741036886786634,1,2372.46676115985,0.789884650905223
"9289","NPIPB3",0.38947211666741,0.973491592580302,0.740861210095887,1,2372.46676115985,0.718878588043773
"3117","COPS4",0.389517752698732,0.973491592580302,0.740718585555225,1,2372.46676115985,-0.173211822482754
"5167","UBE3C",0.389525832759906,0.973491592580302,0.740693335740007,1,2372.46676115985,0.0990535347619589
"4840","DMTF1",0.389654808802083,0.973491592580302,0.740290393009571,1,2372.46676115985,-0.133908363618814
"8666","BRF1",0.38970427644562,0.973491592580302,0.740135898436336,1,2372.46676115985,0.22241165816551
"10538","RPRD1A",0.390035760227459,0.973491592580302,0.739101350407406,1,2372.46676115985,0.129488946590258
"10797","TIMM44",0.390153388169019,0.973491592580302,0.738734540608256,1,2372.46676115985,0.288795936235338
"5632","UHRF2",0.390185825491769,0.973491592580302,0.738633416230789,1,2372.46676115985,0.155981083086583
"11496","RPS9",0.390300498421159,0.973491592580302,0.738276016215747,1,2372.46676115985,0.049993849551026
"4904","ZKSCAN1",0.390342177005872,0.973491592580302,0.738146154222504,1,2372.46676115985,0.105614665202176
"641","GSTM3",0.390383248116954,0.973491592580302,0.738018204414893,1,2372.46676115985,0.226747683986467
"3865","TSPAN17",0.390404110896271,0.973491592580302,0.737953217485585,1,2372.46676115985,0.278603099758739
"5388","LY96",0.390534529168808,0.973491592580302,0.737547081185093,1,2372.46676115985,-0.0730964830442557
"6692","RPL27A",0.390535176806595,0.973491592580302,0.737545064857202,1,2372.46676115985,0.0561647353772157
"11970","APP",0.390547679845626,0.973491592580302,0.73750613936696,1,2372.46676115985,0.0918880526734605
"11657","PANK2",0.390642022166767,0.973491592580302,0.737212482623755,1,2372.46676115985,0.107961518529018
"5171","ESYT2",0.390714924339648,0.973491592580302,0.736985631612861,1,2372.46676115985,0.122014065229827
"7736","GRIP1",0.390762218001183,0.973491592580302,0.736838499496179,1,2372.46676115985,-0.628097110301692
"4657","CCDC126",0.390846438032047,0.973491592580302,0.736576551405409,1,2372.46676115985,0.253487209929442
"621","FAM102B",0.39105817755543,0.973491592580302,0.735918338810811,1,2372.46676115985,-0.110575965550361
"7390","NCAPD2",0.391124671899034,0.973491592580302,0.735711740150927,1,2372.46676115985,0.231712234967816
"5822","FANCC",0.391158402636225,0.973491592580302,0.735606957623766,1,2372.46676115985,-0.298929169728204
"6158","FRMD4A",0.391253761717157,0.973491592580302,0.735310800371949,1,2372.46676115985,0.0932333475256455
"4638","HDAC9",0.391327824449025,0.973491592580302,0.735080854702304,1,2372.46676115985,-0.316948577051457
"3418","NIPBL",0.391328352999017,0.973491592580302,0.735079213915214,1,2372.46676115985,0.064606966512919
"12504","RBM3",0.391329765340363,0.973491592580302,0.735074829574578,1,2372.46676115985,0.127739906624507
"6423","FRAT2",0.391382188537029,0.973491592580302,0.734912107944741,1,2372.46676115985,0.231834789948371
"2036","NHEJ1",0.391387266601061,0.973491592580302,0.734896347291577,1,2372.46676115985,-0.4344489692533
"9720","TAX1BP3",0.391598215432917,0.973491592580302,0.734241889970689,1,2372.46676115985,0.183709340076648
"10542","TPGS2",0.39162742375267,0.973491592580302,0.734151312591847,1,2372.46676115985,-0.174850282036816
"3220","CCNA2",0.391628824755017,0.973491592580302,0.734146968212978,1,2372.46676115985,-1.12167963959249
"3370","MRPL36",0.391863453946558,0.973491592580302,0.733419719119279,1,2372.46676115985,0.18591708490294
"8790","SPG11",0.391890358621803,0.973491592580302,0.733336366178335,1,2372.46676115985,0.0836231992413818
"9179","ZNF200",0.39196033575975,0.973491592580302,0.733119609580642,1,2372.46676115985,-0.245678409520303
"6480","C10orf95",0.391971595080474,0.973491592580302,0.733084738632551,1,2372.46676115985,0.864443226010982
"3598","FAM174A",0.392048256990151,0.973491592580302,0.732847349241347,1,2372.46676115985,-0.245307268344612
"10123","DBF4B",0.392108099604332,0.973491592580302,0.732662088361816,1,2372.46676115985,0.28850696523852
"6723","CYP2R1",0.392178279350066,0.973491592580302,0.732444877465165,1,2372.46676115985,0.225782600426191
"263","FABP3",0.392491791327874,0.973491592580302,0.731475218403315,1,2372.46676115985,-0.239713217111388
"10211","SCPEP1",0.392581280471575,0.973491592580302,0.731198642046404,1,2372.46676115985,0.0935285977390172
"8552","GSTZ1",0.392596089343178,0.973491592580302,0.731152882278821,1,2372.46676115985,-0.192471314774413
"6070","DNLZ",0.392652411306375,0.973491592580302,0.730978868705883,1,2372.46676115985,1.05246037342811
"12459","TAB3",0.392715095879385,0.973491592580302,0.730785239223943,1,2372.46676115985,0.181952676532808
"7968","RHOF",0.39282218036516,0.973491592580302,0.730454563333604,1,2372.46676115985,0.302449723573479
"8650","ZFYVE21",0.392866442157268,0.973491592580302,0.730317921156519,1,2372.46676115985,0.214380708039251
"12547","GNL3L",0.392942441365451,0.973491592580302,0.730083352841452,1,2372.46676115985,-0.22471999796754
"3840","STK10",0.392986151561949,0.973491592580302,0.729948472708928,1,2372.46676115985,-0.105418254423676
"593","GCLM",0.393007972052379,0.973491592580302,0.72988114750139,1,2372.46676115985,-0.22670049240564
"7456","PRR4",0.393140373616537,0.973491592580302,0.729472749252937,1,2372.46676115985,-1.14046768065171
"8027","ANKLE2",0.393527820043074,0.973491592580302,0.728278789161165,1,2372.46676115985,-0.148479238076999
"11321","EML2",0.393679736111888,0.973491592580302,0.727811103749118,1,2372.46676115985,0.223459246004101
"2320","CCR5",0.39368572122165,0.973491592580302,0.727792683438498,1,2372.46676115985,-0.281113325035328
"3352","UFSP2",0.393926639085385,0.973491592580302,0.727051547296395,1,2372.46676115985,-0.174590214589772
"5516","ZNF572",0.393955215191783,0.973491592580302,0.726963681818034,1,2372.46676115985,-1.11650098940129
"12243","LGALS2",0.39399406659054,0.973491592580302,0.726844236698668,1,2372.46676115985,0.276837045794203
"1016","CEP350",0.394089927427837,0.973491592580302,0.72654959368941,1,2372.46676115985,-0.0711618614113074
"2760","MYNN",0.394102590934236,0.973491592580302,0.726510678169261,1,2372.46676115985,0.276842253139113
"5432","PDP1",0.394126177216366,0.973491592580302,0.726438201268897,1,2372.46676115985,-0.30666418789107
"8774","LCMT2",0.394151562653398,0.973491592580302,0.726360202825206,1,2372.46676115985,-0.83201331191206
"11902","GNAS",0.394304764254636,0.973491592580302,0.725889634151458,1,2372.46676115985,0.0515707322294092
"12389","DHRSX",0.394307302781942,0.973491592580302,0.725881839116375,1,2372.46676115985,0.0742540885415789
"2326","KIF9",0.394361023911632,0.973491592580302,0.725716895020624,1,2372.46676115985,0.525786380357692
"1962","CASP8",0.394375157249754,0.973491592580302,0.725673505725153,1,2372.46676115985,-0.135859933279071
"7126","MYO7A",0.394552940055873,0.973491592580302,0.725127904296847,1,2372.46676115985,-0.249255065324639
"12687","IL13RA1",0.394561622656693,0.973491592580302,0.725101267145025,1,2372.46676115985,-0.101509082339284
"3362","AHRR",0.394571050737014,0.973491592580302,0.725072343909612,1,2372.46676115985,-0.104585685093337
"173","C1QB",0.394598266578858,0.973491592580302,0.724988857394719,1,2372.46676115985,0.110015089524388
"8424","NAA30",0.394695823998012,0.973491592580302,0.724689661252068,1,2372.46676115985,0.210281505905926
"5634","DMAC1",0.39480472504236,0.973491592580302,0.724355801440563,1,2372.46676115985,0.201754534253663
"3003","RFC1",0.394805992994577,0.973491592580302,0.72435191503877,1,2372.46676115985,-0.129661290550922
"9008","EFL1",0.394820189633026,0.973491592580302,0.724308402133546,1,2372.46676115985,0.155247194170648
"2594","PARP15",0.394828357076846,0.973491592580302,0.724283369819617,1,2372.46676115985,0.18959765764385
"5923","C5",0.394892459362562,0.973491592580302,0.72408692928654,1,2372.46676115985,0.321647562204755
"11857","SULF2",0.394928910747746,0.973491592580302,0.72397524502747,1,2372.46676115985,-0.17909161388295
"1272","CATSPERE",0.394992098465297,0.973491592580302,0.723781677870046,1,2372.46676115985,-0.2205979082299
"8082","BRCA2",0.395240204149751,0.973491592580302,0.723022070479515,1,2372.46676115985,-0.173955869138488
"8953","CSK",0.395243334536569,0.973491592580302,0.723012490788569,1,2372.46676115985,0.12652118853477
"6255","TIMM23B-AGAP6",0.395271351033713,0.973491592580302,0.722926758845962,1,2372.46676115985,-0.681234175196521
"7565","ASB8",0.395294695102326,0.973491592580302,0.722855331467306,1,2372.46676115985,-0.188771342882394
"3511","BDP1",0.3953721249576,0.973491592580302,0.722618457780701,1,2372.46676115985,0.113367767425306
"2951","ACOX3",0.395384752676582,0.973491592580302,0.722579833360208,1,2372.46676115985,-0.24108465431715
"8055","SPATA13",0.395506986783994,0.973491592580302,0.722206047636329,1,2372.46676115985,0.147843158967752
"1434","PRKD3",0.395560262138029,0.973491592580302,0.722043186406506,1,2372.46676115985,-0.141664925935734
"8007","UBC",0.395697359182128,0.973491592580302,0.721624230056563,1,2372.46676115985,0.049873903241759
"8008","DHX37",0.395728684040121,0.973491592580302,0.721528533459404,1,2372.46676115985,-0.33984849002162
"4059","MICB",0.395794862671565,0.973491592580302,0.721326395440511,1,2372.46676115985,-0.276823316784928
"7634","TARBP2",0.39589177583906,0.973491592580302,0.721030468873841,1,2372.46676115985,-0.36019077045723
"11629","NSFL1C",0.395914131459466,0.973491592580302,0.72096222030958,1,2372.46676115985,-0.153902477318304
"900","KCNJ10",0.395947722752451,0.973491592580302,0.720859681269356,1,2372.46676115985,-1.14391026855034
"6524","CCDC186",0.395948103073724,0.973491592580302,0.720858520392194,1,2372.46676115985,-0.153017319462627
"12703","TMEM255A",0.395970950474609,0.973491592580302,0.720788784867364,1,2372.46676115985,0.364946890893588
"4986","DUS4L",0.396014869761936,0.973491592580302,0.720654749399794,1,2372.46676115985,-0.413164185904152
"2198","RBSN",0.396022418495454,0.973491592580302,0.720631713890135,1,2372.46676115985,-0.166505303721398
"6570","CTBP2",0.396037697970524,0.973491592580302,0.720585089398917,1,2372.46676115985,0.107613918897858
"154","CAPZB",0.39620339613353,0.973634922568949,0.720079637061595,1,2372.46676115985,-0.0554498262961665
"2954","WDR1",0.396301705450901,0.973634922568949,0.719779894529808,1,2372.46676115985,-0.140068318812359
"12293","RBX1",0.396471756670566,0.973634922568949,0.719261666118227,1,2372.46676115985,0.0708578019268829
"7849","POLR3B",0.396478122995884,0.973634922568949,0.719242271073418,1,2372.46676115985,0.318138629000698
"8211","GGACT",0.396515645290472,0.973634922568949,0.719127968331775,1,2372.46676115985,-0.595190785322523
"10855","CARM1",0.396692215736728,0.973634922568949,0.718590298069748,1,2372.46676115985,-0.180636355295513
"9491","CMTM1",0.396855236460089,0.973634922568949,0.718094194476359,1,2372.46676115985,0.351656295163722
"10426","SIRT7",0.396904064099217,0.973634922568949,0.717945659805496,1,2372.46676115985,-0.222446855773054
"4346","USP45",0.397209092849912,0.973634922568949,0.717018353339449,1,2372.46676115985,0.205505378008918
"8636","TECPR2",0.397464158854814,0.973634922568949,0.716243726399768,1,2372.46676115985,-0.162143819381962
"4815","MDH2",0.397534261145201,0.973634922568949,0.716030953955814,1,2372.46676115985,0.137093934113602
"179","ID3",0.397582277351396,0.973634922568949,0.715885247854817,1,2372.46676115985,0.212348213101772
"8188","OBI1",0.397994363820769,0.973634922568949,0.714635808983129,1,2372.46676115985,-0.198853216894945
"375","P3H1",0.398325733441992,0.973634922568949,0.713632458839301,1,2372.46676115985,0.220301424713126
"10924","CACNA1A",0.398376732602779,0.973634922568949,0.713478146336606,1,2372.46676115985,0.502781052344251
"5202","DLC1",0.398408869371539,0.973634922568949,0.713380922063862,1,2372.46676115985,-0.680488885205222
"6474","ELOVL3",0.39849437920828,0.973634922568949,0.713122282020831,1,2372.46676115985,-1.10997832083664
"7983","ABCB9",0.398624599985808,0.973634922568949,0.71272855991304,1,2372.46676115985,-0.597240669620229
"11363","GRWD1",0.398745617739317,0.973634922568949,0.71236283002889,1,2372.46676115985,0.374602147359511
"10115","UBTF",0.398762017786054,0.973634922568949,0.712313279525378,1,2372.46676115985,-0.155662950084034
"12350","GRAMD4",0.398810925072685,0.973634922568949,0.712165530353316,1,2372.46676115985,0.113333117706516
"10287","AMZ2",0.398828780711461,0.973634922568949,0.712111594912563,1,2372.46676115985,0.184403814593325
"2613","ZXDC",0.398936580908146,0.973634922568949,0.711786043699959,1,2372.46676115985,-0.131860989719084
"9615","CMIP",0.398992592123359,0.973634922568949,0.711616942923608,1,2372.46676115985,-0.0715713148884091
"5556","MROH6",0.399063156059288,0.973634922568949,0.711403955669013,1,2372.46676115985,0.414986935244223
"8018","ULK1",0.399095505863775,0.973634922568949,0.71130633060118,1,2372.46676115985,-0.200736236808765
"1326","LPIN1",0.399110423365813,0.973634922568949,0.711261316505075,1,2372.46676115985,-0.260005133853297
"9579","ZNF821",0.399172354959021,0.973634922568949,0.711074461771304,1,2372.46676115985,-0.237942514701048
"10857","TIMM29",0.399244120838748,0.973634922568949,0.710857988398461,1,2372.46676115985,-0.270199148806846
"8152","DLEU7",0.399253150583797,0.973634922568949,0.710830755223405,1,2372.46676115985,-0.308746259517994
"4935","SLC12A9",0.399269426683386,0.973634922568949,0.710781669727446,1,2372.46676115985,-0.263412508768552
"3510","GTF2H2",0.399416560276791,0.973634922568949,0.710338075474329,1,2372.46676115985,-0.296696904341028
"3609","TMEM232",0.399486211102078,0.973634922568949,0.710128167226818,1,2372.46676115985,0.356573161580852
"1498","CFAP36",0.399513885261391,0.973634922568949,0.7100447797207,1,2372.46676115985,-0.185911294231488
"7791","UBE2N",0.399544746007919,0.973634922568949,0.709951800295602,1,2372.46676115985,0.138895409464339
"5626","PDCD1LG2",0.399717418106111,0.973634922568949,0.709431753706331,1,2372.46676115985,-0.194912723508039
"6491","NT5C2",0.399769141440718,0.973634922568949,0.709276038929765,1,2372.46676115985,-0.072543010766906
"2259","DLEC1",0.399798594799088,0.973634922568949,0.709187381693084,1,2372.46676115985,0.719179703036562
"9353","MVP",0.399889554995608,0.973634922568949,0.708913643169941,1,2372.46676115985,0.107246181577915
"7641","HNRNPA1",0.40000486192244,0.973634922568949,0.708566764590981,1,2372.46676115985,0.0937421923493082
"10807","ZNF414",0.40008530256137,0.973634922568949,0.708324860368998,1,2372.46676115985,0.311021664493668
"12673","TSC22D3",0.400180140709305,0.973634922568949,0.708039750014693,1,2372.46676115985,-0.26027558099298
"5976","FAM102A",0.400215005204574,0.973634922568949,0.707934962102273,1,2372.46676115985,0.491613571966011
"9528","CENPT",0.400242863853764,0.973634922568949,0.707851240317074,1,2372.46676115985,0.304020236729485
"10876","ZNF823",0.400571729370178,0.973634922568949,0.706863560928707,1,2372.46676115985,0.321522829088371
"1523","AFTPH",0.4007674837382,0.973634922568949,0.706276211938449,1,2372.46676115985,-0.08871415077876
"9658","GALNS",0.400860594589487,0.973634922568949,0.705996984704885,1,2372.46676115985,0.189157884500978
"6760","IMMP1L",0.400899967260815,0.973634922568949,0.705878939559909,1,2372.46676115985,0.185742946623436
"872","GLMP",0.40091596324279,0.973634922568949,0.705830986028239,1,2372.46676115985,0.120297833364649
"6529","HSPA12A",0.401040601119056,0.973634922568949,0.705457435709806,1,2372.46676115985,1.66110342930712
"6161","HSPA14",0.401071669451714,0.973634922568949,0.705364347529413,1,2372.46676115985,-0.504691330244844
"2894","DGKQ",0.401115432562603,0.973634922568949,0.705233240515588,1,2372.46676115985,-0.413882060523902
"6635","TNNI2",0.401232257638559,0.973634922568949,0.704883353746117,1,2372.46676115985,0.274569052532369
"7895","ATXN2",0.401547526105774,0.973634922568949,0.70393987472756,1,2372.46676115985,0.0846571987988772
"2517","TOMM70",0.401868800531222,0.973634922568949,0.702979529257031,1,2372.46676115985,-0.191500780491323
"12748","RBMX",0.401925933124744,0.973634922568949,0.702808866848513,1,2372.46676115985,-0.110241147683442
"7463","LRP6",0.402162533609228,0.973634922568949,0.702102486208373,1,2372.46676115985,0.389462887358242
"12508","HDAC6",0.402231805033324,0.973634922568949,0.701895787876315,1,2372.46676115985,-0.257839687280157
"3970","RANBP9",0.402257160452942,0.973634922568949,0.701820143032838,1,2372.46676115985,0.116823370838941
"9444","AC007906.2",0.402266276082014,0.973634922568949,0.701792949345792,1,2372.46676115985,0.53860606689808
"9626","TAF1C",0.4022782151732,0.973634922568949,0.701757334080623,1,2372.46676115985,-0.328669808690898
"7552","ANO6",0.402330317016401,0.973634922568949,0.701601928109478,1,2372.46676115985,0.0837943753353085
"10476","NDUFV2",0.402427738903232,0.973634922568949,0.701311423037542,1,2372.46676115985,-0.0854278444933327
"533","ST6GALNAC3",0.402434976788098,0.973634922568949,0.701289844268948,1,2372.46676115985,0.429955948572888
"1297","EIPR1",0.402460450462076,0.973634922568949,0.701213902469171,1,2372.46676115985,0.185048318265187
"2636","MBD4",0.402583356676428,0.973634922568949,0.70084759427885,1,2372.46676115985,-0.103599191224552
"9983","CCT6B",0.402601878918877,0.973634922568949,0.700792404926424,1,2372.46676115985,0.366944612513041
"8656","AKT1",0.402625645545703,0.973634922568949,0.700721594684619,1,2372.46676115985,0.160115241842912
"4856","AKAP9",0.403035007051346,0.973634922568949,0.699502898207656,1,2372.46676115985,0.0862126161114253
"3979","FAM8A1",0.403037145318563,0.973634922568949,0.699496537176718,1,2372.46676115985,-0.213754265319866
"1258","RYR2",0.403116447250873,0.973634922568949,0.699260660287882,1,2372.46676115985,1.1234863654647
"11575","ZNF530",0.40315421199089,0.973634922568949,0.699148356021575,1,2372.46676115985,0.744027224299476
"12367","SBF1",0.403261486466098,0.973634922568949,0.698829428240603,1,2372.46676115985,0.262081845935435
"1055","RO60",0.40326621321054,0.973634922568949,0.698815378438897,1,2372.46676115985,-0.126292420088077
"2187","HDAC11",0.403274469080625,0.973634922568949,0.698790839219871,1,2372.46676115985,-0.459063264010032
"5710","GBA2",0.403435108221094,0.973634922568949,0.698313511383192,1,2372.46676115985,0.256741951344404
"8982","LINGO1",0.403485118961074,0.973634922568949,0.69816496454275,1,2372.46676115985,1.22306593632474
"665","WNT2B",0.40361554824597,0.973634922568949,0.697777676824748,1,2372.46676115985,0.166600148751169
"9044","ANPEP",0.403658123732666,0.973634922568949,0.69765129560527,1,2372.46676115985,0.0918256703365487
"10149","KPNB1",0.403696347318556,0.973634922568949,0.697537849136553,1,2372.46676115985,-0.080156313336603
"1504","PAPOLG",0.403740170513854,0.973634922568949,0.697407802461209,1,2372.46676115985,-0.164738380336975
"10888","ZNF136",0.403815853989904,0.973634922568949,0.697183257882998,1,2372.46676115985,0.197745314292454
"4711","CDK13",0.403845685410972,0.973634922568949,0.697094768185967,1,2372.46676115985,0.0796646392309112
"5719","MELK",0.403880525505412,0.973634922568949,0.696991433200545,1,2372.46676115985,-0.836977726631428
"3106","PRDM8",0.403896967231884,0.973634922568949,0.696942671901149,1,2372.46676115985,-1.10532294929006
"1541","ANTXR1",0.403907347466728,0.973634922568949,0.696911888684336,1,2372.46676115985,0.547246585849056
"12671","RBM41",0.403973299099144,0.973634922568949,0.696716332061739,1,2372.46676115985,0.14318598683727
"4047","MDC1",0.404000459372277,0.973634922568949,0.696635811255754,1,2372.46676115985,-0.332022550285046
"9415","ITGAX",0.404098109947825,0.973634922568949,0.696346376321745,1,2372.46676115985,0.0913471892796879
"217","HMGN2",0.404193461446101,0.973634922568949,0.696063854253824,1,2372.46676115985,0.0896637947007702
"10432","RFNG",0.404213365328533,0.973634922568949,0.696004892239228,1,2372.46676115985,0.233589748844801
"11838","ZSWIM3",0.404285868852964,0.973634922568949,0.695790148153267,1,2372.46676115985,0.402826169903573
"3966","TBC1D7",0.404356434688233,0.973634922568949,0.695581197151439,1,2372.46676115985,-0.318828382570868
"11772","CPNE1",0.40436156264313,0.973634922568949,0.695566014946512,1,2372.46676115985,0.116523862929902
"9171","PAQR4",0.404556898673038,0.973634922568949,0.694987897680986,1,2372.46676115985,-0.40829272370448
"317","SH3D21",0.404616207501276,0.973634922568949,0.69481244766802,1,2372.46676115985,-0.32161798968704
"4511","RMND1",0.404787059462736,0.973634922568949,0.694307235580067,1,2372.46676115985,-0.217868023286301
"1626","PTCD3",0.404992734005284,0.973634922568949,0.693699465394664,1,2372.46676115985,-0.161435136882957
"11655","AP5S1",0.404994104079264,0.973634922568949,0.693695418324686,1,2372.46676115985,-0.350853593172166
"11253","GSK3A",0.405042025227911,0.973634922568949,0.693553876328279,1,2372.46676115985,-0.220803236124193
"11083","ZNF507",0.405133494405012,0.973634922568949,0.693283776863366,1,2372.46676115985,-1.14815359801982
"10698","ZNF555",0.40522882448254,0.973634922568949,0.69300237132484,1,2372.46676115985,0.410827239471032
"9417","ZNF843",0.405341180471587,0.973634922568949,0.692670831022545,1,2372.46676115985,-1.11660981472628
"9057","BLM",0.405406190289131,0.973634922568949,0.69247906122723,1,2372.46676115985,-0.599113877120361
"3701","FAM13B",0.405443776662848,0.973634922568949,0.692368207224803,1,2372.46676115985,0.0810023427029349
"968","TIPRL",0.405528094476901,0.973634922568949,0.692119582178116,1,2372.46676115985,-0.136420721398747
"12411","TCEANC",0.405732705885448,0.973634922568949,0.691516565565146,1,2372.46676115985,0.436151249320204
"521","PTGER3",0.405756743573323,0.973634922568949,0.691445752532459,1,2372.46676115985,-10
"7192","MMP7",0.405790464509122,0.973634922568949,0.691346423791938,1,2372.46676115985,0.743323783604315
"10074","CAVIN1",0.405842295268992,0.973634922568949,0.691193774093473,1,2372.46676115985,-0.631778849323875
"5533","KHDRBS3",0.405866373927968,0.973634922568949,0.69112286837192,1,2372.46676115985,0.446065930620564
"11553","ZNF470",0.405953644460714,0.973634922568949,0.690865929683761,1,2372.46676115985,-0.543891756925209
"951","MGST3",0.405955464984609,0.973634922568949,0.690860570624473,1,2372.46676115985,0.0700607369476866
"8381","ARF6",0.405960777740945,0.973634922568949,0.690844931713913,1,2372.46676115985,0.133745626082187
"8767","HAUS2",0.406075849216529,0.973634922568949,0.690506274668709,1,2372.46676115985,-0.238987231596665
"7698","SHMT2",0.406223264892422,0.973634922568949,0.690072633210201,1,2372.46676115985,0.234477178765736
"5366","ADHFE1",0.406389836571243,0.973634922568949,0.689582918958309,1,2372.46676115985,0.267841731471508
"11158","ZNF345",0.406590433653643,0.973634922568949,0.688993561058505,1,2372.46676115985,-0.303204211433012
"5620","AK3",0.40664188218271,0.973634922568949,0.688842472906869,1,2372.46676115985,0.148592688614309
"7022","CCS",0.406695110989835,0.973634922568949,0.688686186087023,1,2372.46676115985,-0.137732398834384
"9829","RPL26",0.406772058761538,0.973634922568949,0.688460310175501,1,2372.46676115985,0.0523288757290263
"12650","GPRASP1",0.40677567557818,0.973634922568949,0.688449694750362,1,2372.46676115985,0.730699646170165
"9138","MSRB1",0.406849921723236,0.973634922568949,0.688231811444441,1,2372.46676115985,0.226313321916538
"932","FCGR2A",0.406876171138315,0.973634922568949,0.688154793639668,1,2372.46676115985,0.0893585601526653
"11659","SMOX",0.406891586141679,0.973634922568949,0.688109568223846,1,2372.46676115985,-0.160546782874101
"5306","TM2D2",0.406938430248016,0.973634922568949,0.687972149709265,1,2372.46676115985,0.156873855461614
"6235","ZNF32",0.407018192113064,0.973634922568949,0.687738219311572,1,2372.46676115985,-0.201331996585718
"8137","LPAR6",0.407123429498785,0.973634922568949,0.687429675486951,1,2372.46676115985,0.085708130413209
"11285","ZNF225",0.407214717986799,0.973634922568949,0.687162122824191,1,2372.46676115985,-0.421431750783248
"2257","VILL",0.407290997552444,0.973634922568949,0.686938626405714,1,2372.46676115985,-0.827895481003063
"2202","EAF1",0.407311721985513,0.973634922568949,0.686877915146795,1,2372.46676115985,-0.192813571915382
"9186","ZNF174",0.407339721402215,0.973634922568949,0.686795899350805,1,2372.46676115985,-0.586222600233685
"1290","SH3BP5L",0.407359959932633,0.973634922568949,0.686736621859566,1,2372.46676115985,-0.27840992628448
"5068","CNOT4",0.407506319732588,0.973634922568949,0.68630807084141,1,2372.46676115985,-0.0825701039069875
"8858","RNF111",0.40756343293226,0.973634922568949,0.686140900857451,1,2372.46676115985,-0.0850216142456349
"10818","ZNF121",0.407748684496646,0.973634922568949,0.685598906903019,1,2372.46676115985,0.246067686195141
"9453","AMFR",0.407768129358891,0.973634922568949,0.685542037641066,1,2372.46676115985,0.130286145312236
"8612","SERPINA1",0.407837590439019,0.973634922568949,0.685338921310201,1,2372.46676115985,-0.361919681421103
"8142","CAB39L",0.407874047219906,0.973634922568949,0.685232335611217,1,2372.46676115985,0.162509805388729
"6837","TNKS1BP1",0.407885505949478,0.973634922568949,0.685198837549112,1,2372.46676115985,-0.324929904032037
"3669","SEPTIN8",0.407909196723974,0.973634922568949,0.68512958511658,1,2372.46676115985,0.400153005232743
"12419","ASB9",0.407938506232844,0.973634922568949,0.685043916265668,1,2372.46676115985,0.815553901488661
"5013","LSM8",0.408006236197371,0.973634922568949,0.684845982676019,1,2372.46676115985,0.127712896958373
"10952","NOTCH3",0.408260583385423,0.973634922568949,0.68410311027021,1,2372.46676115985,-0.215265931206096
"6323","FAM149B1",0.40832999998,0.973634922568949,0.68390048299044,1,2372.46676115985,-0.21217791026182
"7939","BICDL1",0.408394149779782,0.973634922568949,0.683713274433686,1,2372.46676115985,-10
"9038","MFGE8",0.408406863323025,0.973634922568949,0.683676177584757,1,2372.46676115985,-0.806533542337245
"4241","CDC5L",0.408408405442923,0.973634922568949,0.683671677948214,1,2372.46676115985,-0.134531907654148
"9320","IL21R",0.408442262972811,0.973634922568949,0.683572893871297,1,2372.46676115985,0.438507312829119
"3861","FAF2",0.408591911617501,0.973634922568949,0.683136416930666,1,2372.46676115985,0.122354519935326
"3675","HSPA4",0.408629420363341,0.973634922568949,0.683027052762526,1,2372.46676115985,0.1063804293823
"10437","SLC16A3",0.408641437171875,0.973634922568949,0.682992018496774,1,2372.46676115985,0.0811713800023164
"8584","TTC7B",0.408670938355809,0.973634922568949,0.682906016023872,1,2372.46676115985,-0.126250575140583
"4859","KRIT1",0.408834243043,0.973634922568949,0.682430111571272,1,2372.46676115985,0.113410978960671
"254","SRSF4",0.408851407522567,0.973634922568949,0.682380106850935,1,2372.46676115985,0.0777687437645395
"4892","PTCD1",0.408857759410823,0.973634922568949,0.682361602882773,1,2372.46676115985,-0.281559996638642
"2424","GLT8D1",0.408956328950982,0.973634922568949,0.682074509662996,1,2372.46676115985,0.212409160073601
"12564","ZXDA",0.409032745875463,0.973634922568949,0.681852007975182,1,2372.46676115985,0.814094452057289
"5323","RNF170",0.40909977414842,0.973634922568949,0.681656893298338,1,2372.46676115985,0.144148862102084
"8867","RORA",0.409224054115887,0.973634922568949,0.681295247109613,1,2372.46676115985,0.42217752947077
"5600","ZNF34",0.409313045261771,0.973634922568949,0.681036388090077,1,2372.46676115985,-0.523677817062911
"538","FUBP1",0.40933793273645,0.973634922568949,0.68096400975897,1,2372.46676115985,-0.124429344958892
"6257","SGMS1",0.409422795671906,0.973634922568949,0.680717258008724,1,2372.46676115985,-0.0747317965141247
"2803","ABCC5",0.409546359028231,0.973634922568949,0.680358113320208,1,2372.46676115985,-0.129735898988246
"5477","DPYS",0.409641390371949,0.973634922568949,0.680082007048867,1,2372.46676115985,-0.860754362451783
"2986","SMIM20",0.409861074393688,0.973634922568949,0.679444092271012,1,2372.46676115985,0.144988963955278
"3999","C6orf62",0.409868046932896,0.973634922568949,0.679423853759808,1,2372.46676115985,-0.072011922518509
"11250","POU2F2",0.409905874465979,0.973634922568949,0.679314064282699,1,2372.46676115985,0.219169310446945
"1738","DDX18",0.409918316831734,0.973634922568949,0.67927795519632,1,2372.46676115985,0.112079297631579
"11066","ZNF100",0.4099599656727,0.973634922568949,0.679157097497379,1,2372.46676115985,0.175320243496694
"3939","FARS2",0.410026774367841,0.973634922568949,0.67896326798223,1,2372.46676115985,0.111326688080646
"313","COL8A2",0.410096323505297,0.973634922568949,0.678761537066397,1,2372.46676115985,0.564858522509911
"6780","PDHX",0.410200720608683,0.973634922568949,0.678458822243008,1,2372.46676115985,-0.141394078537447
"8973","NRG4",0.410232689538212,0.973634922568949,0.678366146274519,1,2372.46676115985,0.559275097971435
"12690","SLC25A43",0.410233480377397,0.973634922568949,0.678363853814832,1,2372.46676115985,0.149704217937703
"869","PAQR6",0.410386760185301,0.973634922568949,0.677919653862062,1,2372.46676115985,-1.0874263865268
"8573","PTPN21",0.41040884465462,0.973634922568949,0.677855673900046,1,2372.46676115985,0.723013167204673
"6360","TSPAN14",0.410447885727128,0.973634922568949,0.677742582088954,1,2372.46676115985,-0.112934869218978
"8261","RNASE1",0.4104888377381,0.973634922568949,0.677623971797389,1,2372.46676115985,0.0500018474770215
"7001","SART1",0.410605111403792,0.973634922568949,0.677287300488235,1,2372.46676115985,0.17293433497567
"5966","PTRH1",0.410620450864324,0.973634922568949,0.677242895437354,1,2372.46676115985,-0.321137747100976
"386","SZT2",0.410727300624862,0.973634922568949,0.676933651829923,1,2372.46676115985,0.159797597429345
"1447","SOS1",0.410743656004418,0.973634922568949,0.676886326690146,1,2372.46676115985,-0.073519682341291
"7179","SESN3",0.410787428867874,0.973634922568949,0.676759681284953,1,2372.46676115985,0.18976282947295
"2295","TCAIM",0.41083046882383,0.973634922568949,0.676635175728382,1,2372.46676115985,0.129093365622612
"58","ICMT",0.410850944897912,0.973634922568949,0.676575949486459,1,2372.46676115985,0.209454121355985
"9095","NME4",0.41086399960637,0.973634922568949,0.67653819152256,1,2372.46676115985,-0.13033431607508
"10142","ARL17A",0.410965113256048,0.973634922568949,0.676245801645149,1,2372.46676115985,-0.201579299930999
"10515","TTC39C",0.410978730933456,0.973634922568949,0.67620643156426,1,2372.46676115985,0.153635103732211
"1722","ZC3H6",0.41099587242401,0.973634922568949,0.676156876514734,1,2372.46676115985,0.132003802395098
"6456","MRPL43",0.411039951916866,0.973634922568949,0.676029459248155,1,2372.46676115985,-0.158793096136697
"8749","NDUFAF1",0.411073621381225,0.973634922568949,0.675932147022105,1,2372.46676115985,0.230336871203759
"6730","NUCB2",0.411081474623708,0.973634922568949,0.675909451096456,1,2372.46676115985,0.206471024120529
"9759","RPAIN",0.411120670534673,0.973634922568949,0.675796184187254,1,2372.46676115985,-0.160378166123154
"3668","KIF3A",0.411143099507838,0.973634922568949,0.675731376916351,1,2372.46676115985,0.30745726429596
"9747","PFN1",0.411164197964078,0.973634922568949,0.675670418853508,1,2372.46676115985,0.0665665841354694
"4814","STYXL1",0.411217884294997,0.973634922568949,0.675515328058433,1,2372.46676115985,-0.150623607360166
"743","SF3B4",0.411299723660938,0.973634922568949,0.675278965258258,1,2372.46676115985,0.178440976984092
"11194","MRPS12",0.411353129005739,0.973634922568949,0.675124760991915,1,2372.46676115985,-0.202558209255034
"9256","NDE1",0.41142467620178,0.973634922568949,0.674918219602422,1,2372.46676115985,0.158758103020329
"6365","BMPR1A",0.411442279239727,0.973634922568949,0.67486741152509,1,2372.46676115985,-0.244743708750466
"8841","PIGB",0.411515863489335,0.973634922568949,0.674655058191854,1,2372.46676115985,0.216730051374807
"8902","MEGF11",0.411542827258148,0.973634922568949,0.674577258726259,1,2372.46676115985,1.00597107867965
"6650","ZNF195",0.411629392904357,0.973634922568949,0.674327538736186,1,2372.46676115985,-0.251759890322918
"5347","PLAG1",0.411639591513653,0.973634922568949,0.674298123425472,1,2372.46676115985,0.389815901322469
"10594","TNFRSF11A",0.412038539071398,0.973810912453578,0.673148302454028,1,2372.46676115985,0.161371561437545
"8112","DGKH",0.412053507093892,0.973810912453578,0.673105194537287,1,2372.46676115985,-0.133644997603472
"11856","NCOA3",0.412169944216917,0.973810912453578,0.672769934380115,1,2372.46676115985,0.0730450227039607
"11245","CEACAM4",0.412377945858186,0.973810912453578,0.672171377937898,1,2372.46676115985,-0.577100418340847
"1661","CNNM3",0.41240388763631,0.973810912453578,0.672096757758131,1,2372.46676115985,0.374967879785188
"4572","ADAP1",0.412536841144473,0.973810912453578,0.671714432579302,1,2372.46676115985,0.257401088915272
"11743","NECAB3",0.412746242939073,0.973810912453578,0.671112639011854,1,2372.46676115985,-0.447936965620848
"3303","NAF1",0.412802746855027,0.973810912453578,0.670950331307433,1,2372.46676115985,-0.237628808797384
"12513","PIM2",0.412831069684151,0.973810912453578,0.67086898621884,1,2372.46676115985,0.555404936479008
"11611","TRIM28",0.412916878517865,0.973810912453578,0.670622587715074,1,2372.46676115985,0.139519507673764
"977","C1orf112",0.413008812631037,0.973810912453578,0.670358684472481,1,2372.46676115985,-0.349999065660536
"2445","IL17RD",0.413065839892163,0.973810912453578,0.670195027362888,1,2372.46676115985,-1.07859724944465
"12390","ZBED1",0.413104455359683,0.973810912453578,0.670084227455939,1,2372.46676115985,0.139328850769297
"3930","PXDC1",0.413175124698304,0.973810912453578,0.669881494536538,1,2372.46676115985,-0.206301361553886
"4258","TRAM2",0.413346831925403,0.973810912453578,0.669389122184744,1,2372.46676115985,0.270307023861315
"6319","OIT3",0.413423280372447,0.973810912453578,0.669170002643823,1,2372.46676115985,0.923224225331997
"9089","MPG",0.413464600419227,0.973810912453578,0.669051594428896,1,2372.46676115985,-0.153827719011508
"11323","SNRPD2",0.413545053667547,0.973810912453578,0.668821094869015,1,2372.46676115985,0.113902876352968
"6082","RABL6",0.413642560538309,0.973810912453578,0.668541825293887,1,2372.46676115985,0.110084406506656
"12525","SYP",0.413702075443614,0.973810912453578,0.668371416384085,1,2372.46676115985,-0.876030928012056
"5745","PTAR1",0.413716213890362,0.973810912453578,0.66833093912494,1,2372.46676115985,-0.140963529767159
"8856","ADAM10",0.413760196655287,0.973810912453578,0.668205033009361,1,2372.46676115985,0.0754250738451462
"6812","ZNF408",0.413945801000826,0.973810912453578,0.667673935441854,1,2372.46676115985,-0.476520932037641
"9734","ARRB2",0.413951717319787,0.973810912453578,0.667657011981925,1,2372.46676115985,0.0711000782663583
"11924","GID8",0.41402829697912,0.973810912453578,0.667437990349035,1,2372.46676115985,-0.161832933782739
"1797","EPC2",0.414053157411133,0.973810912453578,0.667366901159551,1,2372.46676115985,-0.11173767081591
"6373","PTEN",0.414147579270351,0.973810912453578,0.667096956390337,1,2372.46676115985,0.0725595658627264
"11938","LIME1",0.414195678833335,0.973810912453578,0.666959478470123,1,2372.46676115985,0.60470425197414
"740","NBPF19",0.414233925260136,0.973810912453578,0.666850179587774,1,2372.46676115985,-0.204512442885395
"4744","UPP1",0.414239141625686,0.973810912453578,0.666835273654816,1,2372.46676115985,-0.17044254523512
"9913","LYRM9",0.414258005229739,0.973810912453578,0.666781372615117,1,2372.46676115985,0.24771880483177
"754","RPRD2",0.414282383257212,0.973810912453578,0.666711719988689,1,2372.46676115985,0.0994646430478613
"811","SLC39A1",0.414307141639157,0.973810912453578,0.666640986824312,1,2372.46676115985,-0.166189621162173
"5918","FBXW2",0.414345188278841,0.973810912453578,0.666532302119606,1,2372.46676115985,-0.142130137057147
"11425","JOSD2",0.414368259921062,0.973810912453578,0.666466402450049,1,2372.46676115985,-0.157826898274432
"8622","CCNK",0.414567459435483,0.974100777056,0.665897653427986,1,2372.46676115985,0.138373142560829
"6847","YPEL4",0.41473042521069,0.974305413488925,0.665432658728199,1,2372.46676115985,-0.289515077716421
"4319","CFAP206",0.41490297337462,0.974388003477562,0.664940617085957,1,2372.46676115985,1.28833279398309
"6712","GALNT18",0.414956381428592,0.974388003477562,0.66478837906372,1,2372.46676115985,0.951416753545117
"6484","TRIM8",0.414996887134558,0.974388003477562,0.664672938137698,1,2372.46676115985,0.165850702730783
"9235","LITAF",0.415069105133733,0.974388003477562,0.664467158834237,1,2372.46676115985,0.0751432490089322
"7870","KCTD10",0.415295830305958,0.974710867146566,0.663821468403675,1,2372.46676115985,-0.203989989813905
"8011","SLC15A4",0.415494279812628,0.974710867146566,0.663256732720786,1,2372.46676115985,-0.145431220651885
"11040","TSSK6",0.41561036262311,0.974710867146566,0.662926576506409,1,2372.46676115985,-1.10403457966796
"5693","IL11RA",0.415712738268887,0.974710867146566,0.662635518855463,1,2372.46676115985,-0.47583640064586
"12221","MCM5",0.415817048275651,0.974710867146566,0.662339071023356,1,2372.46676115985,-0.268514313486675
"6448","CWF19L1",0.41583819673263,0.974710867146566,0.662278980797111,1,2372.46676115985,-0.178379264713357
"333","MTF1",0.415916111662612,0.974710867146566,0.662057636093919,1,2372.46676115985,-0.16365377720166
"6927","RTN3",0.415960179199815,0.974710867146566,0.661932474011406,1,2372.46676115985,0.0710631430369597
"2570","COX17",0.415972900081813,0.974710867146566,0.661896347397582,1,2372.46676115985,-0.119804978391715
"7283","HMBS",0.416102169999564,0.974710867146566,0.661529320763075,1,2372.46676115985,-0.488950154231408
"3126","WDFY3",0.416330462553825,0.974710867146566,0.660881559344657,1,2372.46676115985,-0.0713903545754118
"3488","NLN",0.41634959978997,0.974710867146566,0.660827282946007,1,2372.46676115985,-0.143240932118223
"10736","LRG1",0.41646923889522,0.974710867146566,0.660488050356555,1,2372.46676115985,0.731255497506926
"5002","BMT2",0.416530683890062,0.974710867146566,0.66031388138483,1,2372.46676115985,-0.140190580536521
"10398","ENDOV",0.416890730203538,0.974710867146566,0.659294077745987,1,2372.46676115985,-0.251146810588629
"4847","DBF4",0.416965437616231,0.974710867146566,0.659082638533171,1,2372.46676115985,-0.248548198999755
"4364","OSTM1",0.417024054946904,0.974710867146566,0.658916777352838,1,2372.46676115985,-0.13350846752655
"8922","SPESP1",0.417176333509442,0.974710867146566,0.658486058005017,1,2372.46676115985,0.315206069602022
"1660","CNNM4",0.41726798035541,0.974710867146566,0.658226947811367,1,2372.46676115985,-0.231536723400518
"4713","SUGCT",0.41747355666049,0.974710867146566,0.657646035977816,1,2372.46676115985,0.39515249062395
"948","RGS5",0.4175250459367,0.974710867146566,0.657500605576705,1,2372.46676115985,0.534814198658307
"12766","ZNF275",0.417695834804155,0.974710867146566,0.657018406743578,1,2372.46676115985,0.523474438811454
"8508","DNAL1",0.417707493887089,0.974710867146566,0.656985499617376,1,2372.46676115985,-0.30536074932041
"3570","CCNH",0.417809740720728,0.974710867146566,0.656696971993686,1,2372.46676115985,-0.108082080189562
"11969","GABPA",0.417916214838249,0.974710867146566,0.656396627085016,1,2372.46676115985,0.17644398655773
"6432","AVPI1",0.418026822295005,0.974710867146566,0.656084743238764,1,2372.46676115985,-0.190922448264656
"1318","ODC1",0.418031608654885,0.974710867146566,0.656071249737407,1,2372.46676115985,-0.3456816057722
"6949","CCDC88B",0.41803801994592,0.974710867146566,0.656053175659611,1,2372.46676115985,-0.331144214715502
"12183","ASCC2",0.418045331393871,0.974710867146566,0.656032564451651,1,2372.46676115985,-0.157673122925832
"49","SMIM1",0.418082751189026,0.974710867146566,0.655927085234734,1,2372.46676115985,-0.513691124547408
"7964","KDM2B",0.418166011143941,0.974710867146566,0.655692441790731,1,2372.46676115985,0.111781218342925
"7636","ATF7",0.418284637198328,0.974710867146566,0.655358249542959,1,2372.46676115985,-0.0957405629623044
"10387","ENGASE",0.418431079352121,0.974710867146566,0.654945888492708,1,2372.46676115985,-0.246453920932605
"879","CRABP2",0.418610370801107,0.974710867146566,0.654441320701257,1,2372.46676115985,0.566197030704659
"7821","ARL1",0.418658192005079,0.974710867146566,0.654306795065285,1,2372.46676115985,0.148013860108123
"6431","PI4K2A",0.41876709333792,0.974710867146566,0.654000530518368,1,2372.46676115985,0.104945105670919
"11453","ZNF432",0.418851282122727,0.974710867146566,0.653763846638341,1,2372.46676115985,-0.307563085644305
"2331","SMARCC1",0.419136026523705,0.974710867146566,0.652963856140105,1,2372.46676115985,-0.11686597089202
"911","CD48",0.419213205202536,0.974710867146566,0.652747161789417,1,2372.46676115985,0.125851187571404
"11561","ZNF304",0.41923962746649,0.974710867146566,0.65267298973385,1,2372.46676115985,0.433641564770747
"1364","HADHA",0.419324523947009,0.974710867146566,0.652434717155289,1,2372.46676115985,-0.0819737386097931
"4447","EYA4",0.419334893372041,0.974710867146566,0.652405618994915,1,2372.46676115985,1.46779895218449
"6278","CTNNA3",0.419340336322207,0.974710867146566,0.652390345690332,1,2372.46676115985,-0.775181554620831
"4293","FILIP1",0.419352344562288,0.974710867146566,0.652356650761017,1,2372.46676115985,0.999840227784165
"3663","SLC22A4",0.419429707954993,0.974710867146566,0.652139604789282,1,2372.46676115985,-0.262441007742379
"8924","GLCE",0.419493566193411,0.974710867146566,0.651960492995077,1,2372.46676115985,0.158500844881534
"11437","NKG7",0.419578305640482,0.974710867146566,0.651722875604994,1,2372.46676115985,-0.659102201330939
"11273","KCNN4",0.419650428129646,0.974710867146566,0.651520693702644,1,2372.46676115985,0.17770898034364
"2301","ZNF35",0.419786315476552,0.974710867146566,0.651139899679649,1,2372.46676115985,-0.371424944044065
"6010","PTPA",0.420157585766746,0.974710867146566,0.650100434014139,1,2372.46676115985,-0.135743987622629
"12634","CENPI",0.420168500464657,0.974710867146566,0.65006989627351,1,2372.46676115985,-0.848500176680042
"5373","ARFGEF1",0.420183176752646,0.974710867146566,0.650028836015489,1,2372.46676115985,0.0862072544580233
"5090","ADCK2",0.420186574292572,0.974710867146566,0.650019330928816,1,2372.46676115985,-0.338590262862145
"5963","LRSAM1",0.420216361714676,0.974710867146566,0.649936001415749,1,2372.46676115985,-0.14696420295945
"3030","TXK",0.420287177114786,0.974710867146566,0.64973793261655,1,2372.46676115985,0.118240405630256
"7264","SMIM35",0.420296098474231,0.974710867146566,0.649712983342535,1,2372.46676115985,-0.839608679260002
"2490","ZNF717",0.420465983288281,0.974710867146566,0.649238038049767,1,2372.46676115985,-0.266542414692613
"7141","PRCP",0.420491219011006,0.974710867146566,0.649167511222396,1,2372.46676115985,-0.115766579988487
"6680","DCHS1",0.420495595515931,0.974710867146566,0.649155280751036,1,2372.46676115985,0.593670418802759
"6228","ZNF33B",0.420672100888277,0.974710867146566,0.64866218156879,1,2372.46676115985,0.307675499911612
"5933","PTGS1",0.420690184219992,0.974710867146566,0.648611680006609,1,2372.46676115985,-0.207993491486525
"5274","SARAF",0.420703674851465,0.974710867146566,0.648574006650778,1,2372.46676115985,0.0645147424398271
"10176","KAT7",0.420855823157043,0.974710867146566,0.648149248716124,1,2372.46676115985,0.163651204038565
"8810","COPS2",0.420984603703654,0.974710867146566,0.647789906569443,1,2372.46676115985,-0.132869228257718
"7766","NAP1L1",0.42111682264007,0.974710867146566,0.64742114092663,1,2372.46676115985,0.0781410211675615
"788","SNX27",0.421163315093147,0.974710867146566,0.647291512107244,1,2372.46676115985,-0.10006323702115
"11297","BCAM",0.421180507664702,0.974710867146566,0.647243581726118,1,2372.46676115985,0.500380424264628
"6243","AGAP4",0.421655237612904,0.974710867146566,0.645921257919355,1,2372.46676115985,-0.354841695077687
"4108","HLA-DQA2",0.421740712660626,0.974710867146566,0.645683410159451,1,2372.46676115985,0.255029433279626
"6872","TMEM109",0.421939949165577,0.974710867146566,0.64512928301415,1,2372.46676115985,-0.171000843892162
"2554","GRAMD1C",0.421954715180068,0.974710867146566,0.645088230568086,1,2372.46676115985,-1.21490817892189
"11395","RPS11",0.422121964845235,0.974710867146566,0.644623393341807,1,2372.46676115985,0.057532178682515
"10402","AATK",0.422126667932048,0.974710867146566,0.644610326029352,1,2372.46676115985,-0.129614183186037
"1205","ARF1",0.422145512726042,0.974710867146566,0.644557968812802,1,2372.46676115985,0.0722499844659702
"227","TMEM222",0.422216808429154,0.974710867146566,0.644359916856955,1,2372.46676115985,0.220176127907891
"11078","PLEKHF1",0.422366202352885,0.974710867146566,0.643945078531136,1,2372.46676115985,-1.05677010297988
"8407","CDKN3",0.422376635162295,0.974710867146566,0.643916116820327,1,2372.46676115985,-0.500636726592901
"10849","SLC44A2",0.422563239795733,0.974710867146566,0.64339827901224,1,2372.46676115985,-0.428696873595897
"2589","FAM162A",0.422580952757569,0.974710867146566,0.643349142389218,1,2372.46676115985,-0.11301239246209
"6801","CRY2",0.422730984404503,0.974710867146566,0.642933070908362,1,2372.46676115985,-0.21936585228824
"1502","FANCL",0.422739990832377,0.974710867146566,0.642908101095058,1,2372.46676115985,0.136019005203899
"691","ATP1A1",0.422893159338767,0.974710867146566,0.642483572005601,1,2372.46676115985,0.106611754885025
"9798","ZBTB4",0.422930084039356,0.974710867146566,0.642381264207086,1,2372.46676115985,0.116765927036718
"4792","ABHD11",0.422960731894919,0.974710867146566,0.64229635791455,1,2372.46676115985,-0.340311777869473
"2422","PBRM1",0.423244855340226,0.974710867146566,0.641509665786794,1,2372.46676115985,0.0704693985888205
"7999","TCTN2",0.423282311931182,0.974710867146566,0.641406013549391,1,2372.46676115985,-0.646549734229828
"5247","LOXL2",0.423444025773466,0.974710867146566,0.640958666576014,1,2372.46676115985,0.649532214633774
"3968","SIRT5",0.423465657961601,0.974710867146566,0.640898845144983,1,2372.46676115985,-0.263291327174712
"8907","RPL4",0.423484201322764,0.974710867146566,0.640847569170973,1,2372.46676115985,-0.0819555339373805
"315","MAP7D1",0.423489807540615,0.974710867146566,0.64083206755881,1,2372.46676115985,0.112613455467544
"5720","PAX5",0.423548716324885,0.974710867146566,0.640669198958425,1,2372.46676115985,-0.998045897616688
"10710","MFSD12",0.423661327895281,0.974710867146566,0.640357949590667,1,2372.46676115985,0.0982695984725188
"1035","RGL1",0.423663051030329,0.974710867146566,0.640353187946978,1,2372.46676115985,-0.0800589857687601
"1282","AHCTF1",0.424020428525773,0.974710867146566,0.639366252309791,1,2372.46676115985,-0.133935107202612
"435","SPATA6",0.424274859076202,0.974710867146566,0.638664375697029,1,2372.46676115985,-0.238989274195235
"5808","BICD2",0.424365473073231,0.974710867146566,0.638414558851967,1,2372.46676115985,0.133700421736136
"10044","THRA",0.424404749547871,0.974710867146566,0.638306301061987,1,2372.46676115985,-0.344104534221631
"4065","AIF1",0.424457516219401,0.974710867146566,0.638160883901335,1,2372.46676115985,-0.0724213355968921
"8511","ZNF410",0.424491147864767,0.974710867146566,0.638068214210119,1,2372.46676115985,-0.167907251156321
"11889","RTF2",0.424495863954197,0.974710867146566,0.63805522023053,1,2372.46676115985,0.094855442844865
"3512","MCCC2",0.424507316392724,0.974710867146566,0.638023666864187,1,2372.46676115985,-0.222491080604777
"7962","ANAPC5",0.424592329136381,0.974710867146566,0.637789482616476,1,2372.46676115985,0.114887118141556
"9782","PHF23",0.424594714775313,0.974710867146566,0.637782911922538,1,2372.46676115985,-0.160984340223923
"1684","EIF5B",0.42471040560925,0.974710867146566,0.637464334639244,1,2372.46676115985,-0.100048043991263
"4333","MDN1",0.425020710836383,0.974710867146566,0.63661049194198,1,2372.46676115985,0.163021891787162
"11418","VRK3",0.425110828934084,0.974710867146566,0.636362696472888,1,2372.46676115985,-0.17452162887748
"6100","NDOR1",0.425175078838086,0.974710867146566,0.636186078322137,1,2372.46676115985,-0.352335907194588
"3163","ADH5",0.425203747443584,0.974710867146566,0.636107283424338,1,2372.46676115985,-0.119217740946976
"270","KHDRBS1",0.425307605368836,0.974710867146566,0.635821899532818,1,2372.46676115985,-0.0857720391419618
"12322","CYB5R3",0.425406492092573,0.974710867146566,0.635550272993304,1,2372.46676115985,-0.119585854565007
"6745","HTATIP2",0.425409377342719,0.974710867146566,0.635542349082471,1,2372.46676115985,0.114046518545441
"5577","MAF1",0.425494668873851,0.974710867146566,0.635308145056982,1,2372.46676115985,0.130722641866451
"1906","CALCRL",0.42582864403725,0.974710867146566,0.634391753788814,1,2372.46676115985,-0.241955755544829
"8003","ZNF664",0.425832111087879,0.974710867146566,0.634382246251291,1,2372.46676115985,-0.282823373638966
"2774","ECT2",0.425888009748752,0.974710867146566,0.6342289739318,1,2372.46676115985,-0.263221347899883
"11973","RWDD2B",0.425975703865183,0.974710867146566,0.633988580477288,1,2372.46676115985,-0.277561149728399
"1320","ATP6V1C2",0.426066680539113,0.974710867146566,0.633739267322473,1,2372.46676115985,0.819358666591016
"3450","PELO",0.426083678684643,0.974710867146566,0.633692694359648,1,2372.46676115985,-0.324328192639826
"7856","PRDM4",0.426118149074873,0.974710867146566,0.633598258040497,1,2372.46676115985,-0.172159806982562
"74","RERE",0.426152765845974,0.974710867146566,0.633503432260538,1,2372.46676115985,-0.0587596223092988
"11266","IRGQ",0.426168808236596,0.974710867146566,0.633459491243614,1,2372.46676115985,0.240127476965081
"1622","GNLY",0.426180028725865,0.974710867146566,0.63342875916724,1,2372.46676115985,-10
"7068","PPFIA1",0.426277218937733,0.974710867146566,0.633162613436018,1,2372.46676115985,-0.0870469427553101
"8996","MTHFS",0.426285062972045,0.974710867146566,0.633141137311402,1,2372.46676115985,-0.248221100190942
"7446","CLEC12A",0.426303897274135,0.974710867146566,0.633089573441311,1,2372.46676115985,0.323754518479757
"4738","CCM2",0.426348638136675,0.974710867146566,0.632967097276651,1,2372.46676115985,0.0806819711291338
"8910","SMAD3",0.426361198291303,0.974710867146566,0.632932717878103,1,2372.46676115985,-0.30971959805827
"8487","SLC10A1",0.426453819032753,0.974710867146566,0.632679245349071,1,2372.46676115985,-1.04834760412014
"8351","PPP2R3C",0.426547605610048,0.974710867146566,0.632422666758515,1,2372.46676115985,-0.116205582653432
"7550","TMEM117",0.426625655698714,0.974710867146566,0.63220920435579,1,2372.46676115985,0.121240159755434
"262","ZCCHC17",0.426724781102543,0.974710867146566,0.631938186973565,1,2372.46676115985,0.113607604671671
"2724","MBNL1",0.426848056021492,0.974710867146566,0.631601275009613,1,2372.46676115985,0.0481780662629534
"5392","PEX2",0.426869671890844,0.974710867146566,0.63154221366091,1,2372.46676115985,-0.177510279573382
"5472","BAALC",0.426966290216801,0.974710867146566,0.63127827710209,1,2372.46676115985,0.54973017250846
"4178","ZFAND3",0.426972406506719,0.974710867146566,0.631261571990903,1,2372.46676115985,-0.0513743210605221
"9704","SMYD4",0.427061818979464,0.974710867146566,0.631017405417071,1,2372.46676115985,0.184739347782515
"7521","IPO8",0.427114187394203,0.974710867146566,0.630874434110929,1,2372.46676115985,0.140869897662183
"12326","PACSIN2",0.427241811921929,0.974710867146566,0.630526116291568,1,2372.46676115985,-0.0828751921311018
"7370","TSPAN9",0.427274282481787,0.974710867146566,0.630437521404987,1,2372.46676115985,0.449002768323096
"7691","PRIM1",0.427332563547968,0.974710867146566,0.630278528830907,1,2372.46676115985,-0.384252341073258
"4552","MPC1",0.427392252262877,0.974710867146566,0.630115730028842,1,2372.46676115985,0.132652080324248
"3201","ELOVL6",0.427399129369153,0.974710867146566,0.630096975173574,1,2372.46676115985,0.852624486517179
"9115","LMF1",0.427489169614125,0.974710867146566,0.62985146448242,1,2372.46676115985,-0.167797764466634
"5932","MRRF",0.427538503566681,0.974710867146566,0.629716979778694,1,2372.46676115985,0.16234167742272
"7741","NUP107",0.427550725341746,0.974710867146566,0.629683666750303,1,2372.46676115985,0.174056595482644
"2534","CD47",0.427604506740479,0.974710867146566,0.629537091256015,1,2372.46676115985,-0.0963217537498477
"11822","TTPAL",0.427613296514746,0.974710867146566,0.62951313830255,1,2372.46676115985,-0.33915291953095
"3414","LMBRD2",0.4276520086275,0.974710867146566,0.629407653027102,1,2372.46676115985,-0.183647424603725
"2890","SLC49A3",0.427753242372625,0.974710867146566,0.629131872820577,1,2372.46676115985,0.210737999342676
"11712","NAPB",0.427794605754586,0.974710867146566,0.629019219338044,1,2372.46676115985,-0.180330249288053
"12201","SELENOM",0.42793664220656,0.974710867146566,0.628632507061666,1,2372.46676115985,-0.162850099029453
"8560","SNW1",0.428350575531044,0.974710867146566,0.627506625001243,1,2372.46676115985,-0.10701056581997
"4453","AHI1",0.428484460468964,0.974710867146566,0.627142814819655,1,2372.46676115985,-0.121689455750843
"2995","KLF3",0.428577882119878,0.974710867146566,0.626889058599933,1,2372.46676115985,-0.112996529729486
"1949","SPATS2L",0.42858610334202,0.974710867146566,0.626866731734588,1,2372.46676115985,-0.0925992044890734
"493","EFCAB7",0.428639447591203,0.974710867146566,0.626721877277071,1,2372.46676115985,0.398654571100051
"11478","ZNF677",0.428705315537435,0.974710867146566,0.626543052721119,1,2372.46676115985,-0.366124616135677
"792","THEM4",0.428873596056606,0.974710867146566,0.626086377214394,1,2372.46676115985,0.190544869516726
"4520","CNKSR3",0.428907925528882,0.974710867146566,0.625993247991465,1,2372.46676115985,-0.806960494712343
"6344","SAMD8",0.428982219070624,0.974710867146566,0.625791742533509,1,2372.46676115985,0.112191520818689
"9155","ECI1",0.4290163525982,0.974710867146566,0.625699180268066,1,2372.46676115985,0.154012006737667
"741","FCGR1A",0.429027492681263,0.974710867146566,0.62566897333752,1,2372.46676115985,0.250045200883186
"8264","NDRG2",0.429098686175816,0.974710867146566,0.625475956365682,1,2372.46676115985,0.360648895574475
"336","FHL3",0.429109453884785,0.974710867146566,0.625446767595367,1,2372.46676115985,0.200516574494519
"4280","B3GAT2",0.429231123021992,0.974710867146566,0.625117027604807,1,2372.46676115985,-0.641270574408011
"2797","B3GNT5",0.429320874888538,0.974710867146566,0.624873878331881,1,2372.46676115985,0.235225049339044
"10938","ASF1B",0.42935373477561,0.974710867146566,0.624784875919545,1,2372.46676115985,0.502614754091789
"10541","MOCOS",0.429488710971427,0.974710867146566,0.624419395135429,1,2372.46676115985,0.804954201573647
"3728","SLC35A4",0.429548071332775,0.974710867146566,0.624258717552699,1,2372.46676115985,0.190792534167598
"12637","RPL36A",0.429567649428638,0.974710867146566,0.624205730612222,1,2372.46676115985,0.0648831612832582
"1235","MAP10",0.429583965117413,0.974710867146566,0.624161575971014,1,2372.46676115985,0.300457665776896
"6042","GBGT1",0.429636515379559,0.974710867146566,0.62401937807196,1,2372.46676115985,0.203858904528816
"6604","PGGHG",0.429680036379988,0.974710867146566,0.623901632737234,1,2372.46676115985,0.331016328494699
"6833","FNBP4",0.429796457901804,0.974710867146566,0.623586744939476,1,2372.46676115985,-0.0961752350327672
"5948","SCAI",0.429862883447472,0.974710867146566,0.623407140153829,1,2372.46676115985,0.193814541082212
"11664","PCNA",0.429876423714176,0.974710867146566,0.623370534441514,1,2372.46676115985,-0.174837495733765
"9520","RIPOR1",0.429916108937493,0.974710867146566,0.623263256659489,1,2372.46676115985,-0.180346254111193
"1549","PCBP1",0.429932414462831,0.974710867146566,0.623219183625002,1,2372.46676115985,-0.0822086910099823
"3605","FBXL17",0.430063506247779,0.974710867146566,0.622864940872704,1,2372.46676115985,0.0778763631968933
"8217","ERCC5",0.43018690466831,0.974710867146566,0.622531636823788,1,2372.46676115985,-0.124316992944227
"4901","ZSCAN25",0.430188117579177,0.974710867146566,0.622528361421576,1,2372.46676115985,-0.407077399071943
"4758","PHKG1",0.430299814678068,0.974710867146566,0.62222678918157,1,2372.46676115985,0.281458138822611
"2776","NAALADL2",0.430339648684299,0.974710867146566,0.622119269577018,1,2372.46676115985,-0.161894993171569
"3727","APBB3",0.430340703763137,0.974710867146566,0.622116421922236,1,2372.46676115985,-0.274050608394289
"5733","BX664615.2",0.430346155449093,0.974710867146566,0.622101708005813,1,2372.46676115985,-1.0792646526937
"5419","RIPK2",0.430402895572971,0.974710867146566,0.621948585081839,1,2372.46676115985,0.145963386594765
"4516","FBXO5",0.43041223121996,0.974710867146566,0.621923394171242,1,2372.46676115985,0.408566505783146
"8023","FBRSL1",0.430446112627047,0.974710867146566,0.621831976982273,1,2372.46676115985,-0.227185575058593
"3764","FBXO38",0.430504945034813,0.974710867146566,0.621673264088573,1,2372.46676115985,-0.13627796276818
"7633","MAP3K12",0.430512601820227,0.974710867146566,0.621652610702524,1,2372.46676115985,-0.35028916048272
"9897","SLC47A1",0.430535863768045,0.974710867146566,0.621589867419096,1,2372.46676115985,0.268809883132123
"4174","TBC1D22B",0.430540661283165,0.974710867146566,0.62157692796127,1,2372.46676115985,-0.199475330411194
"6727","PLEKHA7",0.430613777190693,0.974710867146566,0.621379752856959,1,2372.46676115985,0.403534747820603
"6923","SLC3A2",0.430846528460976,0.974710867146566,0.620752419155082,1,2372.46676115985,-0.112402595317754
"5360","CYP7B1",0.430868778051397,0.974710867146566,0.620692476801934,1,2372.46676115985,0.652151180364213
"1256","ACTN2",0.430959820462147,0.974710867146566,0.620447249404395,1,2372.46676115985,-0.652984425232283
"5447","SDC2",0.431174990883477,0.974710867146566,0.619867988837649,1,2372.46676115985,-0.0784872593434247
"6693","AKIP1",0.431227848770021,0.974710867146566,0.619725757102863,1,2372.46676115985,0.163966850716672
"7739","MDM1",0.431316616186316,0.974710867146566,0.619486958294234,1,2372.46676115985,0.25796374874955
"5041","ATP6V1FNB",0.431324261439736,0.974710867146566,0.619466394803111,1,2372.46676115985,0.953337526104245
"5659","TUSC1",0.431355453375613,0.974710867146566,0.619382503364833,1,2372.46676115985,0.327865095361663
"7346","JAM3",0.431365579241644,0.974710867146566,0.619355271590296,1,2372.46676115985,1.12915691371741
"591","BCAR3",0.431386052033462,0.974710867146566,0.619300216500558,1,2372.46676115985,-0.336188015527343
"1729","IL1B",0.431456335253817,0.974710867146566,0.619111242189275,1,2372.46676115985,0.279749902267897
"9161","AMDHD2",0.431585898238476,0.974710867146566,0.618763001507984,1,2372.46676115985,-0.160161103500561
"6593","ZNF511",0.431667615254708,0.974710867146566,0.6185434432478,1,2372.46676115985,-0.172110502801016
"12154","LRP5L",0.431723983184704,0.974710867146566,0.618392029967463,1,2372.46676115985,0.231290167852295
"12263","CBY1",0.431797604838619,0.974710867146566,0.618194315595445,1,2372.46676115985,0.296268188816213
"9232","RMI2",0.431798001301561,0.974710867146566,0.618193251014283,1,2372.46676115985,0.405335749478335
"4129","RGL2",0.432093272160094,0.974710867146566,0.617400802324164,1,2372.46676115985,0.186034288769914
"10655","CIRBP",0.43218180673196,0.974710867146566,0.617163353197243,1,2372.46676115985,0.083521059595447
"7700","R3HDM2",0.43218884017894,0.974710867146566,0.617144492706586,1,2372.46676115985,-0.0826892471416093
"9010","RPS17",0.432251785632921,0.974710867146566,0.616975722512175,1,2372.46676115985,0.0822403602069814
"9643","MAP1LC3B",0.432377356746733,0.974710867146566,0.616639151032493,1,2372.46676115985,-0.0936974208623841
"5960","SLC2A8",0.432493110651166,0.974710867146566,0.616329024356193,1,2372.46676115985,-0.329945987758038
"5217","PSD3",0.432659181905948,0.974710867146566,0.615884308119112,1,2372.46676115985,0.119706914595243
"3975","MYLIP",0.433008343285569,0.974710867146566,0.614950146930706,1,2372.46676115985,0.213380772874045
"8034","ZNF891",0.433244784271977,0.974710867146566,0.614318212712507,1,2372.46676115985,-0.428245875912068
"1482","FOXN2",0.433296461125094,0.974710867146566,0.614180166174701,1,2372.46676115985,-0.111116755156018
"10791","FCER2",0.433355633274693,0.974710867146566,0.614022127888285,1,2372.46676115985,1.41104818274279
"12057","ITGB2",0.433400179183445,0.974710867146566,0.613903175344809,1,2372.46676115985,0.0663264132092909
"8459","CHURC1",0.433463912648281,0.974710867146566,0.613733017917446,1,2372.46676115985,-0.0744782979582222
"9389","PRR14",0.433586679902571,0.974710867146566,0.613405357644803,1,2372.46676115985,-0.236650185977094
"11666","GPCPD1",0.433702828140207,0.974710867146566,0.613095493162458,1,2372.46676115985,0.0843316070044337
"10978","OCEL1",0.433890881656625,0.974710867146566,0.612594064862449,1,2372.46676115985,-0.238502819050176
"5181","MCPH1",0.433896929839791,0.974710867146566,0.612577943400592,1,2372.46676115985,0.113861705870849
"7624","ITGB7",0.43389765844364,0.974710867146566,0.612576001326552,1,2372.46676115985,0.147545803273631
"8800","SLC30A4",0.434068807739229,0.974710867146566,0.612119944983493,1,2372.46676115985,0.377100475646348
"2113","HDAC4",0.434074608033559,0.974710867146566,0.612104493911768,1,2372.46676115985,-0.124720816551612
"11697","SEC23B",0.43422526542997,0.974710867146566,0.611703276418955,1,2372.46676115985,0.139866836644308
"3229","HSPA4L",0.43436758553752,0.974710867146566,0.611324456758796,1,2372.46676115985,-0.454530030893115
"9760","C1QBP",0.43440240987709,0.974710867146566,0.611231792081744,1,2372.46676115985,0.152998999001555
"5034","HILPDA",0.434504140631629,0.974710867146566,0.610961159798692,1,2372.46676115985,0.360703370182202
"899","SLAMF9",0.434543636377303,0.974710867146566,0.610856116075923,1,2372.46676115985,-0.184326007623944
"11295","CEACAM19",0.434634727036997,0.974710867146566,0.610613904888738,1,2372.46676115985,-0.770888157138776
"2265","ACVR2B",0.434684705327301,0.974710867146566,0.610481044863532,1,2372.46676115985,-0.303445875452884
"10386","CANT1",0.434700058409235,0.974710867146566,0.610440235599857,1,2372.46676115985,-0.188367128932102
"8439","DHRS7",0.434713597165831,0.974710867146566,0.610404250726895,1,2372.46676115985,0.121913552846448
"6853","CTNND1",0.434742924140735,0.974710867146566,0.610326307959014,1,2372.46676115985,-0.0802978288431843
"6758","DCDC1",0.434817274822724,0.974710867146566,0.610128740879842,1,2372.46676115985,0.64650966081574
"7868","ACACB",0.434879762251684,0.974710867146566,0.609962737052378,1,2372.46676115985,0.216805330640118
"2932","EVC2",0.43488522123679,0.974710867146566,0.609948236463912,1,2372.46676115985,0.279634217205365
"5900","HDHD3",0.434941034345609,0.974710867146566,0.609799997186945,1,2372.46676115985,0.232123223049435
"3074","PPBP",0.43525237113759,0.974710867146566,0.608973620470968,1,2372.46676115985,-0.699655915656803
"3168","DDIT4L",0.435268049945321,0.974710867146566,0.608932028285178,1,2372.46676115985,-0.921311981375444
"1701","TGFBRAP1",0.435400486527198,0.974710867146566,0.608580796380365,1,2372.46676115985,-0.195047395972385
"5593","KIFC2",0.435703429484168,0.974710867146566,0.607777981190032,1,2372.46676115985,0.359413334625777
"5080","UBN2",0.435839723203633,0.974710867146566,0.607417073302882,1,2372.46676115985,0.127796373789539
"7682","IL23A",0.435864584039069,0.974710867146566,0.60735126000535,1,2372.46676115985,-1.24457424763685
"7815","UHRF1BP1L",0.435887741020499,0.974710867146566,0.607289962421866,1,2372.46676115985,-0.104815088800483
"12005","RCAN1",0.435948499564525,0.974710867146566,0.60712915542761,1,2372.46676115985,-0.1642373517771
"255","MECR",0.436144096338696,0.974710867146566,0.606611710316972,1,2372.46676115985,-0.285035133488036
"10921","NACC1",0.436205159917673,0.974710867146566,0.606450241134277,1,2372.46676115985,0.151728045967136
"11162","ZNF585A",0.436291700379263,0.974710867146566,0.606221463085384,1,2372.46676115985,-0.207207894675142
"4330","RRAGD",0.436323413550961,0.974710867146566,0.606137643617793,1,2372.46676115985,-0.132023254293189
"8553","TMED8",0.43635606907619,0.974710867146566,0.606051343190457,1,2372.46676115985,-0.130208913963638
"2200","SH3BP5",0.436470564254406,0.974710867146566,0.605748838868178,1,2372.46676115985,0.132582538466054
"1206","C1orf35",0.436506847531712,0.974710867146566,0.605653001197258,1,2372.46676115985,-0.245034533447837
"1933","GTF3C3",0.436732772903424,0.974710867146566,0.605056521846631,1,2372.46676115985,0.160558303345707
"2247","CLASP2",0.436750334647203,0.974710867146566,0.605010175774378,1,2372.46676115985,0.0728595427234065
"6028","POMT1",0.436894759717907,0.974710867146566,0.60462914086963,1,2372.46676115985,0.188049859713651
"1223","C1orf198",0.436920748795637,0.974710867146566,0.604560594650285,1,2372.46676115985,-0.503888907942722
"6290","DDX50",0.437064530749378,0.974710867146566,0.604181482247055,1,2372.46676115985,-0.151893001158893
"10429","CENPX",0.437084850256847,0.974710867146566,0.604127920828583,1,2372.46676115985,-0.202382486371266
"12031","C2CD2",0.437189359743271,0.974710867146566,0.603852498118461,1,2372.46676115985,0.161395875407129
"10464","MYOM1",0.437217616565183,0.974710867146566,0.603778047817707,1,2372.46676115985,0.217846208269499
"2668","IL20RB",0.437235624640378,0.974710867146566,0.603730604474844,1,2372.46676115985,-0.373090182247243
"4925","TSC22D4",0.437276935434013,0.974710867146566,0.603621780032253,1,2372.46676115985,0.139716165548926
"2396","MANF",0.437284545143791,0.974710867146566,0.603601735596548,1,2372.46676115985,-0.211820684940444
"1202","ZNF678",0.43734625378692,0.974710867146566,0.603439211010336,1,2372.46676115985,-0.231861648160981
"11763","EDEM2",0.437411686148909,0.974710867146566,0.603266917440788,1,2372.46676115985,-0.143745687098955
"583","EVI5",0.437443474146274,0.974710867146566,0.60318322894267,1,2372.46676115985,0.063580270424682
"1245","ARID4B",0.437465108362769,0.974710867146566,0.603126277701941,1,2372.46676115985,-0.0637057366024965
"9571","VAC14",0.437490976916786,0.974710867146566,0.603058185389526,1,2372.46676115985,-0.11197612577342
"2852","PPP1R2",0.437550800598029,0.974710867146566,0.602900738544214,1,2372.46676115985,-0.11278896104916
"7611","GALNT6",0.437729521974491,0.974710867146566,0.602430567233743,1,2372.46676115985,-0.162134143974231
"12434","CDKL5",0.437738290062669,0.974710867146566,0.602407508146697,1,2372.46676115985,-0.202901349817819
"1525","SLC1A4",0.437768501804607,0.974710867146566,0.602328060075324,1,2372.46676115985,-0.197847412470149
"10815","ZNF177",0.437935824808004,0.974710867146566,0.601888201342816,1,2372.46676115985,-0.783991527990215
"8549","TMEM63C",0.437984440081416,0.974710867146566,0.601760449758486,1,2372.46676115985,0.795508802648806
"6370","PAPSS2",0.438142391784406,0.974710867146566,0.601345532964812,1,2372.46676115985,-0.131420614878443
"5297","BAG4",0.438279948432625,0.974710867146566,0.600984377745791,1,2372.46676115985,0.140109935295161
"11224","SHKBP1",0.438319433113621,0.974710867146566,0.600880742729897,1,2372.46676115985,-0.137698900943324
"3721","CYSTM1",0.438405486830874,0.974710867146566,0.600654928029641,1,2372.46676115985,-0.0805345512617498
"11514","NLRP2",0.438515269854828,0.974710867146566,0.600366943543906,1,2372.46676115985,0.453194554047052
"3000","TMEM156",0.438581335441943,0.974710867146566,0.600193692559853,1,2372.46676115985,-0.788605332997385
"11507","LILRA2",0.438593840795951,0.974710867146566,0.600160902911521,1,2372.46676115985,-0.374863175321798
"2452","DENND6A",0.438619070662439,0.974710867146566,0.600094753333597,1,2372.46676115985,-0.104379998035711
"6891","FADS1",0.438688555972033,0.974710867146566,0.599912601633038,1,2372.46676115985,0.212275200065276
"10489","AFG3L2",0.438761963957777,0.974710867146566,0.599720214916052,1,2372.46676115985,0.124194989004052
"7746","LYZ",0.438864016304169,0.974710867146566,0.599452839419615,1,2372.46676115985,0.0679675266627997
"12258","PLA2G6",0.438879734070707,0.974710867146566,0.59941166759991,1,2372.46676115985,-0.500029294111237
"1897","DNAJC10",0.438916823805565,0.974710867146566,0.599314522056466,1,2372.46676115985,-0.156560554656255
"4697","EEPD1",0.438999226412477,0.974710867146566,0.599098737963279,1,2372.46676115985,0.0831169418016242
"673","PHTF1",0.439172159421488,0.974710867146566,0.598646087856733,1,2372.46676115985,-0.163646678676592
"5557","NAPRT",0.43944066223166,0.974710867146566,0.597943826694757,1,2372.46676115985,-0.182985741499861
"4528","SNX9",0.439474895078883,0.974710867146566,0.597854339033098,1,2372.46676115985,-0.0911655125218771
"793","S100A10",0.439540999945977,0.974710867146566,0.597681565400686,1,2372.46676115985,-0.0664288949545181
"7412","PTPN6",0.4395934081666,0.974710867146566,0.597544618077682,1,2372.46676115985,-0.0934445171228135
"9940","DHRS13",0.439655495395226,0.974710867146566,0.597382411088067,1,2372.46676115985,-0.751846295753809
"5887","SUSD1",0.439728909584086,0.974710867146566,0.597190657047731,1,2372.46676115985,-0.1211585017645
"11058","ZNF85",0.439735255799687,0.974710867146566,0.597174083371606,1,2372.46676115985,-0.415619069996412
"1725","POLR1B",0.43998650238087,0.974710867146566,0.596518226833957,1,2372.46676115985,0.312423993805669
"1017","QSOX1",0.440144424272926,0.974710867146566,0.59610628039166,1,2372.46676115985,-0.10538787062037
"9817","TRAPPC1",0.440178558984695,0.974710867146566,0.596017268293964,1,2372.46676115985,0.102773676203773
"11249","ZNF574",0.440207233142862,0.974710867146566,0.595942503721634,1,2372.46676115985,-0.499171597561034
"219","ARID1A",0.440346596176229,0.974710867146566,0.595579237196412,1,2372.46676115985,-0.0839276218999544
"1888","FKBP7",0.440352010895311,0.974710867146566,0.595565126645783,1,2372.46676115985,0.544134006854441
"4761","ZNF680",0.440385913370907,0.974710867146566,0.595476784155173,1,2372.46676115985,-0.209562899363291
"11834","PIGT",0.440432378631759,0.974710867146566,0.595355722757023,1,2372.46676115985,0.129377856431532
"9778","ASGR1",0.440652967007616,0.974710867146566,0.594781265766813,1,2372.46676115985,-0.249634230570163
"5865","SLC44A1",0.440838120395395,0.974710867146566,0.594299429986813,1,2372.46676115985,0.0828638729756088
"3569","RASA1",0.440889499859681,0.974710867146566,0.594165777297324,1,2372.46676115985,-0.0762308057135104
"12120","AIFM3",0.440927622635358,0.974710867146566,0.594066624533732,1,2372.46676115985,-0.771764176826944
"8649","XRCC3",0.440964250074534,0.974710867146566,0.593971373384328,1,2372.46676115985,-0.623214619257419
"10461","SMCHD1",0.441029083733726,0.974710867146566,0.593802800652049,1,2372.46676115985,0.066717182320914
"6738","TSG101",0.44103358518399,0.974710867146566,0.593791097934768,1,2372.46676115985,-0.128574738053876
"1767","SMPD4",0.441138911322593,0.974710867146566,0.593517327080426,1,2372.46676115985,-0.22792514869256
"6703","SBF2",0.441438096574107,0.974710867146566,0.592740212962498,1,2372.46676115985,-0.057431753197467
"197","SYF2",0.441545493615915,0.974710867146566,0.592461453934181,1,2372.46676115985,0.100518664126513
"11696","RBBP9",0.441673545570634,0.974710867146566,0.592129219599947,1,2372.46676115985,0.296077316230539
"6910","UQCC3",0.441691802439429,0.974710867146566,0.592081863733624,1,2372.46676115985,-0.198808017554842
"1486","ASB3",0.441704872618343,0.974710867146566,0.592047963296363,1,2372.46676115985,0.10833094844228
"2106","UBE2F",0.441814544424337,0.974710867146566,0.591763565769496,1,2372.46676115985,-0.100181719895282
"2562","ARHGAP31",0.441815201295761,0.974710867146566,0.59176186271855,1,2372.46676115985,-0.134809830004632
"1613","CAPG",0.441851613542695,0.974710867146566,0.591667463873556,1,2372.46676115985,-0.0637427496314447
"11177","KCNK6",0.441864047456047,0.974710867146566,0.591635231666041,1,2372.46676115985,0.182586967331279
"3978","CAP2",0.44201927376775,0.974710867146566,0.591232958921477,1,2372.46676115985,1.07775181496297
"8658","CEP170B",0.442054400911873,0.974710867146566,0.591141956283261,1,2372.46676115985,-0.54635181987021
"4308","PGM3",0.442381305993388,0.974710867146566,0.590295589209654,1,2372.46676115985,0.214013619903608
"1012","SOAT1",0.442446703054817,0.974710867146566,0.5901263899964,1,2372.46676115985,0.081006735853728
"9056","CRTC3",0.442672715892892,0.974710867146566,0.58954193285516,1,2372.46676115985,-0.12166259408154
"3725","SRA1",0.442679900147012,0.974710867146566,0.589523362305791,1,2372.46676115985,-0.107087460547946
"1460","PLEKHH2",0.442885675228543,0.974710867146566,0.588991652454028,1,2372.46676115985,-1.13492492244112
"5882","PTGR1",0.443014128551612,0.974710867146566,0.588659930384075,1,2372.46676115985,-0.143810832422028
"10616","ZNF516",0.443075089888238,0.974710867146566,0.58850255377175,1,2372.46676115985,-0.0838823675630435
"294","ZNF362",0.443135646529631,0.974710867146566,0.58834625500227,1,2372.46676115985,0.17231774990134
"5280","GSR",0.443139769983312,0.974710867146566,0.588335613425884,1,2372.46676115985,-0.183363759881834
"10555","KATNAL2",0.443148444259601,0.974710867146566,0.588313227842555,1,2372.46676115985,0.217545033515681
"7545","ZCRB1",0.443223785417225,0.974710867146566,0.588118824423683,1,2372.46676115985,0.114372899083576
"5506","ZHX1",0.443291980743134,0.974710867146566,0.587942903442338,1,2372.46676115985,-0.149635576155422
"7703","MBD6",0.443571250696165,0.974710867146566,0.587222916796646,1,2372.46676115985,-0.251933171213893
"3704","FAM53C",0.443603984595691,0.974710867146566,0.587138571283516,1,2372.46676115985,0.151477958108162
"10602","DSEL",0.443642512758062,0.974710867146566,0.587039307998576,1,2372.46676115985,-1.04809544674317
"422","PIK3R3",0.443796600776134,0.974710867146566,0.586642451438436,1,2372.46676115985,-0.184830550571693
"1032","SMG7",0.443830200519938,0.974710867146566,0.58655594294835,1,2372.46676115985,-0.100509792660045
"11028","SUGP2",0.443889237235841,0.974710867146566,0.586403966982398,1,2372.46676115985,0.118384260826377
"7167","C11orf54",0.443943454361262,0.974710867146566,0.586264425420906,1,2372.46676115985,0.159935671460645
"7152","PICALM",0.443953447212236,0.974710867146566,0.5862387091523,1,2372.46676115985,-0.0519767309215878
"12592","TAF1",0.444000614390731,0.974710867146566,0.586117338069964,1,2372.46676115985,-0.132146837854858
"5156","GALNT11",0.444080440154918,0.974710867146566,0.585911974974383,1,2372.46676115985,0.11626869806025
"2493","GBE1",0.444177663708657,0.974710867146566,0.585661930672616,1,2372.46676115985,0.105773452373828
"12470","MED14",0.444261901965652,0.974710867146566,0.585445351012815,1,2372.46676115985,-0.152624783514907
"6956","EHD1",0.444494858262928,0.974710867146566,0.584846742342858,1,2372.46676115985,0.298939600654755
"5112","TPK1",0.444510524453777,0.974710867146566,0.584806503633937,1,2372.46676115985,0.101279963826116
"12595","CXCR3",0.44452369940047,0.974710867146566,0.584772665399544,1,2372.46676115985,-1.31596245551117
"11746","ZNF341",0.444684985276976,0.974710867146566,0.584358548144126,1,2372.46676115985,-0.334659514653526
"9209","ROGDI",0.444900154726554,0.974710867146566,0.583806441301481,1,2372.46676115985,-0.287146960648014
"10892","ZNF799",0.444985651700917,0.974710867146566,0.583587177933183,1,2372.46676115985,0.468704951756711
"4595","FOXK1",0.445003867212581,0.974710867146566,0.583540471322649,1,2372.46676115985,-0.144496888744606
"1798","KIF5C",0.445036457667907,0.974710867146566,0.58345691313308,1,2372.46676115985,0.979911619532589
"2750","TRIM59",0.445130074391615,0.974710867146566,0.583216943278932,1,2372.46676115985,-0.457988538956635
"8672","TEDC1",0.445236808731642,0.974710867146566,0.582943444074123,1,2372.46676115985,0.473234150665856
"5864","ABCA1",0.445264127135013,0.974710867146566,0.58287345891604,1,2372.46676115985,0.0646596940500226
"6856","GLYATL1",0.445381586701228,0.974710867146566,0.582572623007976,1,2372.46676115985,0.924748171273123
"4246","SLC25A27",0.445414439865385,0.974710867146566,0.582488501907036,1,2372.46676115985,0.40567976483315
"2500","PROS1",0.445431134396511,0.974710867146566,0.582445758951627,1,2372.46676115985,0.340818823970805
"5172","WDR60",0.445625027500535,0.974710867146566,0.581949516803095,1,2372.46676115985,-0.151677811831252
"5726","TOMM5",0.445707051519348,0.974710867146566,0.581739688555929,1,2372.46676115985,-0.114613504765675
"1748","EPB41L5",0.445949130578643,0.974710867146566,0.581120767278317,1,2372.46676115985,0.396367203784967
"4234","TMEM63B",0.446017063577779,0.974710867146566,0.580947177200194,1,2372.46676115985,0.163358652371994
"7232","NKAPD1",0.446029562284773,0.974710867146566,0.580915243556706,1,2372.46676115985,-0.191509899679088
"15","ACAP3",0.446037643394468,0.974710867146566,0.580894597417532,1,2372.46676115985,-0.258823669956827
"6854","LPXN",0.446062268129915,0.974710867146566,0.580831688135208,1,2372.46676115985,-0.0859070313787395
"2619","TPRA1",0.446097787073263,0.974710867146566,0.580740956698013,1,2372.46676115985,0.120327802436022
"4634","BZW2",0.44614865068107,0.974710867146566,0.580611047559405,1,2372.46676115985,0.203396225173171
"7696","STAT6",0.44621089698699,0.974710867146566,0.580452097483933,1,2372.46676115985,0.110077154474664
"891","PYHIN1",0.446217276585256,0.974710867146566,0.580435808699256,1,2372.46676115985,-0.355631385695193
"8287","C14orf119",0.446320279373376,0.974710867146566,0.58017286560612,1,2372.46676115985,-0.131723033857778
"11764","PROCR",0.446327043790177,0.974710867146566,0.580155600856299,1,2372.46676115985,-0.316286644323225
"12332","PNPLA3",0.44644527716217,0.974710867146566,0.57985390061142,1,2372.46676115985,0.815536822022375
"1253","EDARADD",0.446446347375766,0.974710867146566,0.579851170276006,1,2372.46676115985,0.787733516958867
"7338","TMEM45B",0.446451968244801,0.974710867146566,0.579836830447593,1,2372.46676115985,-0.811031235527796
"8780","PPIP5K1",0.446481351109708,0.974710867146566,0.579761874135916,1,2372.46676115985,-0.31196304625519
"11431","SIGLEC7",0.446495669297272,0.974710867146566,0.579725350909559,1,2372.46676115985,-0.152087480748716
"11221","SERTAD3",0.446614554131666,0.974710867146566,0.579422166391776,1,2372.46676115985,-0.220214475265674
"4694","DPY19L1",0.446696214150337,0.974710867146566,0.579213986540741,1,2372.46676115985,-0.200789157358856
"9710","TSR1",0.446831645959854,0.974710867146566,0.578868853859968,1,2372.46676115985,-0.252825450798795
"12810","SPRY3",0.446940011111124,0.974710867146566,0.578592814451347,1,2372.46676115985,-1.00837809538461
"8308","RNF31",0.446944446573661,0.974710867146566,0.578581518176477,1,2372.46676115985,-0.165548025778848
"9749","SPAG7",0.446975135425405,0.974710867146566,0.578503364308854,1,2372.46676115985,0.153720316733997
"1641","MRPS5",0.446979808944816,0.974710867146566,0.578491463206054,1,2372.46676115985,-0.128376465733431
"11167","ZNF569",0.447083885967837,0.974710867146566,0.578226481450438,1,2372.46676115985,0.268392777564912
"12469","CXorf38",0.447210486359193,0.974710867146566,0.577904283972141,1,2372.46676115985,-0.132395695727442
"10662","C19orf25",0.447219547888512,0.974710867146566,0.577881227850913,1,2372.46676115985,-0.156286903011729
"6221","CREM",0.447256546480606,0.974710867146566,0.577787096302912,1,2372.46676115985,0.0766977178019031
"5665","MOB3B",0.447316296399304,0.974710867146566,0.577635106538151,1,2372.46676115985,0.0961149301529995
"6816","PACSIN3",0.447351779471054,0.974710867146566,0.577544860862758,1,2372.46676115985,0.836815676407886
"1769","CCDC115",0.447390580566298,0.974710867146566,0.57744618904147,1,2372.46676115985,0.169240335622202
"3405","C1QTNF3",0.447518904169102,0.974710867146566,0.577119954714677,1,2372.46676115985,0.770126489344575
"199","RHD",0.447726339872766,0.974710867146566,0.576592902786421,1,2372.46676115985,-0.369757065687474
"1421","TTC27",0.44779089378517,0.974710867146566,0.5764289618733,1,2372.46676115985,0.248460380182336
"11891","FAM209A",0.447793484147055,0.974710867146566,0.57642238416529,1,2372.46676115985,-0.614344893899408
"7267","UBE4A",0.447831257386315,0.974710867146566,0.576326473270253,1,2372.46676115985,-0.122546497234896
"10664","REEP6",0.447907299436428,0.974710867146566,0.576133431312436,1,2372.46676115985,-1.05484451133495
"12385","SLC25A6",0.447915822824222,0.974710867146566,0.576111796836406,1,2372.46676115985,-0.0870080202592991
"456","SCP2",0.447960424553946,0.974710867146566,0.575998597004969,1,2372.46676115985,0.0830812410341486
"11182","RASGRP4",0.448038256087854,0.974710867146566,0.575801101434222,1,2372.46676115985,-0.312968493907659
"3326","CEP44",0.448054424185749,0.974710867146566,0.57576008198448,1,2372.46676115985,0.193831320000853
"10773","C3",0.448202576021996,0.974710867146566,0.575384318941118,1,2372.46676115985,-0.448528979618438
"695","CD101",0.448300469567941,0.974710867146566,0.57513613389899,1,2372.46676115985,0.32865806135549
"524","LRRIQ3",0.44831541868489,0.974710867146566,0.575098241507109,1,2372.46676115985,-1.04111812959476
"6454","HIF1AN",0.448340230604802,0.974710867146566,0.575035353637842,1,2372.46676115985,-0.187886514589858
"9335","TUFM",0.448447144135896,0.974710867146566,0.574764434367455,1,2372.46676115985,-0.122108120960943
"4199","TAF8",0.448462555301514,0.974710867146566,0.574725390708579,1,2372.46676115985,0.181108094562983
"7796","TMCC3",0.448490041264934,0.974710867146566,0.574655761147962,1,2372.46676115985,-0.213310744010455
"10865","PLPPR2",0.448713215215867,0.974710867146566,0.574090645553832,1,2372.46676115985,0.282922982960943
"10679","AP3D1",0.448728740430281,0.974710867146566,0.57405134926845,1,2372.46676115985,-0.121254872498714
"6942","PPP1R14B",0.449011911339782,0.974710867146566,0.573334979135775,1,2372.46676115985,0.105992856849739
"11367","RPL18",0.449013513174998,0.974710867146566,0.573330928790133,1,2372.46676115985,0.0496482457322844
"7166","TAF1D",0.449067016271241,0.974710867146566,0.573195655626229,1,2372.46676115985,-0.108036989249026
"7404","GPR162",0.449090935664526,0.974710867146566,0.573135187771505,1,2372.46676115985,0.338523392518037
"12561","SPIN2A",0.449110220317628,0.974710867146566,0.573086440121648,1,2372.46676115985,0.74257161163236
"8301","DHRS4L2",0.449180471943894,0.974710867146566,0.572908885990539,1,2372.46676115985,-0.138405749672102
"5957","ZBTB34",0.449224343421164,0.974710867146566,0.572798027060481,1,2372.46676115985,0.193457705708514
"815","RPS27",0.449242962828149,0.974710867146566,0.57275098274076,1,2372.46676115985,0.0449297467583154
"9312","TNRC6A",0.449267597123433,0.974710867146566,0.572688745703899,1,2372.46676115985,0.0743906651377489
"11356","LIG1",0.449316990105436,0.974710867146566,0.572563973384791,1,2372.46676115985,-0.280504194739535
"6587","LRRC27",0.449344282931595,0.974710867146566,0.572495037755645,1,2372.46676115985,-0.221643509868057
"1895","CERKL",0.449363978346669,0.974710867146566,0.572445295556953,1,2372.46676115985,-1.05814139869809
"8481","EXD2",0.449442284978159,0.974710867146566,0.572247560094215,1,2372.46676115985,-0.30549370602671
"10080","PSMC3IP",0.449497625519203,0.974710867146566,0.572107849687408,1,2372.46676115985,0.627063823797229
"3194","COL25A1",0.449511371027788,0.974710867146566,0.572073152510989,1,2372.46676115985,0.683938917167443
"1521","PELI1",0.449696190477069,0.974710867146566,0.571606781603334,1,2372.46676115985,0.132358325485439
"476","DHCR24",0.4497333272426,0.974710867146566,0.571513107252822,1,2372.46676115985,-0.505557543983559
"9428","NETO2",0.449738179914753,0.974710867146566,0.571500867688898,1,2372.46676115985,-0.328237516941724
"5470","AZIN1",0.449767049794538,0.974710867146566,0.571428055418351,1,2372.46676115985,-0.117964382699479
"7530","FGD4",0.449870350920149,0.974710867146566,0.571167580971235,1,2372.46676115985,-0.0692545788597392
"3437","SELENOP",0.449984128917331,0.974710867146566,0.570880796985448,1,2372.46676115985,0.0718938426321847
"8230","ANKRD10",0.450083920052387,0.974710867146566,0.57062936080668,1,2372.46676115985,-0.0954043795012829
"2626","EEFSEC",0.450123259659675,0.974710867146566,0.570530263677827,1,2372.46676115985,-0.140030371300608
"9242","SNX29",0.450171337208168,0.974710867146566,0.57040917388046,1,2372.46676115985,-0.0621757142644954
"8808","EID1",0.450187455329488,0.974710867146566,0.570368582733067,1,2372.46676115985,0.0788100787391915
"2023","TMBIM1",0.450454542496582,0.974710867146566,0.569696292584304,1,2372.46676115985,0.105765610249502
"1386","ZNF513",0.450518137469216,0.974710867146566,0.56953630820634,1,2372.46676115985,-0.41033343808715
"6066","NACC2",0.450684275849116,0.974710867146566,0.5691185241551,1,2372.46676115985,0.173838425895148
"425","LRRC41",0.450747771263152,0.974710867146566,0.56895891734626,1,2372.46676115985,0.130037975559451
"8784","HYPK",0.450806512777199,0.974710867146566,0.568811291568215,1,2372.46676115985,0.554313897448161
"11257","MEGF8",0.450822566097021,0.974710867146566,0.568770952521186,1,2372.46676115985,-0.230602598416924
"5984","SWI5",0.450850091880365,0.974710867146566,0.5687017905012,1,2372.46676115985,0.186795167776426
"6503","GSTO2",0.450872054792335,0.974710867146566,0.568646610632654,1,2372.46676115985,-0.81739040997388
"947","HSD17B7",0.45089058211603,0.974710867146566,0.568600065640576,1,2372.46676115985,-0.278571043437431
"6129","TASOR2",0.45095823519106,0.974710867146566,0.568430130590448,1,2372.46676115985,-0.105783548791785
"2033","STK36",0.45128575896536,0.974710867146566,0.567607999758908,1,2372.46676115985,-0.442086362667638
"8660","AHNAK2",0.451398600401001,0.974710867146566,0.567324967860915,1,2372.46676115985,0.971919491309914
"4759","CHCHD2",0.451535960706618,0.974710867146566,0.566980586357686,1,2372.46676115985,-0.0673388161337163
"7301","UBASH3B",0.451572422607467,0.974710867146566,0.566889198789293,1,2372.46676115985,-0.0881675286436929
"9078","ADAMTS17",0.451653684954006,0.974710867146566,0.566685565569182,1,2372.46676115985,-1.03994307843102
"4555","RNASET2",0.451804146218402,0.974710867146566,0.566308679836033,1,2372.46676115985,0.0593609645712635
"1212","RNF187",0.451830832451943,0.974710867146566,0.566241854824822,1,2372.46676115985,-0.119997562907657
"3223","BBS12",0.45187451077842,0.974710867146566,0.566132493230876,1,2372.46676115985,0.428914454495529
"5648","DENND4C",0.451877202433038,0.974710867146566,0.566125754419479,1,2372.46676115985,-0.0775751018378699
"268","SPOCD1",0.451922390786635,0.974710867146566,0.566012630490111,1,2372.46676115985,0.293543171491965
"6883","TMEM216",0.451959463292917,0.974710867146566,0.565919836884349,1,2372.46676115985,-0.486207972695553
"10592","PIGN",0.452029396023308,0.974710867146566,0.56574482557107,1,2372.46676115985,0.123051672346931
"4881","ASNS",0.452168497474437,0.974710867146566,0.565396840892574,1,2372.46676115985,1.11943462511723
"9140","RPS2",0.452184302285476,0.974710867146566,0.565357313215587,1,2372.46676115985,0.0497341209715746
"2752","PPM1L",0.452333276845933,0.974710867146566,0.564984835571132,1,2372.46676115985,0.0930346379925536
"6259","CSTF2T",0.452350377310091,0.974710867146566,0.564942091967436,1,2372.46676115985,0.267384237436244
"12472","DDX3X",0.452407050534662,0.974710867146566,0.564800452039142,1,2372.46676115985,0.07270575099227
"2569","POPDC2",0.452435794408918,0.974710867146566,0.564728624851131,1,2372.46676115985,0.635181399411755
"2998","TLR6",0.452470194650254,0.974710867146566,0.564642672535609,1,2372.46676115985,0.180002798500546
"9813","CYB5D1",0.452480421079693,0.974710867146566,0.564617122790618,1,2372.46676115985,-1.0011418027422
"4668","SNX10",0.452503631921544,0.974710867146566,0.564559136103088,1,2372.46676115985,-0.128615162138769
"897","TAGLN2",0.452555384971724,0.974710867146566,0.564429860370344,1,2372.46676115985,-0.0974303565942639
"11882","TSHZ2",0.452610815893846,0.974710867146566,0.564291423239129,1,2372.46676115985,0.910744185864452
"1834","GCA",0.452675757820229,0.974710867146566,0.564129266435679,1,2372.46676115985,-0.0978246843614451
"12086","TUBA8",0.452752659710906,0.974710867146566,0.563937293321317,1,2372.46676115985,0.476985574744746
"5548","LY6E",0.452837158447451,0.974710867146566,0.563726414823107,1,2372.46676115985,0.0543631746449989
"10381","CYTH1",0.452932039376532,0.974710867146566,0.563489699593873,1,2372.46676115985,-0.0635416451585266
"3732","IK",0.453229748919717,0.974710867146566,0.562747458459428,1,2372.46676115985,0.103397841328082
"2296","ZNF445",0.453232158803219,0.974710867146566,0.56274145332442,1,2372.46676115985,0.227216659299733
"8334","STRN3",0.453323306381957,0.974710867146566,0.562514361463041,1,2372.46676115985,-0.0782931298930321
"7775","LIN7A",0.453362122461873,0.974710867146566,0.562417673934639,1,2372.46676115985,0.271370279222963
"11954","FP565260.6",0.453384833628299,0.974710867146566,0.56236110838669,1,2372.46676115985,0.618349719896043
"10997","JAK3",0.453391309944182,0.974710867146566,0.562344978970313,1,2372.46676115985,-0.561817846654055
"2943","CCDC96",0.453458026269202,0.974710867146566,0.562178841437149,1,2372.46676115985,0.620740545080187
"1414","MEMO1",0.453552769252434,0.974710867146566,0.561942977578085,1,2372.46676115985,0.22601666802988
"5552","TOP1MT",0.453585981701149,0.974710867146566,0.5618603130644,1,2372.46676115985,-0.36778426944883
"6773","LMO2",0.453588933422481,0.974710867146566,0.561852966802538,1,2372.46676115985,-0.144731735964401
"11394","RPL13A",0.453721432891539,0.974710867146566,0.561523278571881,1,2372.46676115985,0.054254977869252
"7507","INTS13",0.453796305957893,0.974710867146566,0.561337044493467,1,2372.46676115985,0.2104264816928
"7413","PHB2",0.453926000892906,0.974710867146566,0.561014564407019,1,2372.46676115985,0.131523796273755
"1453","EML4",0.453979450055645,0.974710867146566,0.560881707775578,1,2372.46676115985,-0.0779635075144156
"6229","BMS1",0.453981834142887,0.974710867146566,0.560875782309166,1,2372.46676115985,0.161289820399289
"3196","MCUB",0.453989511112908,0.974710867146566,0.56085670211958,1,2372.46676115985,-0.122050150390574
"2901","FAM53A",0.454023957694371,0.974710867146566,0.56077109550276,1,2372.46676115985,0.470590585325492
"8653","TDRD9",0.454039506923073,0.974710867146566,0.560732455912745,1,2372.46676115985,-0.416564093092385
"9371","BOLA2B",0.454039593478195,0.974710867146566,0.560732240830436,1,2372.46676115985,0.380752378905957
"4991","DLD",0.454296750138241,0.974710867146566,0.560093511987183,1,2372.46676115985,0.132656722017158
"4791","STX1A",0.454319525830374,0.974710867146566,0.560036968821959,1,2372.46676115985,-0.37699976887169
"3207","ZGRF1",0.454323534698046,0.974710867146566,0.560027016827133,1,2372.46676115985,0.304756014270101
"2060","MRPL44",0.454403201698143,0.974710867146566,0.559829272488949,1,2372.46676115985,-0.149808442530773
"5338","RGS20",0.454446168700023,0.974710867146566,0.559722645151218,1,2372.46676115985,-0.68390882648254
"6708","LYVE1",0.454520112413873,0.974710867146566,0.559539182781753,1,2372.46676115985,-10
"7332","ETS1",0.454594898048459,0.974710867146566,0.559353679216906,1,2372.46676115985,0.524384021435543
"5096","DENND11",0.454721073268887,0.974710867146566,0.559040813999486,1,2372.46676115985,-0.18096910718517
"9046","ARPIN",0.454751460378742,0.974710867146566,0.558965486235999,1,2372.46676115985,0.11943255508956
"10198","NME2",0.45487616294613,0.974710867146566,0.558656439147281,1,2372.46676115985,0.0731013768290555
"10300","SSTR2",0.454988114593192,0.974710867146566,0.558379105787393,1,2372.46676115985,-1.05120423666381
"8607","OTUB2",0.455115821104644,0.974710867146566,0.55806287453282,1,2372.46676115985,0.547577642775926
"6459","LZTS2",0.45517252202911,0.974710867146566,0.557922514491749,1,2372.46676115985,-0.202297335500935
"1362","KIF3C",0.455313619834056,0.974710867146566,0.557573353942867,1,2372.46676115985,0.397530240598555
"11642","MRPS26",0.455391218358192,0.974710867146566,0.557381401230025,1,2372.46676115985,-0.203896582905801
"11641","PTPRA",0.455505666514528,0.974710867146566,0.55709838881362,1,2372.46676115985,0.0739585921506822
"7928","TESC",0.455530913836087,0.974710867146566,0.557035971197397,1,2372.46676115985,-0.290152494958749
"10343","UNC13D",0.455575001939361,0.974710867146566,0.556926987569749,1,2372.46676115985,0.148233171747374
"12806","VBP1",0.455688376753688,0.974710867146566,0.556646806819281,1,2372.46676115985,-0.187029555372076
"2437","SELENOK",0.455742953124571,0.974710867146566,0.556511972529647,1,2372.46676115985,0.111376652001726
"5888","PTBP3",0.455782113658053,0.974710867146566,0.556415239681706,1,2372.46676115985,0.0674779825098908
"7162","CHORDC1",0.455826781681655,0.974710867146566,0.556304918419069,1,2372.46676115985,-0.150967437615422
"10120","FZD2",0.455839682402091,0.974710867146566,0.556273059336659,1,2372.46676115985,0.262536256129703
"6336","ZSWIM8",0.455857865883982,0.974710867146566,0.556228156577378,1,2372.46676115985,-0.149508059868755
"11872","PTPN1",0.455925212162595,0.974710867146566,0.556061874506786,1,2372.46676115985,-0.0885599838124905
"5845","GALNT12",0.456052999037206,0.974710867146566,0.555746467237836,1,2372.46676115985,0.644644816128461
"11936","ARFRP1",0.456055112616282,0.974710867146566,0.555741251611024,1,2372.46676115985,0.194023524618155
"7299","SC5D",0.456065868145548,0.974710867146566,0.555714711047363,1,2372.46676115985,0.182345230256971
"2099","COPS8",0.456100272051251,0.974710867146566,0.555629821888174,1,2372.46676115985,-0.220744880390348
"5050","ZC3HC1",0.456144596959825,0.974710867146566,0.555520468238738,1,2372.46676115985,0.198583039276602
"5370","PPP1R42",0.456170896160427,0.974710867146566,0.555455593591476,1,2372.46676115985,-1.01535966512342
"3092","NUP54",0.456183354045648,0.974710867146566,0.555424864641664,1,2372.46676115985,0.156476756302464
"193","RCAN3",0.456224998961036,0.974710867146566,0.555322151787027,1,2372.46676115985,-0.173067554065251
"4729","YKT6",0.456254844018182,0.974710867146566,0.555248551143338,1,2372.46676115985,-0.180553332686129
"9597","TMEM231",0.456259880122166,0.974710867146566,0.555236132397876,1,2372.46676115985,-0.991254918495679
"562","HS2ST1",0.456322377803335,0.974710867146566,0.555082034649322,1,2372.46676115985,-0.0906017046888787
"2965","CD38",0.456426520403653,0.974710867146566,0.554825328757528,1,2372.46676115985,-0.115987518228952
"11511","KIR2DL4",0.456545860187912,0.974710867146566,0.554531276121079,1,2372.46676115985,0.635450128210633
"8757","PLA2G4B",0.45654942447777,0.974710867146566,0.55452249559214,1,2372.46676115985,0.401959381534578
"159","MUL1",0.45672913467657,0.974710867146566,0.55407992457341,1,2372.46676115985,-0.255060182323943
"11784","TGIF2",0.456766022205066,0.974710867146566,0.553989115886844,1,2372.46676115985,-0.168824736056616
"3947","SNRNP48",0.456824544129177,0.974710867146566,0.553845071977461,1,2372.46676115985,-0.180918515232319
"180","RPL11",0.456852792188215,0.974710867146566,0.553775553562705,1,2372.46676115985,0.0447164197616717
"6907","C11orf98",0.457084517747985,0.974710867146566,0.553205533291742,1,2372.46676115985,0.563943076687355
"11384","SNRNP70",0.457111416508276,0.974710867146566,0.553139394731438,1,2372.46676115985,0.112088992891573
"8471","PIGH",0.457429086800083,0.974710867146566,0.552358772670762,1,2372.46676115985,-0.219646316377437
"8964","NEIL1",0.457443869865564,0.974710867146566,0.552322466577328,1,2372.46676115985,0.42275779224864
"1999","UNC80",0.457444647473572,0.974710867146566,0.552320556882012,1,2372.46676115985,-0.727897034020946
"9808","SAT2",0.457508041183467,0.974710867146566,0.552164888133423,1,2372.46676115985,-0.0969685189218913
"8518","ABCD4",0.457697617803949,0.974710867146566,0.551699569470603,1,2372.46676115985,-0.158360050546958
"12391","CD99",0.457734789924419,0.974710867146566,0.551608365634651,1,2372.46676115985,0.0662491378851587
"2114","NDUFA10",0.457741838595775,0.974710867146566,0.551591072652451,1,2372.46676115985,-0.119773159454921
"12043","CSTB",0.457815161393732,0.974710867146566,0.551411209815633,1,2372.46676115985,0.0659664835281279
"11729","HCK",0.457908312047056,0.974710867146566,0.551182774324906,1,2372.46676115985,-0.104025972921717
"7462","BCL2L14",0.457928284466328,0.974710867146566,0.55113380505974,1,2372.46676115985,0.603714384919637
"12566","ARHGEF9",0.457958658926769,0.974710867146566,0.551059338076088,1,2372.46676115985,0.159771208564419
"9663","ANKRD11",0.457978869982242,0.974710867146566,0.551009792340077,1,2372.46676115985,-0.0616591351582354
"12011","MORC3",0.458015072905503,0.974710867146566,0.550921052495516,1,2372.46676115985,0.0889857315842543
"7761","GLIPR1L1",0.458175158689296,0.974710867146566,0.550528786430813,1,2372.46676115985,-0.723849701800007
"7044","PITPNM1",0.458178868362052,0.974710867146566,0.55051969900543,1,2372.46676115985,-0.251605721192598
"1531","ETAA1",0.458223003871215,0.974710867146566,0.550411591074211,1,2372.46676115985,0.23732972601329
"4424","HDDC2",0.458290565072523,0.974710867146566,0.550246134851334,1,2372.46676115985,-0.189243296998339
"3333","TENM3",0.4582945209642,0.974710867146566,0.550236448135505,1,2372.46676115985,0.99001621736174
"518","ANKRD13C",0.458298018835979,0.974710867146566,0.550227883074303,1,2372.46676115985,0.11441870841844
"5328","SPIDR",0.458371399871838,0.974710867146566,0.550048222478257,1,2372.46676115985,0.0575863587673892
"12698","UPF3B",0.458452664717125,0.974710867146566,0.549849312818904,1,2372.46676115985,0.124007715847706
"5876","TXN",0.458493121862378,0.974710867146566,0.54975030779753,1,2372.46676115985,-0.07346369589988
"10046","MSL1",0.458692007395962,0.974710867146566,0.549263804343417,1,2372.46676115985,-0.138001387164578
"7773","PAWR",0.458797065208879,0.974710867146566,0.549006952048061,1,2372.46676115985,0.893953560037133
"5395","IL7",0.458840593501759,0.974710867146566,0.548900558459866,1,2372.46676115985,0.268383592290635
"10369","MFSD11",0.458864652547591,0.974710867146566,0.54884175923415,1,2372.46676115985,0.12269735660748
"8750","RTF1",0.458869550709119,0.974710867146566,0.548829788945416,1,2372.46676115985,-0.0868703882908385
"1907","TFPI",0.458871709125165,0.974710867146566,0.548824514201258,1,2372.46676115985,0.105316466107005
"9753","ZFP3",0.458931871241045,0.974710867146566,0.548677505624093,1,2372.46676115985,-0.545449925881377
"9432","SIAH1",0.458976110523627,0.974710867146566,0.548569424595176,1,2372.46676115985,0.152483211656296
"4801","GTF2I",0.458980906062799,0.974710867146566,0.548557709599837,1,2372.46676115985,-0.0680442365184984
"9314","ARHGAP17",0.45898184620567,0.974710867146566,0.548555412952882,1,2372.46676115985,0.0923103203632775
"4029","HLA-G",0.459227762358897,0.974710867146566,0.547954927324687,1,2372.46676115985,0.487190057775735
"125","PLEKHM2",0.459256565756228,0.974710867146566,0.547884627607667,1,2372.46676115985,-0.0768562639717895
"7255","PCSK7",0.459567105298962,0.974710867146566,0.547127144855628,1,2372.46676115985,-0.158139655654589
"4071","CSNK2B",0.459591687685514,0.974710867146566,0.547067216964296,1,2372.46676115985,-0.102698779081235
"8202","FARP1",0.459800806170099,0.974710867146566,0.546557625130857,1,2372.46676115985,0.203302826733384
"2351","DALRD3",0.459859878255656,0.974710867146566,0.546413741429467,1,2372.46676115985,-0.262388731394211
"11932","GMEB2",0.459916467606134,0.974710867146566,0.546275932473123,1,2372.46676115985,0.28310340670944
"5355","RAB2A",0.460012280482688,0.974710867146566,0.546042665873236,1,2372.46676115985,0.0613121232390137
"8127","LCP1",0.460039301679037,0.974710867146566,0.545976893830953,1,2372.46676115985,-0.0556413562713151
"3583","MCTP1",0.460132529364798,0.974710867146566,0.545750016202712,1,2372.46676115985,0.0729162575664724
"929","TOMM40L",0.460557294393515,0.974710867146566,0.544717235843759,1,2372.46676115985,0.312156231086334
"6798","TP53I11",0.460579156405085,0.974710867146566,0.544664121093899,1,2372.46676115985,0.267555744597173
"10883","ZNF763",0.460699496175412,0.974710867146566,0.544371821763236,1,2372.46676115985,-0.350333026113249
"12605","ABCB7",0.460744717723957,0.974710867146566,0.544262012186433,1,2372.46676115985,0.12036335270751
"1350","FAM228A",0.460745329572181,0.974710867146566,0.544260526578516,1,2372.46676115985,0.717561316491876
"2307","ZDHHC3",0.460747918892194,0.974710867146566,0.54425423957309,1,2372.46676115985,-0.117438731579878
"6291","DDX21",0.460778096280061,0.974710867146566,0.544180971420497,1,2372.46676115985,-0.15945463081213
"12558","NBDY",0.460821863667133,0.974710867146566,0.544074721429084,1,2372.46676115985,-0.0901276667063004
"6143","USP6NL",0.460912681572561,0.974710867146566,0.543854302394519,1,2372.46676115985,0.103362399368707
"3592","CAST",0.46094563747068,0.974710867146566,0.543774334035575,1,2372.46676115985,-0.0615748890507249
"10748","TINCR",0.460964121617978,0.974710867146566,0.543729485736402,1,2372.46676115985,0.455983442492725
"10722","ZBTB7A",0.461048654315378,0.974710867146566,0.543524419465134,1,2372.46676115985,0.0963722808772036
"5791","SHC3",0.461150926659858,0.974710867146566,0.543276398721502,1,2372.46676115985,0.512530001267026
"7110","SPCS2",0.461221700496627,0.974710867146566,0.543104816172838,1,2372.46676115985,0.0786608123068331
"842","MUC1",0.461221737991184,0.974710867146566,0.543104725282932,1,2372.46676115985,0.711790286052497
"9104","WDR90",0.461253176773119,0.974710867146566,0.543028519208806,1,2372.46676115985,-0.731536091333255
"1699","TMEM182",0.461288751440924,0.974710867146566,0.542942297899012,1,2372.46676115985,0.221436489519702
"8597","RIN3",0.461298604064617,0.974710867146566,0.542918420243261,1,2372.46676115985,-0.0812387611246131
"43","PRXL2B",0.461316223392973,0.974710867146566,0.54287572213873,1,2372.46676115985,0.226652235406476
"1553","SNRPG",0.461341173298413,0.974710867146566,0.542815263784984,1,2372.46676115985,0.0855327684516923
"3502","RAD17",0.461344175699621,0.974710867146566,0.542807988747478,1,2372.46676115985,-0.167950750722406
"5824","AL160269.1",0.461357577331737,0.974710867146566,0.542775516530839,1,2372.46676115985,-0.981722890706939
"8162","NEK3",0.461800781353891,0.975473080788401,0.541702474929084,1,2372.46676115985,-0.276274114144088
"7987","MPHOSPH9",0.461920368989632,0.975473080788401,0.54141322162116,1,2372.46676115985,-0.161299699099801
"12092","SLC25A1",0.461946250624894,0.975473080788401,0.541350635935428,1,2372.46676115985,0.203931587079619
"3715","DNAJC18",0.462290243938174,0.975723172456403,0.54051933772805,1,2372.46676115985,0.291146445509653
"875","MEF2D",0.462303086336943,0.975723172456403,0.540488321695039,1,2372.46676115985,0.120968799296698
"8556","AHSA1",0.462380556994162,0.975723172456403,0.540301249242031,1,2372.46676115985,-0.157465201006654
"10277","RGS9",0.462510249814854,0.975723172456403,0.539988184822681,1,2372.46676115985,-0.203740107054218
"11108","ZNF30",0.462519759144894,0.975723172456403,0.539965235828183,1,2372.46676115985,-0.57491937489837
"1345","FKBP1B",0.462520594248277,0.975723172456403,0.539963220497794,1,2372.46676115985,0.270144236240993
"10455","COLEC12",0.462662633396303,0.975747853609414,0.539620525864164,1,2372.46676115985,-0.180525000429907
"2664","PCCB",0.462750409280265,0.975747853609414,0.539408834705126,1,2372.46676115985,0.184135346983797
"729","PRKAB2",0.462760501635583,0.975747853609414,0.539384498833328,1,2372.46676115985,-0.241851853794952
"3046","EXOC1",0.462839807451521,0.975747853609414,0.539193296751635,1,2372.46676115985,-0.0906545143741216
"3177","SLC9B2",0.46291222834581,0.975747853609414,0.539018739420596,1,2372.46676115985,0.572783950667317
"2922","HTT",0.463030491030118,0.975777399513161,0.538733782326284,1,2372.46676115985,0.0747277987938029
"767","ANXA9",0.463078223863656,0.975777399513161,0.538618801629613,1,2372.46676115985,-1.01317102322879
"6757","MPPED2",0.463197411293226,0.975857878504052,0.538331780762255,1,2372.46676115985,0.540148222375179
"1248","B3GALNT2",0.463268408018122,0.975857878504052,0.538160866126377,1,2372.46676115985,-0.153866605661174
"9691","YWHAE",0.463474902134702,0.97613272401373,0.53766399776488,1,2372.46676115985,0.0732791954616817
"7093","FAM168A",0.464013097836223,0.977105967417995,0.536370642797796,1,2372.46676115985,0.0760992911292815
"7406","TPI1",0.464213810766111,0.977368346294087,0.535888915769796,1,2372.46676115985,0.0604129396646295
"8326","CBLN3",0.464378735972703,0.977555303053356,0.535493330881176,1,2372.46676115985,-0.596854598478332
"8125","COG3",0.464650083324105,0.977966189143554,0.53484297279252,1,2372.46676115985,0.147341087619947
"11759","ACSS2",0.465258976922043,0.978254504861738,0.53338579887263,1,2372.46676115985,0.132297064092972
"12793","SLC10A3",0.465390699344977,0.978254504861738,0.533070968304386,1,2372.46676115985,-0.320892088847885
"1204","JMJD4",0.465465240851268,0.978254504861738,0.532892869324993,1,2372.46676115985,0.271209790594971
"12523","PLP2",0.465497125038685,0.978254504861738,0.532816703665458,1,2372.46676115985,-0.328285819811022
"8592","TRIP11",0.465518672712521,0.978254504861738,0.532765234825671,1,2372.46676115985,0.0896356035784564
"7949","DYNLL1",0.46564923543009,0.978254504861738,0.532453453803838,1,2372.46676115985,-0.0642235999550239
"8480","DCAF5",0.465763795336368,0.978254504861738,0.532180002335844,1,2372.46676115985,-0.0867957324746444
"10712","HMG20B",0.465853151709705,0.978254504861738,0.531966785737586,1,2372.46676115985,0.125992926230412
"5782","NAA35",0.4659382084046,0.978254504861738,0.53176388956054,1,2372.46676115985,-0.145665156537262
"5390","GDAP1",0.466099698420815,0.978254504861738,0.531378830695859,1,2372.46676115985,0.176125218115114
"12256","POLR2F",0.466188309726297,0.978254504861738,0.531167635507,1,2372.46676115985,0.118762375350675
"4287","MTO1",0.466252416833321,0.978254504861738,0.531014883420133,1,2372.46676115985,0.16346085769918
"535","USP33",0.466365640798148,0.978254504861738,0.530745179617265,1,2372.46676115985,0.0763885292780895
"9555","TMED6",0.466444359060109,0.978254504861738,0.530557731513674,1,2372.46676115985,-0.970308982958426
"10320","KCTD2",0.466540491858836,0.978254504861738,0.530328883715133,1,2372.46676115985,0.234746116983365
"7531","DNM1L",0.466608092544536,0.978254504861738,0.530168002941096,1,2372.46676115985,-0.103994093511337
"7838","EID3",0.466615806625829,0.978254504861738,0.530149646812519,1,2372.46676115985,-0.717391014517887
"12829","MT-ND3",0.466789623482665,0.978254504861738,0.529736167858034,1,2372.46676115985,-0.0372285317978028
"7330","DCPS",0.466810612489748,0.978254504861738,0.529686255493828,1,2372.46676115985,-0.250177168629491
"11950","PCMTD2",0.46688755541584,0.978254504861738,0.529503314125077,1,2372.46676115985,0.183427879833417
"3526","GCNT4",0.466889441093442,0.978254504861738,0.529498831298998,1,2372.46676115985,-1.00302924563398
"10104","ARL4D",0.466902391180543,0.978254504861738,0.529468045808699,1,2372.46676115985,-1.02971692025572
"11013","LRRC25",0.466905261014871,0.978254504861738,0.529461223703443,1,2372.46676115985,-0.139148474850372
"11331","PPP5C",0.467039217400402,0.978254504861738,0.529142860404848,1,2372.46676115985,-0.241645730612846
"4799","CLIP2",0.467050902188433,0.978254504861738,0.52911509705781,1,2372.46676115985,-0.19682681958293
"1506","PUS10",0.467065278206912,0.978254504861738,0.529080940808442,1,2372.46676115985,0.162218436414788
"1151","FLVCR1",0.467093584050162,0.978254504861738,0.529013693357177,1,2372.46676115985,0.247905527960366
"10259","LIMD2",0.467093615086041,0.978254504861738,0.529013619627446,1,2372.46676115985,-0.175232092822314
"1197","PARP1",0.467139642490118,0.978254504861738,0.528904284240054,1,2372.46676115985,0.107210673621786
"7243","ZW10",0.467139926018039,0.978254504861738,0.528903610789721,1,2372.46676115985,0.210265141083581
"4162","MAPK13",0.467255624077662,0.978254504861738,0.528628853419379,1,2372.46676115985,-0.137290517112294
"9205","MGRN1",0.46741874414404,0.978254504861738,0.528241664595255,1,2372.46676115985,-0.126955469594582
"10421","P4HB",0.467445337255724,0.978254504861738,0.528178562590865,1,2372.46676115985,0.0643229836314756
"10024","PIP4K2B",0.467498415788746,0.978254504861738,0.528052631339133,1,2372.46676115985,0.171077034060146
"8419","KTN1",0.467511345361133,0.978254504861738,0.528021958811434,1,2372.46676115985,0.0663247540853509
"14","SCNN1D",0.467529623575772,0.978254504861738,0.527978600145019,1,2372.46676115985,-0.971069762706712
"9820","PER1",0.467664309996853,0.978375964003444,0.52765918761868,1,2372.46676115985,-0.27183302470165
"5708","TLN1",0.46777098072495,0.978375964003444,0.527406319839288,1,2372.46676115985,-0.0594894111548807
"2213","EFHB",0.467832425297209,0.978375964003444,0.527260704722999,1,2372.46676115985,0.485046073835819
"2695","PCOLCE2",0.467940737450058,0.978375964003444,0.527004094702902,1,2372.46676115985,-0.224155542453378
"9881","ALKBH5",0.467968629461035,0.978375964003444,0.526938029200557,1,2372.46676115985,0.120082944763734
"7933","VSIG10",0.468126354416056,0.978504573066472,0.526564558095117,1,2372.46676115985,-0.237805161122544
"3430","CARD6",0.46818254784833,0.978504573066472,0.526431548570582,1,2372.46676115985,0.15129625539556
"5547","LYNX1",0.468396959264908,0.978730074985056,0.525924273569814,1,2372.46676115985,0.386170602085642
"11461","ZNF880",0.468442881462359,0.978730074985056,0.525815674968196,1,2372.46676115985,-0.384126262368793
"2591","KPNA1",0.468535593427441,0.978764528257975,0.525596478239004,1,2372.46676115985,-0.0944362682579796
"1109","SLC41A1",0.468761358528806,0.978920037226413,0.525062998618285,1,2372.46676115985,-0.372526994860507
"11138","ALKBH6",0.468762503613832,0.978920037226413,0.525060293852231,1,2372.46676115985,-0.350359541633699
"9435","HEATR3",0.468890800688737,0.978943102929568,0.524757315007744,1,2372.46676115985,-0.124747677561507
"10309","CD300LB",0.469077985741761,0.978943102929568,0.524315508894147,1,2372.46676115985,-0.17421895198678
"474","TTC4",0.469371542309558,0.978943102929568,0.523623208941927,1,2372.46676115985,-0.20022865471064
"881","RRNAD1",0.469380107224208,0.978943102929568,0.523603020606427,1,2372.46676115985,-0.276176801814122
"8954","ULK3",0.469468166072472,0.978943102929568,0.523395491737356,1,2372.46676115985,0.310429703973753
"9397","BCL7C",0.469479079520347,0.978943102929568,0.523369776307373,1,2372.46676115985,0.115164273014197
"11106","ZNF181",0.469654496174418,0.978943102929568,0.522956572906644,1,2372.46676115985,-0.402127408809073
"11941","TPD52L2",0.469673819568072,0.978943102929568,0.522911070805979,1,2372.46676115985,-0.0955665695416828
"1499","PPP4R3B",0.469686365055834,0.978943102929568,0.522881530712426,1,2372.46676115985,-0.0815201773367152
"12298","ZC3H7B",0.469701799798836,0.978943102929568,0.522845189209538,1,2372.46676115985,-0.17955719988215
"8753","TYRO3",0.469858769341929,0.978943102929568,0.522475709571927,1,2372.46676115985,-10
"4090","DXO",0.469981827349441,0.978943102929568,0.522186190955445,1,2372.46676115985,-0.706164341936983
"12023","GET1",0.470058545069464,0.978943102929568,0.522005758954708,1,2372.46676115985,-0.244349844782453
"9989","SLFN5",0.470176122904579,0.978943102929568,0.521729320351876,1,2372.46676115985,-0.0778511892847517
"12794","FAM3A",0.470232824870574,0.978943102929568,0.521596047527408,1,2372.46676115985,-0.242144423592804
"5855","TMEFF1",0.470433058854517,0.978943102929568,0.521125622936705,1,2372.46676115985,0.495179620578496
"10197","NME1",0.470478780590011,0.978943102929568,0.521018250738757,1,2372.46676115985,0.190252996801436
"5748","KLF9",0.470505830773641,0.978943102929568,0.520954734439429,1,2372.46676115985,-0.153215313311406
"1155","SMYD2",0.470567926459873,0.978943102929568,0.520808950377365,1,2372.46676115985,-0.222144353901776
"6330","USP54",0.470707001684615,0.978943102929568,0.520482551498447,1,2372.46676115985,0.252325213238809
"8368","PRPF39",0.470894997137138,0.978943102929568,0.520041587827295,1,2372.46676115985,-0.18629631437968
"2042","ATG9A",0.470916678002014,0.978943102929568,0.519990751283289,1,2372.46676115985,0.180745582915881
"2447","APPL1",0.470927998573236,0.978943102929568,0.519964208699456,1,2372.46676115985,-0.0778779296674546
"11155","ZNF567",0.471022726925097,0.978943102929568,0.51974214584374,1,2372.46676115985,-0.241930848857426
"4627","NDUFA4",0.4710519002589,0.978943102929568,0.519673772031327,1,2372.46676115985,-0.0646860753904767
"341","RHBDL2",0.471140730622422,0.978943102929568,0.519465621576102,1,2372.46676115985,0.558250045605733
"8074","UBL3",0.471159215566857,0.978943102929568,0.519422314963199,1,2372.46676115985,0.0819751550408953
"5454","RIDA",0.471218827250331,0.978943102929568,0.519282675122644,1,2372.46676115985,0.20687532101186
"7397","ING4",0.471326574645651,0.978943102929568,0.519030350163842,1,2372.46676115985,-0.158578168469133
"7447","CLEC1A",0.471440876786869,0.978943102929568,0.518762776982927,1,2372.46676115985,-0.297798216636297
"12821","EIF1AY",0.471529883543419,0.978943102929568,0.518554491056937,1,2372.46676115985,0.122706228847537
"11761","MYH7B",0.471585812277076,0.978943102929568,0.518423643955805,1,2372.46676115985,-0.964846643121168
"2734","KCNAB1",0.471632993297362,0.978943102929568,0.518313281911228,1,2372.46676115985,-0.499957531990656
"2482","FOXP1",0.471656523479983,0.978943102929568,0.518258248668762,1,2372.46676115985,-0.0630885431274747
"271","TMEM39B",0.471677308972222,0.978943102929568,0.518209638497697,1,2372.46676115985,0.215094047089152
"3287","MAP9",0.471686563746224,0.978943102929568,0.518187995854212,1,2372.46676115985,-0.963554653799334
"3321","GALNT7",0.471728748389063,0.978943102929568,0.518089354143061,1,2372.46676115985,-0.109748287154482
"9634","GSE1",0.47177239736215,0.978943102929568,0.517987303346499,1,2372.46676115985,-0.155135633494823
"10215","CUEDC1",0.47180844866269,0.978943102929568,0.517903027326872,1,2372.46676115985,-0.107976863450601
"7009","RAB1B",0.47190240862412,0.978943102929568,0.517683428913491,1,2372.46676115985,-0.115877950122204
"5220","LPL",0.471968313110134,0.978943102929568,0.517529442491397,1,2372.46676115985,0.168692404464171
"12625","CHM",0.471975449749782,0.978943102929568,0.517512769754859,1,2372.46676115985,0.105734565622439
"5785","ISCA1",0.472073098177617,0.978987508672284,0.517284682806148,1,2372.46676115985,-0.163387960467827
"4536","EZR",0.472268970199926,0.979089624335256,0.516827395362107,1,2372.46676115985,-0.110669304191131
"7898","ALDH2",0.472342122421386,0.979089624335256,0.51665669112687,1,2372.46676115985,-0.091385933211887
"5716","CLTA",0.472383566927114,0.979089624335256,0.516559997352247,1,2372.46676115985,0.0500287890699253
"3742","PCDHGA10",0.472427327496398,0.979089624335256,0.516457914887774,1,2372.46676115985,0.560054132089223
"4546","MAP3K4",0.472674198695418,0.979443179836674,0.51588231262602,1,2372.46676115985,-0.12325875451631
"7707","AGAP2",0.472809353237165,0.979491271341251,0.51556739380078,1,2372.46676115985,-0.424896833304086
"12323","ATP5MGL",0.472849964258579,0.979491271341251,0.515472795966309,1,2372.46676115985,-0.959064890623517
"3774","SLC26A2",0.472946472874293,0.979533170673999,0.515248045077987,1,2372.46676115985,0.180332397004852
"11197","GMFG",0.473191184666955,0.979789873134013,0.51467848892832,1,2372.46676115985,0.0698995192973295
"12209","PISD",0.473259375099627,0.979789873134013,0.514519863628808,1,2372.46676115985,-0.133031507655136
"40","PEX10",0.473315154619652,0.979789873134013,0.514390136256436,1,2372.46676115985,0.288948368268472
"7678","COQ10A",0.473377158235509,0.979789873134013,0.514245962469052,1,2372.46676115985,-0.353381300493939
"3671","UQCRQ",0.473507581293939,0.979789873134013,0.513942796373022,1,2372.46676115985,-0.0792873514625122
"7926","RNFT2",0.473528226202763,0.979789873134013,0.51389482005415,1,2372.46676115985,-0.656380241028011
"4706","STARD3NL",0.473877023931799,0.979892537283917,0.513084767814214,1,2372.46676115985,0.128215034202629
"9765","PITPNM3",0.473950918953606,0.979892537283917,0.512913277192179,1,2372.46676115985,-0.72990094937707
"4036","HLA-E",0.474071307131867,0.979892537283917,0.512633981233361,1,2372.46676115985,-0.0434278240045043
"1305","ID2",0.47410913730783,0.979892537283917,0.512546240433831,1,2372.46676115985,-0.135724410077086
"11386","PPFIA3",0.474194314869922,0.979892537283917,0.512348726825565,1,2372.46676115985,-0.982379500095988
"8731","DISP2",0.47420530602451,0.979892537283917,0.512323244229636,1,2372.46676115985,0.903241120662193
"5854","MSANTD3",0.47431295820962,0.979892537283917,0.512073707177175,1,2372.46676115985,0.154175570245364
"3221","BBS7",0.47433963365197,0.979892537283917,0.512011887888494,1,2372.46676115985,-0.252219187974753
"9789","NEURL4",0.474391391920935,0.979892537283917,0.511891956230769,1,2372.46676115985,0.334534719362917
"8005","NCOR2",0.474522955905167,0.979892537283917,0.511587198382004,1,2372.46676115985,-0.0971164458071413
"8834","MYO5A",0.474575689299996,0.979892537283917,0.5114650840394,1,2372.46676115985,0.0493058226796331
"11036","HAPLN4",0.47458072865671,0.979892537283917,0.5114534155907,1,2372.46676115985,0.870704546856891
"5566","PUF60",0.474609677008178,0.979892537283917,0.511386390624326,1,2372.46676115985,-0.162606064757028
"10531","ZNF397",0.474646178794951,0.979892537283917,0.511301886430225,1,2372.46676115985,-0.198911914509474
"3884","RMND5B",0.474844055311157,0.980143467971478,0.510843972058224,1,2372.46676115985,0.170332916083682
"2485","RYBP",0.475100710115148,0.98045725546829,0.510250497979825,1,2372.46676115985,-0.102033265656266
"2650","ACAD11",0.475177095846485,0.98045725546829,0.510073968520561,1,2372.46676115985,-0.166917338471086
"7300","SORL1",0.475225134961034,0.98045725546829,0.509962972471355,1,2372.46676115985,0.14699222996673
"1743","C2orf76",0.475436323285927,0.980586341994603,0.509475230760664,1,2372.46676115985,0.24171594926593
"9662","ZNF778",0.475646413947411,0.980586341994603,0.5089903735587,1,2372.46676115985,0.309595272630894
"10867","EPOR",0.475687244018427,0.980586341994603,0.508896184408463,1,2372.46676115985,-0.513897596813576
"1580","SLC4A5",0.475766622403382,0.980586341994603,0.508713107431578,1,2372.46676115985,0.224512741384355
"8976","SCAPER",0.475791113850748,0.980586341994603,0.508656630799692,1,2372.46676115985,-0.0821074895377882
"7740","RAP1B",0.475801775403593,0.980586341994603,0.508632047017677,1,2372.46676115985,0.0496613172577327
"11504","LENG8",0.475822248809935,0.980586341994603,0.508584841233346,1,2372.46676115985,0.106055392954158
"10246","BRIP1",0.47607085334233,0.980839645402985,0.508011894354637,1,2372.46676115985,-0.343498545917806
"3434","FBXO4",0.476207512923309,0.980839645402985,0.507697149005192,1,2372.46676115985,0.263155138554167
"4720","COA1",0.476275977441678,0.980839645402985,0.507539521322656,1,2372.46676115985,0.0992485998163945
"7680","CNPY2",0.476313644714786,0.980839645402985,0.507452814691027,1,2372.46676115985,0.110145128201831
"1920","NEMP2",0.476503912545439,0.980839645402985,0.507015006096438,1,2372.46676115985,0.309289561324496
"3997","TDP2",0.476524656211945,0.980839645402985,0.506967291882321,1,2372.46676115985,0.0881351608246272
"10137","MAPT",0.476556198257911,0.980839645402985,0.506894745911294,1,2372.46676115985,-0.976282324183285
"6571","EDRF1",0.476655826860612,0.980839645402985,0.506665653816748,1,2372.46676115985,-0.167122523317498
"9928","KIAA0100",0.476704723564772,0.980839645402985,0.506553246290094,1,2372.46676115985,-0.103988407221437
"8221","ABHD13",0.476708996726114,0.980839645402985,0.506543423708935,1,2372.46676115985,-0.143443186218346
"10038","MIEN1",0.476935478137288,0.98114842594696,0.506023023312066,1,2372.46676115985,-0.147636893251691
"7476","GUCY2C",0.477096631019167,0.981160616257967,0.50565297757817,1,2372.46676115985,0.850762786502259
"11515","GP6",0.477290327876344,0.981160616257967,0.505208472700074,1,2372.46676115985,0.58233983938984
"5763","GCNT1",0.477559326463643,0.981160616257967,0.504591649672831,1,2372.46676115985,-0.109321638682418
"2672","NME9",0.477712285248676,0.981160616257967,0.504241162710127,1,2372.46676115985,-0.580688591825628
"11018","KXD1",0.477715308887004,0.981160616257967,0.504234236246875,1,2372.46676115985,0.137279994433607
"10694","SLC39A3",0.477742538948433,0.981160616257967,0.504171861633741,1,2372.46676115985,0.197068592059299
"9608","CDYL2",0.477771660363189,0.981160616257967,0.504105161009247,1,2372.46676115985,0.141827241561381
"7365","FKBP4",0.477817694041124,0.981160616257967,0.503999737531175,1,2372.46676115985,-0.179746969220406
"751","CIART",0.477820602775939,0.981160616257967,0.503993076683859,1,2372.46676115985,0.855057510081469
"2153","CPNE9",0.477822602613806,0.981160616257967,0.503988497200397,1,2372.46676115985,-0.712492752827279
"11568","ZNF772",0.477839565111749,0.981160616257967,0.503949655570505,1,2372.46676115985,0.406277652011449
"2820","TMEM41A",0.47792282150066,0.981160616257967,0.503759043302465,1,2372.46676115985,-0.255266274967299
"3916","EXOC2",0.477934713394096,0.981160616257967,0.503731821699901,1,2372.46676115985,0.0974799982531839
"5643","SH3GL2",0.478208535325521,0.981189257444493,0.503105324773119,1,2372.46676115985,0.778857677152072
"3091","CXCL11",0.478224695360814,0.981189257444493,0.503068369376643,1,2372.46676115985,-0.957397737314952
"6547","SEC23IP",0.478240807608937,0.981189257444493,0.503031525292935,1,2372.46676115985,-0.108668480237782
"12633","TRMT2B",0.478279024038086,0.981189257444493,0.502944143405762,1,2372.46676115985,0.216219989936583
"7805","LTA4H",0.478426121877944,0.981189257444493,0.50260791055783,1,2372.46676115985,-0.108696488293506
"4455","MTFR2",0.478534896585894,0.981189257444493,0.502359384485283,1,2372.46676115985,0.683016044163437
"8068","POLR1D",0.478831963628981,0.981189257444493,0.501681122493668,1,2372.46676115985,0.0930190593772333
"10985","DDA1",0.478854614927902,0.981189257444493,0.501629433395238,1,2372.46676115985,-0.181295000755765
"2028","CNOT9",0.478889860553776,0.981189257444493,0.501549012642955,1,2372.46676115985,-0.151590586981093
"276","TMEM234",0.478907217829616,0.981189257444493,0.501509411706607,1,2372.46676115985,-0.311099874315382
"4062","TNF",0.478974838395205,0.981189257444493,0.501355156559726,1,2372.46676115985,-0.818061839647247
"11816","SGK2",0.479124620477617,0.981189257444493,0.501013602465133,1,2372.46676115985,0.497831509115903
"3889","CLK4",0.479134075406936,0.981189257444493,0.500992047872517,1,2372.46676115985,-0.157111694142069
"9825","PFAS",0.479251893045997,0.981189257444493,0.500723514995117,1,2372.46676115985,-0.584316239412191
"4180","GLO1",0.479418074397959,0.981189257444493,0.50034493397759,1,2372.46676115985,-0.129791924389202
"10590","PMAIP1",0.479419841596976,0.981189257444493,0.500340909241018,1,2372.46676115985,-0.426280925777316
"12738","RTL8A",0.479446406323369,0.981189257444493,0.500280411893011,1,2372.46676115985,-0.217389660881492
"2765","PRKCI",0.479548729126882,0.981189257444493,0.500047437681535,1,2372.46676115985,0.143386492882651
"11236","TGFB1",0.479607986275966,0.981189257444493,0.499912554947542,1,2372.46676115985,0.086745125777905
"11588","ZNF418",0.479832678101343,0.981189257444493,0.499401353174233,1,2372.46676115985,-0.574620324364028
"2779","ZMAT3",0.479850884844821,0.981189257444493,0.499359947749056,1,2372.46676115985,0.0956053489487294
"683","DENND2C",0.479962993806844,0.981189257444493,0.499105048419462,1,2372.46676115985,0.431873897834229
"5757","C9orf40",0.480022995840497,0.981189257444493,0.498968663381265,1,2372.46676115985,0.47783772148625
"6188","BMI1",0.48006133059701,0.981189257444493,0.498881542840036,1,2372.46676115985,-0.17122172063515
"1919","MFSD6",0.480171042553819,0.981189257444493,0.498632271662452,1,2372.46676115985,0.195095740207618
"10536","GALNT1",0.480250519553826,0.981189257444493,0.498451754159143,1,2372.46676115985,0.0771007783275607
"3417","SLC1A3",0.480274544151375,0.981189257444493,0.498397196309246,1,2372.46676115985,-0.114173333803585
"9529","THAP11",0.480344488577342,0.981189257444493,0.498238383847276,1,2372.46676115985,0.197165261757373
"9419","ZNF720",0.480380007162721,0.981189257444493,0.498157751565352,1,2372.46676115985,0.153020625682396
"11896","ZBP1",0.480437292558008,0.981189257444493,0.498027726101194,1,2372.46676115985,0.287501919107197
"10755","PRR22",0.480441900638928,0.981189257444493,0.498017267858494,1,2372.46676115985,-0.945521727653683
"1682","LYG1",0.48048320864767,0.981189257444493,0.497923524859148,1,2372.46676115985,-0.616693674546215
"3337","ING2",0.480583627116216,0.981189257444493,0.497695693695516,1,2372.46676115985,-0.156351378304656
"1704","UXS1",0.480712674136843,0.981189257444493,0.497403024214643,1,2372.46676115985,0.169463503292005
"5330","PRKDC",0.480778703784188,0.981189257444493,0.497253323510298,1,2372.46676115985,-0.103415804476608
"6442","CUTC",0.480936828472555,0.981189257444493,0.496894964422915,1,2372.46676115985,-0.162977193317434
"11827","PABPC1L",0.480947164645969,0.981189257444493,0.496871546214289,1,2372.46676115985,0.331902265036047
"417","CCDC17",0.48123807972401,0.981189257444493,0.496212771561835,1,2372.46676115985,-1.05227599816792
"3259","GYPE",0.481519281879774,0.981189257444493,0.495576613056763,1,2372.46676115985,0.677571953830598
"1945","FTCDNL1",0.481582945693433,0.981189257444493,0.495432672297081,1,2372.46676115985,0.174574926169592
"6464","POLL",0.4817478615388,0.981189257444493,0.495059951034138,1,2372.46676115985,0.191865311385527
"2348","ARIH2",0.48181060592014,0.981189257444493,0.494918199441709,1,2372.46676115985,-0.093427821719412
"2222","NR1D2",0.481874935652054,0.981189257444493,0.494772897740079,1,2372.46676115985,-0.134214988197004
"9079","LINS1",0.481999645720482,0.981189257444493,0.494491305665163,1,2372.46676115985,0.198918393063493
"8477","RAD51B",0.48208831473466,0.981189257444493,0.494291166210843,1,2372.46676115985,0.0704932546429287
"12180","NF2",0.48209702048968,0.981189257444493,0.494271519261042,1,2372.46676115985,0.135642589829862
"12723","RBMX2",0.482099890595021,0.981189257444493,0.494265042200523,1,2372.46676115985,-0.169086056332952
"2579","POLQ",0.48212652279777,0.981189257444493,0.494204943462661,1,2372.46676115985,-1.05682570205126
"10424","ANAPC11",0.482198132641327,0.981189257444493,0.494043374397436,1,2372.46676115985,0.0858827162770613
"10766","GTF2F1",0.482248425116592,0.981189257444493,0.493929926044373,1,2372.46676115985,0.121700386862823
"12611","COX7B",0.482293697366424,0.981189257444493,0.493827818819832,1,2372.46676115985,0.0726197185273222
"4688","AVL9",0.482417566751465,0.981189257444493,0.493548523866775,1,2372.46676115985,-0.0868484739335045
"1839","SCN9A",0.482507565779919,0.981189257444493,0.493345672233074,1,2372.46676115985,0.584001347148487
"9027","ALPK3",0.482693783430867,0.981189257444493,0.492926148099958,1,2372.46676115985,-1.0491782148279
"2814","POLR2H",0.482711171051635,0.981189257444493,0.49288698965338,1,2372.46676115985,0.152939103416518
"5005","MDFIC",0.48275309071026,0.981189257444493,0.492792592454382,1,2372.46676115985,-0.073404542585959
"4719","STK17A",0.483082557100601,0.981189257444493,0.492051149981076,1,2372.46676115985,-0.13295356616265
"3032","SLAIN2",0.483139224271618,0.981189257444493,0.49192370818161,1,2372.46676115985,-0.0968424569902584
"5712","SPAG8",0.483166301863799,0.981189257444493,0.491862820646945,1,2372.46676115985,0.91166245435612
"7857","CMKLR1",0.483202833739918,0.981189257444493,0.491780682818075,1,2372.46676115985,-0.0860007103332805
"318","EVA1B",0.483239026386712,0.981189257444493,0.491699317798384,1,2372.46676115985,-0.106236426828899
"10342","UNK",0.483305461631198,0.981189257444493,0.491549990251218,1,2372.46676115985,0.106960489316442
"6936","FERMT3",0.483325046385249,0.981189257444493,0.491505975746621,1,2372.46676115985,0.0901150276473917
"7814","ANKS1B",0.483758029452458,0.981189257444493,0.490533646059845,1,2372.46676115985,-0.640749241027898
"10971","TMEM38A",0.483804134128374,0.981189257444493,0.490430195499151,1,2372.46676115985,-0.539723992870766
"3452","ITGA2",0.483838819841766,0.981189257444493,0.490352377745097,1,2372.46676115985,0.528262138460894
"6787","PRR5L",0.483972666626204,0.981189257444493,0.490052177367157,1,2372.46676115985,-0.277570723635279
"6540","PRDX3",0.484018108852181,0.981189257444493,0.489950287697525,1,2372.46676115985,0.0966204940940548
"1720","TMEM87B",0.484025044395967,0.981189257444493,0.489934738345393,1,2372.46676115985,-0.104832310688735
"5817","PTPDC1",0.484063403288866,0.981189257444493,0.489848745105109,1,2372.46676115985,-0.238288785203574
"8088","RFC3",0.484250433623423,0.981189257444493,0.489429620212169,1,2372.46676115985,-0.231299243073594
"11234","AXL",0.484257227826633,0.981189257444493,0.489414399798773,1,2372.46676115985,0.200235622892028
"10411","NPLOC4",0.484333136026484,0.981189257444493,0.489244373778361,1,2372.46676115985,0.0954219827429408
"4325","PNRC1",0.484439684215565,0.981189257444493,0.489005791757638,1,2372.46676115985,0.0631081353576641
"8229","ING1",0.484457088440614,0.981189257444493,0.488966828561274,1,2372.46676115985,-0.255865591479708
"8494","PCNX1",0.484537447314673,0.981189257444493,0.488786957470768,1,2372.46676115985,-0.0663070878703881
"9121","GNPTG",0.48455048263278,0.981189257444493,0.488757784542213,1,2372.46676115985,-0.120583708230913
"6866","MS4A4E",0.484598555213551,0.981189257444493,0.488650209728573,1,2372.46676115985,-0.395113407829121
"7555","SLC38A2",0.484644708674113,0.981189257444493,0.488546946026272,1,2372.46676115985,-0.0976985880188286
"2508","RIOX2",0.484780981239217,0.981189257444493,0.488242144712397,1,2372.46676115985,-0.313895315942572
"2761","LRRC34",0.484822806185388,0.981189257444493,0.488148623102013,1,2372.46676115985,0.516639576206134
"11093","GPATCH1",0.484913208474356,0.981189257444493,0.487946526899889,1,2372.46676115985,-0.255768424550359
"10781","ARHGEF18",0.484915406751104,0.981189257444493,0.487941613381829,1,2372.46676115985,-0.0974499804648562
"11535","FIZ1",0.48493444923653,0.981189257444493,0.487899051766467,1,2372.46676115985,-0.427903787007372
"12163","MN1",0.485000804618777,0.981189257444493,0.487750763282258,1,2372.46676115985,0.621976310908624
"11370","CA11",0.485025783341064,0.981189257444493,0.487694950471296,1,2372.46676115985,0.289846158851435
"3187","DKK2",0.485056887028577,0.981189257444493,0.487625458592695,1,2372.46676115985,-1.34980053302117
"4624","UMAD1",0.485165583384233,0.981189257444493,0.487382666968905,1,2372.46676115985,0.0892271490168132
"8021","DDX51",0.48516858890573,0.981189257444493,0.487375954907991,1,2372.46676115985,0.352190664900971
"3522","ENC1",0.485192347185945,0.981189257444493,0.487322899306152,1,2372.46676115985,-0.289265222680208
"4578","INTS1",0.48524478445545,0.981189257444493,0.487205814665117,1,2372.46676115985,0.171243897518174
"4041","MRPS18B",0.485311606601344,0.981189257444493,0.487056641046186,1,2372.46676115985,-0.126490888391848
"357","ZFP69B",0.485350227327619,0.981189257444493,0.486970439706247,1,2372.46676115985,0.582296559732339
"3134","HSD17B13",0.485438574901916,0.981189257444493,0.486773290851832,1,2372.46676115985,0.7076645568339
"7034","RAD9A",0.485457340788582,0.981189257444493,0.486731422153862,1,2372.46676115985,0.160022356754574
"4191","TFEB",0.485498529779469,0.981189257444493,0.486639534501709,1,2372.46676115985,-0.133454701289353
"3100","CNOT6L",0.485566211202858,0.981189257444493,0.486488573444254,1,2372.46676115985,0.086994695840058
"5563","ZNF707",0.48557739541643,0.981189257444493,0.486463630797211,1,2372.46676115985,-0.357459061108103
"7398","ZNF384",0.485831948046813,0.981189257444493,0.485896193246885,1,2372.46676115985,0.193026386773891
"2086","TIGD1",0.485837598359824,0.981189257444493,0.485883603399768,1,2372.46676115985,0.432440539354702
"6062","C9orf116",0.4858962902126,0.981189257444493,0.485752842420231,1,2372.46676115985,0.667907119288798
"10206","ANKFN1",0.485985070502559,0.981189257444493,0.4855550963785,1,2372.46676115985,0.611828000437877
"2557","QTRT2",0.486026646656903,0.981189257444493,0.485462511702136,1,2372.46676115985,0.183530271567364
"6198","PDSS1",0.486054181314529,0.981189257444493,0.48540120282704,1,2372.46676115985,-0.270494870395437
"2096","SH3BP4",0.486169311152634,0.981189257444493,0.485144916156171,1,2372.46676115985,0.83298592366389
"5405","CHMP4C",0.486258073010421,0.981189257444493,0.484947394976069,1,2372.46676115985,-0.977911608225691
"3982","NHLRC1",0.486293137043832,0.981189257444493,0.484869383668765,1,2372.46676115985,-0.499799159156278
"2715","SERP1",0.48638224833738,0.981189257444493,0.484671168642272,1,2372.46676115985,0.0533877650781244
"7979","KNTC1",0.486391977238994,0.981189257444493,0.484649531768045,1,2372.46676115985,0.241877420156367
"10012","TADA2A",0.48641022242809,0.981189257444493,0.484608956781487,1,2372.46676115985,-0.178692329548539
"8765","SNAP23",0.486447742818331,0.981189257444493,0.484525524117361,1,2372.46676115985,0.0897226664787865
"10842","TYK2",0.486506658527302,0.981189257444493,0.484394537014134,1,2372.46676115985,-0.137133805426077
"3575","POLR3G",0.486591729179584,0.981206720225351,0.484205446089304,1,2372.46676115985,0.439541475177777
"1034","ARPC5",0.486737296151818,0.981346148513974,0.483882013947596,1,2372.46676115985,0.0417074688331593
"2317","CCR3",0.48709092865803,0.981826611145704,0.483096953129861,1,2372.46676115985,-0.773484992293504
"6761","ELP4",0.487219790983233,0.981826611145704,0.482811114963873,1,2372.46676115985,-0.101221823479749
"4173","PIM1",0.487280822704701,0.981826611145704,0.482675780179672,1,2372.46676115985,-0.49396285493802
"11268","SRRM5",0.487418225094355,0.981826611145704,0.482371200197053,1,2372.46676115985,0.829644985933318
"3624","FEM1C",0.48750103412043,0.981826611145704,0.482187706183729,1,2372.46676115985,-0.17224878708338
"5842","CORO2A",0.487610347760021,0.981826611145704,0.481945560624973,1,2372.46676115985,0.152759613910177
"2865","NRROS",0.487830554123299,0.981826611145704,0.481458045197044,1,2372.46676115985,-0.336843304143038
"12017","VPS26C",0.48785229142503,0.981826611145704,0.481409940750162,1,2372.46676115985,0.112480187764697
"5867","FKTN",0.487868906493294,0.981826611145704,0.481373174159173,1,2372.46676115985,-0.181136289654265
"424","LURAP1",0.487917382846651,0.981826611145704,0.481265915330807,1,2372.46676115985,-0.317865897973143
"12155","GRK3",0.48805678258476,0.981826611145704,0.480957577966153,1,2372.46676115985,-0.0598188930738158
"12486","RBM10",0.488106010657175,0.981826611145704,0.480848725678252,1,2372.46676115985,0.15548545739289
"3509","NAIP",0.488123631343392,0.981826611145704,0.480809767546351,1,2372.46676115985,0.0786076702420008
"8219","ARGLU1",0.488188340622847,0.981826611145704,0.480666719806144,1,2372.46676115985,0.0791342812990487
"11803","BPI",0.488207755169395,0.981826611145704,0.480623807733328,1,2372.46676115985,0.389669626808907
"334","INPP5B",0.488280301925723,0.981826611145704,0.480463482362373,1,2372.46676115985,-0.127797351598362
"12309","CCDC134",0.488441992272264,0.981826611145704,0.480106295744537,1,2372.46676115985,0.23426795529543
"5978","SLC25A25",0.488517488143446,0.981826611145704,0.479939586785939,1,2372.46676115985,-0.191404462255695
"2732","SLC33A1",0.488610905233102,0.981826611145704,0.479733363737615,1,2372.46676115985,-0.15348971339197
"1838","TTC21B",0.488720682173651,0.981826611145704,0.47949110927524,1,2372.46676115985,0.134059059714578
"1198","ITPKB",0.488799760680208,0.981826611145704,0.479316655843756,1,2372.46676115985,-0.166102194761935
"11668","TRMT6",0.488826216187522,0.981826611145704,0.479258303387689,1,2372.46676115985,-0.339368426724843
"1518","MDH1",0.488854370250426,0.981826611145704,0.479196210228529,1,2372.46676115985,-0.107498054838628
"4646","CDCA7L",0.488976064048804,0.981826611145704,0.478927885705464,1,2372.46676115985,-0.293471145265767
"2545","CD200R1",0.489005516693023,0.981826611145704,0.478862961822473,1,2372.46676115985,0.165053124042097
"1594","LOXL3",0.489098649935875,0.981826611145704,0.478657706553901,1,2372.46676115985,0.158498197918275
"3637","SNCAIP",0.489242077732527,0.981826611145704,0.47834173493876,1,2372.46676115985,-0.973095614242163
"3670","SHROOM1",0.489515315316637,0.981826611145704,0.477740218861216,1,2372.46676115985,0.505661049690321
"2364","AMT",0.48954910408096,0.981826611145704,0.477665873788915,1,2372.46676115985,-0.361065865430027
"10172","PHB",0.489661201669603,0.981826611145704,0.477419287833183,1,2372.46676115985,0.117699582204449
"11360","TMEM143",0.489710357239864,0.981826611145704,0.477311187847582,1,2372.46676115985,-0.293804601370514
"4629","TMEM106B",0.489755541392065,0.981826611145704,0.477211837516556,1,2372.46676115985,-0.132742566965534
"530","ACADM",0.489782013803819,0.981826611145704,0.477153637415845,1,2372.46676115985,0.116228232530897
"3157","UNC5C",0.48982292801074,0.981826611145704,0.477063697067147,1,2372.46676115985,-0.245567494752586
"7789","EEA1",0.489838469305282,0.981826611145704,0.477029536434774,1,2372.46676115985,0.0787505185924947
"714","PDZK1",0.489849353680181,0.981826611145704,0.477005613047285,1,2372.46676115985,-0.926331392913583
"7269","KMT2A",0.489859120403729,0.981826611145704,0.476984146963657,1,2372.46676115985,-0.0794613976890472
"6308","UNC5B",0.489899525456602,0.981826611145704,0.476895349098113,1,2372.46676115985,0.4126091868951
"11044","LPAR2",0.490033677985566,0.981826611145704,0.476600610695462,1,2372.46676115985,0.243817535212493
"2263","SLC22A14",0.490034012213443,0.981826611145704,0.476599876551636,1,2372.46676115985,0.833463538983118
"2676","PIK3CB",0.49011839811059,0.981842488321074,0.476414546540402,1,2372.46676115985,-0.072105789686876
"10480","PPP4R1",0.490287482999338,0.982009994441263,0.476043359000023,1,2372.46676115985,-0.107999527027583
"3397","C5orf22",0.490433584561112,0.982009994441263,0.475722798086916,1,2372.46676115985,-0.16922414489589
"6011","IER5L",0.490494911040305,0.982009994441263,0.475588289355112,1,2372.46676115985,-0.111500974032618
"9208","ZNF500",0.490646244674635,0.982009994441263,0.475256485985067,1,2372.46676115985,0.266475407621812
"10068","RAB5C",0.490753865504527,0.982009994441263,0.475020628128094,1,2372.46676115985,-0.0587106240033528
"526","TNNI3K",0.490755127210638,0.982009994441263,0.475017863531464,1,2372.46676115985,0.293828007251115
"9638","COX4I1",0.490871043107421,0.982009994441263,0.474763924181986,1,2372.46676115985,0.0507876407401929
"11715","APMAP",0.490877626762573,0.982009994441263,0.474749504237884,1,2372.46676115985,0.0748741697640522
"8898","INTS14",0.490963645870451,0.982009994441263,0.474561129341043,1,2372.46676115985,0.207041546652306
"9022","ZSCAN2",0.491137843300022,0.982009994441263,0.474179819854416,1,2372.46676115985,-0.382020971804599
"10503","ESCO1",0.491163793930642,0.982009994441263,0.47412303455426,1,2372.46676115985,0.100938720889029
"2972","LCORL",0.491240973808343,0.982009994441263,0.473954178780604,1,2372.46676115985,-0.0687974217205542
"5702","RUSC2",0.491426569506083,0.982009994441263,0.473548310012055,1,2372.46676115985,-0.151748565285657
"9935","NEK8",0.491467414460011,0.982009994441263,0.473459022880452,1,2372.46676115985,0.265938912091293
"4406","DCBLD1",0.491548234411863,0.982009994441263,0.473282386895975,1,2372.46676115985,0.157418721569428
"4220","CUL9",0.491576759393298,0.982009994441263,0.473220055737285,1,2372.46676115985,-0.207968361042012
"4334","CASP8AP2",0.491687511009641,0.982009994441263,0.472978104953015,1,2372.46676115985,0.134628578035476
"4445","SLC18B1",0.491696865283104,0.982009994441263,0.472957673544368,1,2372.46676115985,0.118846676391573
"4681","MTURN",0.491713986697424,0.982009994441263,0.472920278992731,1,2372.46676115985,-0.183466536178686
"5493","EXT1",0.491731505666017,0.982009994441263,0.472882018404513,1,2372.46676115985,-0.187161411696923
"1526","CEP68",0.491925394433919,0.982244439422477,0.472458726827143,1,2372.46676115985,0.160064898745193
"3650","SLC12A2",0.492171416634405,0.982393975822209,0.471922020906793,1,2372.46676115985,0.236359914477957
"11713","CST3",0.492241365860114,0.982393975822209,0.471769506229954,1,2372.46676115985,0.0458469281566197
"171","C1QA",0.492301600816929,0.982393975822209,0.471638201251999,1,2372.46676115985,-0.0642558065384268
"10566","CFAP53",0.492340120374385,0.982393975822209,0.471554247337926,1,2372.46676115985,0.454705302971912
"496","CACHD1",0.492456543544659,0.982393975822209,0.471300568252124,1,2372.46676115985,0.512063879080352
"174","EPHB2",0.492580418781896,0.982393975822209,0.471030761822247,1,2372.46676115985,-0.0764509142720163
"11075","ZNF254",0.492601415385697,0.982393975822209,0.470985041438289,1,2372.46676115985,0.110850758497201
"3141","PPM1K",0.49276735210621,0.982393975822209,0.470623826842396,1,2372.46676115985,-0.104803694490148
"8619","PAPOLA",0.492786660210062,0.982393975822209,0.470581809785888,1,2372.46676115985,0.0671060825713642
"8161","NEK5",0.49283113572436,0.982393975822209,0.470485035520951,1,2372.46676115985,0.572092335696807
"10611","CNDP2",0.492841834144278,0.982393975822209,0.470461759014229,1,2372.46676115985,-0.0872625641230712
"4721","BLVRA",0.492920910651889,0.982399101921606,0.470289738849994,1,2372.46676115985,-0.108773820456999
"10896","ZNF490",0.493111678026841,0.982417078989476,0.469874940759782,1,2372.46676115985,-0.167101436281403
"4307","DOP1A",0.493226067435348,0.982417078989476,0.469626345325076,1,2372.46676115985,0.120518811920374
"10415","CCDC137",0.493253537922654,0.982417078989476,0.469566659808144,1,2372.46676115985,-0.15652844193926
"1877","MTX2",0.493262119164874,0.982417078989476,0.469548016364258,1,2372.46676115985,-0.130146008235683
"2526","ZBTB11",0.49331246206091,0.982417078989476,0.46943865329964,1,2372.46676115985,-0.148016756275834
"382","EBNA1BP2",0.493413213134593,0.9824543011778,0.469219841563838,1,2372.46676115985,-0.234632105713425
"3073","CXCL1",0.49364458871288,0.9824543011778,0.468717622424129,1,2372.46676115985,-0.373339640201489
"221","ZDHHC18",0.493868441981388,0.9824543011778,0.468232106899382,1,2372.46676115985,-0.198383123468891
"5924","CNTRL",0.493870262231936,0.9824543011778,0.468228160470777,1,2372.46676115985,0.1024307868896
"11677","JAG1",0.493874298492087,0.9824543011778,0.468219409667779,1,2372.46676115985,-0.354525418060094
"1379","ATRAID",0.494056453197628,0.9824543011778,0.467824614600545,1,2372.46676115985,-0.104754264342938
"5325","FNTA",0.494109649509939,0.9824543011778,0.467709365082452,1,2372.46676115985,-0.103036086782449
"8544","VASH1",0.494149021136366,0.9824543011778,0.46762408008939,1,2372.46676115985,0.147669987915843
"11214","MAP3K10",0.494226799022321,0.9824543011778,0.467455634778074,1,2372.46676115985,0.239444695886629
"11021","REX1BD",0.494353586330931,0.9824543011778,0.467181144109651,1,2372.46676115985,-0.076652553582722
"1614","MAT2A",0.494464147445739,0.9824543011778,0.466941879192137,1,2372.46676115985,-0.0954053777635508
"3632","DMXL1",0.494529163147242,0.9824543011778,0.466801220920355,1,2372.46676115985,0.0565961093113376
"1470","ATP6V1E2",0.494550349252846,0.9824543011778,0.466755392537395,1,2372.46676115985,-0.453549202315061
"11077","POP4",0.495059889868016,0.9824543011778,0.465654181465514,1,2372.46676115985,-0.143237598724983
"3913","TRIM52",0.495113040307567,0.9824543011778,0.465539423377295,1,2372.46676115985,-0.256173118541958
"5374","CPA6",0.495197446265045,0.9824543011778,0.465357223519048,1,2372.46676115985,0.326722847087686
"4559","PHF10",0.495219632545933,0.9824543011778,0.465309340582163,1,2372.46676115985,-0.14149575173364
"6653","PGAP2",0.495421734109139,0.9824543011778,0.464873326571803,1,2372.46676115985,0.20714998631646
"5755","ALDH1A1",0.49550076394071,0.9824543011778,0.464702909001222,1,2372.46676115985,-0.0977964476098829
"2889","MYL5",0.495514201783612,0.9824543011778,0.464673936590049,1,2372.46676115985,0.249287203899351
"5494","SAMD12",0.495562947624278,0.9824543011778,0.464568850130456,1,2372.46676115985,-0.421789270773268
"677","DCLRE1B",0.495707566792384,0.9824543011778,0.464257182012084,1,2372.46676115985,-0.306496916554011
"7335","KCNJ5",0.495725185101639,0.9824543011778,0.464219223337909,1,2372.46676115985,0.241266336313527
"9531","EDC4",0.495726397585029,0.9824543011778,0.46421661112417,1,2372.46676115985,0.193893316024458
"5327","HGSNAT",0.495852719493072,0.9824543011778,0.463944518048063,1,2372.46676115985,-0.0950074841363688
"10382","USP36",0.495893192535332,0.9824543011778,0.463857365198175,1,2372.46676115985,-0.132626918776541
"12492","TIMP1",0.495969045295987,0.9824543011778,0.463694059512046,1,2372.46676115985,0.0727170521657327
"11513","NCR1",0.496062882437261,0.9824543011778,0.463492092944497,1,2372.46676115985,-0.914026842373239
"908","SLAMF6",0.496223529229672,0.9824543011778,0.463146480779409,1,2372.46676115985,-0.369844905059824
"7683","STAT2",0.496229206736037,0.9824543011778,0.463134269761301,1,2372.46676115985,0.0620532761533432
"3919","MYLK4",0.496311729458537,0.9824543011778,0.462956808843642,1,2372.46676115985,-0.574296055622001
"6318","MCU",0.496316659332664,0.9824543011778,0.462946208974945,1,2372.46676115985,0.0760048581685221
"7645","ITGA5",0.496568679862899,0.9824543011778,0.462404568606061,1,2372.46676115985,0.10475329610641
"10995","MAP1S",0.496598588524163,0.9824543011778,0.462340319945538,1,2372.46676115985,0.156602621856215
"9299","NPIPB5",0.496650287502419,0.9824543011778,0.462229277540048,1,2372.46676115985,0.165020996720551
"605","MFSD14A",0.496671307468161,0.9824543011778,0.46218413507615,1,2372.46676115985,0.115699226715868
"4805","RCC1L",0.496758644480329,0.9824543011778,0.461996604687856,1,2372.46676115985,0.171609611614423
"208","STMN1",0.496769073475007,0.9824543011778,0.461974215226497,1,2372.46676115985,0.145273338013639
"1947","TYW5",0.496820315045009,0.9824543011778,0.461864218911844,1,2372.46676115985,0.176886904538267
"215","CD52",0.496874428799519,0.9824543011778,0.461748077886465,1,2372.46676115985,0.129392355435433
"8175","PIBF1",0.496877910580918,0.9824543011778,0.461740605884069,1,2372.46676115985,-0.0922942705402747
"7940","RAB35",0.496879106148392,0.9824543011778,0.461738040182484,1,2372.46676115985,-0.129373999409587
"5750","CEMIP2",0.496982834081863,0.9824543011778,0.461515478507417,1,2372.46676115985,-0.122122605976337
"9954","BLMH",0.497066359379241,0.9824543011778,0.461336321187244,1,2372.46676115985,-0.153780354540305
"9680","RPH3AL",0.497081363640598,0.9824543011778,0.461304143230262,1,2372.46676115985,-0.282516031136157
"3538","ZBED3",0.497315494159271,0.9824543011778,0.460802242165219,1,2372.46676115985,-0.149618584713603
"3094","FAM47E",0.497430779315511,0.9824543011778,0.460555254227792,1,2372.46676115985,0.542641710992109
"7385","TNFRSF1A",0.497481932952582,0.9824543011778,0.460445693198386,1,2372.46676115985,0.0804874504431058
"7091","ARHGEF17",0.497567431126538,0.9824543011778,0.460262615418937,1,2372.46676115985,0.332814777293966
"6139","KIN",0.497575211223124,0.9824543011778,0.460245958487984,1,2372.46676115985,-0.12149572740853
"10327","NUP85",0.497624279955218,0.9824543011778,0.460140914088068,1,2372.46676115985,-0.146902366410316
"2640","ALG1L2",0.497644853483648,0.9824543011778,0.460096876301314,1,2372.46676115985,-0.911141055884386
"301","ZMYM1",0.497824914163177,0.9824543011778,0.459711586406114,1,2372.46676115985,-0.151464773487128
"8323","LTB4R",0.497973667835794,0.9824543011778,0.459393464246615,1,2372.46676115985,0.197120858788
"8911","AAGAB",0.498269719597955,0.9824543011778,0.458760810840964,1,2372.46676115985,0.127324950135936
"2357","CCDC71",0.498399813669979,0.9824543011778,0.458483004964978,1,2372.46676115985,-0.351650831977733
"2400","TEX264",0.498628517650591,0.9824543011778,0.457994922659189,1,2372.46676115985,-0.135617921879142
"10758","VMAC",0.498686061275652,0.9824543011778,0.457872177190998,1,2372.46676115985,-0.398581741376271
"3653","ISOC1",0.498740686530798,0.9824543011778,0.457755679044541,1,2372.46676115985,0.248638337148638
"11143","TBCB",0.498798683669716,0.9824543011778,0.457632013401152,1,2372.46676115985,0.132336918429793
"1135","UTP25",0.498815017362313,0.9824543011778,0.45759718992997,1,2372.46676115985,0.229335292291343
"7666","IKZF4",0.498877228954372,0.9824543011778,0.457464572355406,1,2372.46676115985,0.26152417806927
"5692","GALT",0.498968868709191,0.9824543011778,0.457269273255759,1,2372.46676115985,0.215954469541099
"9458","MT1E",0.499072581716675,0.9824543011778,0.457048317403637,1,2372.46676115985,0.434037578149854
"11979","TIAM1",0.499081662234968,0.9824543011778,0.457028975476231,1,2372.46676115985,-0.0977734647124992
"11805","ACTR5",0.499112148939788,0.9824543011778,0.456964041735403,1,2372.46676115985,-0.37107953380011
"4441","STX7",0.499115964813788,0.9824543011778,0.456955914765136,1,2372.46676115985,-0.0632012327794985
"6549","WDR11",0.499131691901902,0.9824543011778,0.456922420646401,1,2372.46676115985,0.0756473361234457
"6848","CLP1",0.499145889450786,0.9824543011778,0.456892185537021,1,2372.46676115985,-0.270342204565453
"10225","RAD51C",0.499167821025338,0.9824543011778,0.456845482906255,1,2372.46676115985,-0.178430461235632
"1828","RBMS1",0.499179818878115,0.9824543011778,0.456819935309987,1,2372.46676115985,0.0569963398173129
"10348","FBF1",0.499212795238807,0.9824543011778,0.456749722544257,1,2372.46676115985,-0.313757503639568
"3244","RAB33B",0.499246607825374,0.9824543011778,0.456677737461898,1,2372.46676115985,0.237120160645127
"3591","PCSK1",0.499290306714538,0.9824543011778,0.456584717242558,1,2372.46676115985,0.668433511480671
"2588","CCDC58",0.499368542348936,0.9824543011778,0.456418214393501,1,2372.46676115985,-0.318104256531581
"690","MAB21L3",0.499491069550296,0.9824543011778,0.456157538088408,1,2372.46676115985,0.650146032713586
"9023","WDR73",0.499568353742326,0.9824543011778,0.455993171933389,1,2372.46676115985,0.168878802854388
"12253","EIF3L",0.499615085174454,0.9824543011778,0.455893805572996,1,2372.46676115985,-0.127765257783863
"10910","MAST1",0.499667724759156,0.9824543011778,0.455781895421196,1,2372.46676115985,-0.996606277769603
"11313","ERCC2",0.499681561346561,0.9824543011778,0.455752482577748,1,2372.46676115985,0.245229152635272
"9277","IQCK",0.499972072021786,0.9824543011778,0.455135254378597,1,2372.46676115985,0.241839598088281
"9982","CCL13",0.499979047550627,0.9824543011778,0.455120441431472,1,2372.46676115985,0.641852942540409
"1118","IL10",0.500042116922824,0.9824543011778,0.454986525820958,1,2372.46676115985,-0.159016047205157
"10247","INTS2",0.500084717783414,0.9824543011778,0.454896087358564,1,2372.46676115985,0.172126313567893
"4660","MPP6",0.500139185921407,0.9824543011778,0.454780474598677,1,2372.46676115985,0.41968803383842
"4161","MAPK14",0.500233175840708,0.9824543011778,0.454581024122561,1,2372.46676115985,0.0691400063430634
"5635","PTPRD",0.500256692416415,0.9824543011778,0.454531130933949,1,2372.46676115985,0.652771362290769
"7668","PA2G4",0.500375160308011,0.9824543011778,0.454279847896427,1,2372.46676115985,0.100797750265055
"5464","PABPC1",0.500566101557672,0.9824543011778,0.453875053772487,1,2372.46676115985,-0.0446764585288262
"8886","OAZ2",0.500604377491446,0.9824543011778,0.453793940623242,1,2372.46676115985,0.0802039330200045
"8843","C15orf65",0.500662852827091,0.9824543011778,0.453670041887297,1,2372.46676115985,-0.907173163426054
"10212","AKAP1",0.500778523176435,0.9824543011778,0.453425029615324,1,2372.46676115985,-0.248742899495353
"8792","B2M",0.500782895236061,0.9824543011778,0.453415770630325,1,2372.46676115985,0.0300008869108345
"1065","ZNF281",0.50078332684277,0.9824543011778,0.453414856597168,1,2372.46676115985,0.115231628382561
"4702","GPR141",0.500800888125006,0.9824543011778,0.453377667406776,1,2372.46676115985,-0.55364530330274
"595","ABCD3",0.501168890945469,0.9824543011778,0.452598864638674,1,2372.46676115985,0.112555776145813
"11277","ZNF45",0.501226441313633,0.9824543011778,0.452477158982787,1,2372.46676115985,-0.281593663865861
"7295","ARHGEF12",0.501389581350538,0.9824543011778,0.452132284898524,1,2372.46676115985,-0.1491624318476
"5704","CD72",0.501484021905413,0.9824543011778,0.451932727106959,1,2372.46676115985,-0.160510145275454
"11572","ZNF550",0.501497465557711,0.9824543011778,0.451904325172726,1,2372.46676115985,-0.663729908021875
"4358","CD24",0.501596968462991,0.9824543011778,0.451694149150597,1,2372.46676115985,-0.907066955183443
"11593","ZSCAN18",0.501637737282861,0.9824543011778,0.451608055293269,1,2372.46676115985,0.26081945353254
"4254","CENPQ",0.501657763881975,0.9824543011778,0.45156576833716,1,2372.46676115985,0.282144325024367
"11527","TMEM238",0.501790275158181,0.9824543011778,0.451286037951415,1,2372.46676115985,-0.486484855039986
"3420","NUP155",0.501964316026049,0.9824543011778,0.450918829952104,1,2372.46676115985,0.189458846269826
"5531","ST3GAL1",0.502017967186247,0.9824543011778,0.450805675353465,1,2372.46676115985,0.0731739749541095
"5869","ZNF462",0.502056381329576,0.9824543011778,0.450724669501021,1,2372.46676115985,-0.249454448165874
"8851","CGNL1",0.502127797349485,0.9824543011778,0.45057409898086,1,2372.46676115985,0.988228182665011
"12450","APOO",0.50212841752779,0.9824543011778,0.450572791582933,1,2372.46676115985,0.204005130574841
"1938","HSPD1",0.502170118256507,0.9824543011778,0.450484888586569,1,2372.46676115985,-0.0969483084467977
"2053","STK11IP",0.502222987944151,0.9824543011778,0.450373459880019,1,2372.46676115985,0.248763045527023
"12789","FAM50A",0.502303598031574,0.9824543011778,0.450203603691185,1,2372.46676115985,-0.104893524433051
"288","S100PBP",0.502387421534009,0.9824543011778,0.450027025682239,1,2372.46676115985,0.101446924833245
"9564","DDX19B",0.502430992919412,0.9824543011778,0.449935260421237,1,2372.46676115985,0.154506360946971
"3255","INPP4B",0.502455505833014,0.9824543011778,0.449883639981586,1,2372.46676115985,0.29046542074764
"4340","NDUFAF4",0.50251369845474,0.9824543011778,0.449761112432935,1,2372.46676115985,-0.269442307413745
"5206","FGF20",0.502558693858864,0.9824543011778,0.449666388888364,1,2372.46676115985,-0.946447447340849
"11456","ZNF836",0.502574814882208,0.9824543011778,0.449632454708615,1,2372.46676115985,-0.295262645401103
"5982","DNM1",0.50260244306314,0.9824543011778,0.449574302688863,1,2372.46676115985,-0.231651212269138
"6715","TEAD1",0.502678569347675,0.9824543011778,0.449414099670534,1,2372.46676115985,-0.966393381779883
"12314","PHETA2",0.502683318234057,0.9824543011778,0.44940410730656,1,2372.46676115985,0.409053367127397
"2118","RNPEPL1",0.50273308683902,0.9824543011778,0.449299396437909,1,2372.46676115985,0.119394577961892
"10271","POLG2",0.502991698609884,0.9824543011778,0.448755573690192,1,2372.46676115985,-0.175599994390747
"6868","MS4A7",0.50299474080852,0.9824543011778,0.448749179230685,1,2372.46676115985,-0.0510125666065518
"9700","TLCD2",0.503140969153956,0.9824543011778,0.448441896707339,1,2372.46676115985,-0.447516686315488
"3887","PHYKPL",0.503254331902793,0.9824543011778,0.44820378245322,1,2372.46676115985,-0.108990358279501
"5831","CTSV",0.503387537639981,0.9824543011778,0.447924105751447,1,2372.46676115985,0.841086425535962
"536","MIGA1",0.503521286615973,0.9824543011778,0.447643415622285,1,2372.46676115985,-0.119346904321245
"1571","ALMS1",0.503589077037084,0.9824543011778,0.447501196983358,1,2372.46676115985,-0.182845241859037
"4522","TIAM2",0.503693436764653,0.9824543011778,0.447282322923645,1,2372.46676115985,-0.109773080185755
"537","NEXN",0.503787100368346,0.9824543011778,0.447085947864656,1,2372.46676115985,0.31180620995042
"4538","TAGAP",0.503913342081371,0.9824543011778,0.446821368276327,1,2372.46676115985,0.222569545570654
"2603","KALRN",0.503988928187878,0.9824543011778,0.446663007821206,1,2372.46676115985,-0.281996462681684
"1717","BCL2L11",0.50404391500427,0.9824543011778,0.446547830453757,1,2372.46676115985,0.173022067216887
"2310","TMEM158",0.504053665151592,0.9824543011778,0.446527409686399,1,2372.46676115985,-1.01124487371236
"1214","RAB4A",0.504116855870188,0.9824543011778,0.446395079038212,1,2372.46676115985,-0.0998851260912892
"3304","TMA16",0.504214288030046,0.9824543011778,0.446191097365861,1,2372.46676115985,0.172315347999723
"12208","SFI1",0.50428064399277,0.9824543011778,0.446052214678246,1,2372.46676115985,-0.181059787143997
"1608","KCMF1",0.504286185947652,0.9824543011778,0.446040616809822,1,2372.46676115985,0.079676254531903
"6211","ZNF438",0.504441247677483,0.9824543011778,0.445716201373829,1,2372.46676115985,0.0554006572464728
"10406","NDUFAF8",0.504586800965181,0.9824543011778,0.445411834449604,1,2372.46676115985,0.151480396937182
"604","SLC35A3",0.504587629170342,0.9824543011778,0.445410103017231,1,2372.46676115985,-0.148877358534767
"7178","ENDOD1",0.504709813203966,0.9824543011778,0.445154720333028,1,2372.46676115985,0.232350439287302
"3013","NSUN7",0.50478073597866,0.9824543011778,0.445006529800889,1,2372.46676115985,0.316455159393798
"12219","TOM1",0.504837639315634,0.9824543011778,0.444887658144142,1,2372.46676115985,-0.0853405109358802
"8664","JAG2",0.504860530696822,0.9824543011778,0.444839844284841,1,2372.46676115985,-0.902276035690819
"1792","GTDC1",0.504887151365984,0.9824543011778,0.444784245628112,1,2372.46676115985,0.0830446134512599
"3334","DCTD",0.505051757572413,0.9824543011778,0.444440568457115,1,2372.46676115985,-0.147878348024769
"6669","SMPD1",0.505212523571579,0.9824543011778,0.444105094341256,1,2372.46676115985,0.1619875659848
"1473","CRIPT",0.505319280713745,0.9824543011778,0.443882422808332,1,2372.46676115985,0.142736131036934
"5717","GNE",0.505331184424854,0.9824543011778,0.44385759932438,1,2372.46676115985,0.209461556980542
"6238","DEPP1",0.505572948943989,0.9824543011778,0.443353650898265,1,2372.46676115985,0.840765265130469
"5780","SLC28A3",0.505733308493223,0.9824543011778,0.443019615748927,1,2372.46676115985,-0.435547269506942
"11634","STK35",0.50578198763336,0.9824543011778,0.4429182511577,1,2372.46676115985,0.196852988708002
"3953","GCNT2",0.505820080573301,0.9824543011778,0.442838941886703,1,2372.46676115985,0.0855954206114294
"376","C1orf50",0.505865498416313,0.9824543011778,0.442744395602683,1,2372.46676115985,-0.173960360121725
"4750","LANCL2",0.505869001983882,0.9824543011778,0.442737102834215,1,2372.46676115985,-0.212409985495454
"9096","DECR2",0.505908334084339,0.9824543011778,0.442655237974977,1,2372.46676115985,0.381908251679587
"4920","PILRA",0.50591892703792,0.9824543011778,0.44263319193053,1,2372.46676115985,-0.0687158458139829
"8123","TPT1",0.505956645645394,0.9824543011778,0.442554698433346,1,2372.46676115985,0.0355355011361612
"7553","ARID2",0.505961628653645,0.9824543011778,0.442544329402067,1,2372.46676115985,-0.0661114996946563
"10942","PKN1",0.506119254004543,0.9824543011778,0.442216420739306,1,2372.46676115985,-0.0988049092883083
"11184","MAP4K1",0.50615451736783,0.9824543011778,0.442143086213119,1,2372.46676115985,-0.65779309995442
"2199","CAPN7",0.50626241690454,0.9824543011778,0.44191875024764,1,2372.46676115985,0.0883254801645559
"7129","AQP11",0.506314508476294,0.9824543011778,0.441810475057197,1,2372.46676115985,-0.546473707486208
"4314","SNX14",0.506389378092223,0.9824543011778,0.441654887952743,1,2372.46676115985,0.0741237699803563
"12778","HCFC1",0.506430566070796,0.9824543011778,0.441569311752483,1,2372.46676115985,-0.174429863535324
"10902","FBXW9",0.50643320653723,0.9824543011778,0.441563826067128,1,2372.46676115985,-0.654744186107124
"11444","FPR1",0.506465550758215,0.9824543011778,0.441496633509216,1,2372.46676115985,0.113646562124993
"7788","BTG1",0.506510049731348,0.9824543011778,0.441404202461232,1,2372.46676115985,-0.0624284687110927
"1685","REV1",0.506594784531934,0.9824543011778,0.441228234125201,1,2372.46676115985,0.0969152626743802
"7201","CARD16",0.506630032847683,0.9824543011778,0.441155049016135,1,2372.46676115985,0.0784844585568381
"7614","ACVR1B",0.506631472587789,0.9824543011778,0.441152059909295,1,2372.46676115985,0.136761413955829
"325","MEAF6",0.506643749116065,0.9824543011778,0.441126572669618,1,2372.46676115985,0.112101399988709
"4733","OGDH",0.506891397396436,0.982630942198287,0.440612657841327,1,2372.46676115985,0.0851428146630188
"9137","FAHD1",0.506898661274253,0.982630942198287,0.440597590499944,1,2372.46676115985,-0.219265517879356
"8813","FGF7",0.507060496956298,0.982630942198287,0.440261993662037,1,2372.46676115985,0.688293070409239
"6817","DDB2",0.507125918220039,0.982630942198287,0.440126382589468,1,2372.46676115985,0.0786990363864092
"9496","NAE1",0.507193603930272,0.982630942198287,0.439986109231437,1,2372.46676115985,-0.148093305732605
"6577","ADAM12",0.50729330196338,0.982630942198287,0.439779551461257,1,2372.46676115985,0.209477070424509
"6988","RNASEH2C",0.507476526836102,0.982630942198287,0.439400122004854,1,2372.46676115985,0.0862444839797801
"3753","NR3C1",0.507511769083736,0.982630942198287,0.439327167966716,1,2372.46676115985,-0.0561697452277583
"887","ETV3",0.50767898626016,0.982630942198287,0.438981134943089,1,2372.46676115985,-0.168371125144451
"9713","METTL16",0.507721675974732,0.982630942198287,0.438892825866437,1,2372.46676115985,-0.127035186679391
"7529","BICD1",0.507759436051611,0.982630942198287,0.438814725022921,1,2372.46676115985,0.148446870921604
"8247","CDC16",0.507852365010121,0.982630942198287,0.438622558516176,1,2372.46676115985,-0.12031660987886
"8209","CLYBL",0.507934575797852,0.982630942198287,0.438452606439802,1,2372.46676115985,0.102605242092452
"1270","ZBTB18",0.508035361524424,0.982630942198287,0.438244319541159,1,2372.46676115985,-0.216705170216423
"8436","CCDC175",0.508108448100165,0.982630942198287,0.438093321083216,1,2372.46676115985,0.571074840844949
"10487","IMPA2",0.508109229688954,0.982630942198287,0.438091706505969,1,2372.46676115985,-0.18536506434226
"4414","FAM184A",0.508191668639898,0.982630942198287,0.437921431192169,1,2372.46676115985,0.725237638352214
"10053","SMARCE1",0.508193495712362,0.982630942198287,0.437917657964951,1,2372.46676115985,-0.102678187246367
"2609","SNX4",0.50840643703595,0.982630942198287,0.43747805661969,1,2372.46676115985,0.0882025699937924
"10469","ZBTB14",0.508464663695525,0.982630942198287,0.437357907311684,1,2372.46676115985,-0.256761092549532
"2956","HS3ST1",0.508717816871884,0.982630942198287,0.436835807505302,1,2372.46676115985,-0.119493282498426
"1225","ARV1",0.508868906680566,0.982630942198287,0.436524415336095,1,2372.46676115985,0.181591267536417
"12683","PLS3",0.508889051600929,0.982630942198287,0.436482909229718,1,2372.46676115985,0.82875025243254
"10703","GNA11",0.508895592608373,0.982630942198287,0.436469432905964,1,2372.46676115985,-0.266536882312968
"9032","MRPL46",0.509082592667828,0.982630942198287,0.436084286320124,1,2372.46676115985,-0.206324634010405
"2762","SEC62",0.509177282009663,0.982630942198287,0.435889356621108,1,2372.46676115985,-0.0568436158936106
"4363","SEC63",0.50920433551461,0.982630942198287,0.435833675134531,1,2372.46676115985,0.0773263337161693
"9297","POLR3E",0.509220260291773,0.982630942198287,0.435800901168041,1,2372.46676115985,-0.259067678564612
"4166","STK38",0.509250075435046,0.982630942198287,0.435739544909655,1,2372.46676115985,-0.0929169406315087
"1020","XPR1",0.509278363039561,0.982630942198287,0.435681337890047,1,2372.46676115985,0.0979051551127202
"3089","CXCL9",0.509293200161127,0.982630942198287,0.435650809978344,1,2372.46676115985,-10
"11011","PGPEP1",0.509396227102604,0.982630942198287,0.43543887068659,1,2372.46676115985,-0.0967767953267755
"3138","SPP1",0.509419200771423,0.982630942198287,0.43539162107279,1,2372.46676115985,0.087444821799836
"12805","BRCC3",0.509467689048292,0.982630942198287,0.435291908011941,1,2372.46676115985,-0.117718634655274
"5859","RNF20",0.509470380845722,0.982630942198287,0.435286372981779,1,2372.46676115985,0.129778418598256
"5766","GNA14",0.509563684263983,0.982630942198287,0.435094548292642,1,2372.46676115985,0.642448336260988
"6413","CCNJ",0.509566189868265,0.982630942198287,0.435089397798529,1,2372.46676115985,0.194293879921025
"7056","LRP5",0.509720233105087,0.982684141489394,0.434772832137496,1,2372.46676115985,0.293281156290767
"9437","ADCY7",0.510117212154905,0.982684141489394,0.43395778423299,1,2372.46676115985,-0.0998002816580266
"5843","TBC1D2",0.510143726480845,0.982684141489394,0.433903386055957,1,2372.46676115985,-0.0967909994187377
"2319","CCR2",0.510313280229399,0.982684141489394,0.433555636309624,1,2372.46676115985,0.66827975294165
"6220","CUL2",0.510377944936071,0.982684141489394,0.433423063544407,1,2372.46676115985,-0.0965756813813262
"510","SERBP1",0.510419550155324,0.982684141489394,0.433337781699185,1,2372.46676115985,0.0615602413021724
"566","KYAT3",0.510457362851508,0.982684141489394,0.433260284152113,1,2372.46676115985,0.116199868317317
"10962","FAM32A",0.510486704480319,0.982684141489394,0.433200154997819,1,2372.46676115985,0.09870861411627
"6194","ARHGAP21",0.510509940368243,0.982684141489394,0.433152542447344,1,2372.46676115985,0.0728691694173269
"7665","SUOX",0.510639127703153,0.982684141489394,0.432887893657148,1,2372.46676115985,-0.258211761356399
"4940","SERPINE1",0.510688460358358,0.982684141489394,0.432786863029763,1,2372.46676115985,0.494623024265748
"8871","LACTB",0.510886704076821,0.982684141489394,0.43238104086978,1,2372.46676115985,0.0696476925807214
"2759","MECOM",0.510905950301877,0.982684141489394,0.432341656692369,1,2372.46676115985,-0.918766290450549
"3771","ARHGEF37",0.510991163084967,0.982684141489394,0.432167313867644,1,2372.46676115985,-0.375414480545847
"7145","ANKRD42",0.511087832614053,0.982684141489394,0.431969591842906,1,2372.46676115985,-0.18157237267934
"6892","FADS3",0.511134405778586,0.982684141489394,0.431874357025545,1,2372.46676115985,-0.25533179305434
"4937","SRRT",0.511187683193651,0.982684141489394,0.431765431503022,1,2372.46676115985,-0.175356464830013
"7455","PRH1",0.511305871771603,0.982684141489394,0.431523865505789,1,2372.46676115985,-0.109780413234168
"6434","ZFYVE27",0.511357385458514,0.982684141489394,0.431418606802977,1,2372.46676115985,0.167980023144434
"6375","LIPN",0.511476412313069,0.982684141489394,0.431175467700779,1,2372.46676115985,-0.578413841132895
"9802","SENP3",0.511710406991871,0.982684141489394,0.430697766871478,1,2372.46676115985,0.253712406951514
"8572","SPATA7",0.511743988703961,0.982684141489394,0.430629240792043,1,2372.46676115985,0.128388912744462
"600","DPYD",0.511822157431352,0.982684141489394,0.430469761668515,1,2372.46676115985,0.0425747581701243
"5272","KIF13B",0.51186087947966,0.982684141489394,0.430390776948502,1,2372.46676115985,0.0786768277052973
"4593","CARD11",0.511912282425825,0.982684141489394,0.43028594191551,1,2372.46676115985,-0.796484466351918
"7350","ACAD8",0.511950880965875,0.982684141489394,0.430207233157754,1,2372.46676115985,0.202152632229912
"10741","FEM1A",0.512092299891525,0.982684141489394,0.429918944724585,1,2372.46676115985,-0.289401619023184
"830","PYGO2",0.512178332561782,0.982684141489394,0.429743631098507,1,2372.46676115985,0.246975111448095
"9684","TLCD3A",0.512205113947097,0.982684141489394,0.429689067592021,1,2372.46676115985,-0.892119151295459
"9191","DNASE1",0.512275865992937,0.982684141489394,0.429544943544398,1,2372.46676115985,0.157857062659673
"3391","RETREG1",0.512289726477941,0.982684141489394,0.429516713367613,1,2372.46676115985,-0.375461017925771
"8114","EPSTI1",0.512300908948695,0.982684141489394,0.429493938570889,1,2372.46676115985,-0.0453701506504613
"9633","KIAA0513",0.512844631984108,0.982684141489394,0.42838760493547,1,2372.46676115985,-0.173145455370185
"1184","WDR26",0.512849708148417,0.982684141489394,0.428377285876923,1,2372.46676115985,-0.0672755549632858
"7199","CASP5",0.512906346591425,0.982684141489394,0.428262160705272,1,2372.46676115985,0.778405603589808
"2282","ULK4",0.51291201830491,0.982684141489394,0.428250633410259,1,2372.46676115985,0.0981333911587579
"7120","UVRAG",0.513017164113829,0.982684141489394,0.42803697325831,1,2372.46676115985,0.0559294900854112
"2417","PHF7",0.513195601196397,0.982684141489394,0.427674556749307,1,2372.46676115985,0.193352039850487
"4648","STEAP1B",0.513289752853086,0.982684141489394,0.427483417356802,1,2372.46676115985,-0.206057473560839
"3324","SCRG1",0.513336528269113,0.982684141489394,0.427388480210258,1,2372.46676115985,-0.535357153039025
"10360","RHBDF2",0.513343723934283,0.982684141489394,0.42737387695285,1,2372.46676115985,-0.0890351863633113
"863","LAMTOR2",0.513391427785984,0.982684141489394,0.427277073279753,1,2372.46676115985,-0.0663842428463277
"6307","PCBD1",0.513470898574464,0.982684141489394,0.427115840880434,1,2372.46676115985,0.0976158582353475
"11338","AP2S1",0.513577601859655,0.982684141489394,0.42689942677209,1,2372.46676115985,0.0509924006029467
"2643","ATP2C1",0.513697844409276,0.982684141489394,0.426655646288881,1,2372.46676115985,-0.0889987239197329
"4950","PRKRIP1",0.513710394867048,0.982684141489394,0.426630207139157,1,2372.46676115985,0.0901719518279284
"10319","MRPL58",0.513719242502505,0.982684141489394,0.426612274075213,1,2372.46676115985,-0.199241130906769
"1104","MFSD4A",0.513738670521298,0.982684141489394,0.426572897768239,1,2372.46676115985,-0.884106671288519
"6483","SUFU",0.513903045531739,0.982684141489394,0.426239849640477,1,2372.46676115985,-0.0899992977345861
"1133","C1orf74",0.513981340199737,0.982684141489394,0.426081278264675,1,2372.46676115985,0.480883316217101
"5857","MRPL50",0.513985147686708,0.982684141489394,0.426073567976511,1,2372.46676115985,-0.148384684733269
"1730","IL1RN",0.514026578516136,0.982684141489394,0.425989675595766,1,2372.46676115985,-0.0971291558529674
"290","RNF19B",0.514397891593721,0.982684141489394,0.425238337494833,1,2372.46676115985,0.116130320177305
"4376","AK9",0.514476999972598,0.982684141489394,0.425078386793903,1,2372.46676115985,0.15671196043532
"6968","ZNHIT2",0.514647689353277,0.982684141489394,0.424733412813997,1,2372.46676115985,0.31143195636194
"12653","NXF3",0.514812916888478,0.982684141489394,0.424399667593968,1,2372.46676115985,0.446714837880656
"12110","DGCR6L",0.514885841651792,0.982684141489394,0.424252425360906,1,2372.46676115985,-0.119991727547699
"1512","FAM161A",0.514969289029486,0.982684141489394,0.424083981578103,1,2372.46676115985,-0.36841794712292
"10936","SAMD1",0.515036415203024,0.982684141489394,0.423948517740213,1,2372.46676115985,-0.168874211955672
"3033","FRYL",0.515101666757877,0.982684141489394,0.423816866506823,1,2372.46676115985,-0.058667704253204
"210","PDIK1L",0.515147560053854,0.982684141489394,0.423724289843283,1,2372.46676115985,-0.257214515619863
"759","ENSA",0.515264032028815,0.982684141489394,0.423489405410818,1,2372.46676115985,-0.0821368974087116
"11500","LILRB2",0.515304093730848,0.982684141489394,0.423408635984908,1,2372.46676115985,-0.0907710987914678
"831","SHC1",0.515431360464684,0.982684141489394,0.423152122993284,1,2372.46676115985,0.178213238009572
"7982","VPS37B",0.515521394234864,0.982684141489394,0.422970721861055,1,2372.46676115985,0.140159300948058
"395","DMAP1",0.515540724093439,0.982684141489394,0.422931783044098,1,2372.46676115985,0.199287671171098
"9688","NXN",0.515651318779031,0.982684141489394,0.422709045858636,1,2372.46676115985,0.451696124800488
"5673","DNAJA1",0.515716193604264,0.982684141489394,0.422578427102477,1,2372.46676115985,-0.0655364978609613
"8430","TIMM9",0.515817834196317,0.982684141489394,0.422373842005071,1,2372.46676115985,-0.206277808214778
"12740","ZNF449",0.515828826266788,0.982684141489394,0.422351721072738,1,2372.46676115985,0.229861911684067
"2204","HACL1",0.515838367751142,0.982684141489394,0.422332520032599,1,2372.46676115985,-0.186671380876474
"1298","TRAPPC12",0.5159200602339,0.982684141489394,0.422168149571739,1,2372.46676115985,0.100159103267231
"5462","RNF19A",0.515926023748676,0.982684141489394,0.422156152383524,1,2372.46676115985,-0.0798007721790283
"10639","MED16",0.515933237272368,0.982684141489394,0.422141640795568,1,2372.46676115985,-0.243590958425221
"12330","TTLL12",0.515953575635014,0.982684141489394,0.422100727620127,1,2372.46676115985,0.260794328302216
"5170","NCAPG2",0.516090398683453,0.982684141489394,0.42182556412512,1,2372.46676115985,0.252275409762178
"5283","WRN",0.516103682528407,0.982684141489394,0.421798855908513,1,2372.46676115985,0.147589574811368
"8505","RIOX1",0.516189440643924,0.982684141489394,0.421626461394827,1,2372.46676115985,0.345133283847827
"1389","KRTCAP3",0.516338381046619,0.982684141489394,0.421327174271509,1,2372.46676115985,-0.532227919850294
"1257","MTR",0.516374116935314,0.982684141489394,0.42125538753766,1,2372.46676115985,0.0918863875225147
"5281","UBXN8",0.516481899548136,0.982684141489394,0.421038925018976,1,2372.46676115985,0.350829093203703
"6067","TMEM250",0.516496188457198,0.982684141489394,0.421010234180361,1,2372.46676115985,-0.23185172580792
"6099","TMEM203",0.516566672629722,0.982684141489394,0.420868728655705,1,2372.46676115985,-0.165671828801619
"1045","TPR",0.516601497632735,0.982684141489394,0.420798825712808,1,2372.46676115985,-0.0770877829198188
"2226","OXSM",0.516781146920249,0.982684141489394,0.420438353343624,1,2372.46676115985,0.275957743318882
"1617","VAMP5",0.516821489285196,0.982684141489394,0.420357435193115,1,2372.46676115985,0.0777425268964299
"1842","ABCB11",0.516949798187817,0.982684141489394,0.420100148523276,1,2372.46676115985,-0.741411288960914
"12568","MTMR8",0.51705174054819,0.982684141489394,0.41989581211797,1,2372.46676115985,-0.258470169095294
"10972","SIN3B",0.517072749417892,0.982684141489394,0.419853710064712,1,2372.46676115985,0.131816347888747
"7308","VWA5A",0.517081618128575,0.982684141489394,0.419835937950695,1,2372.46676115985,0.207910404810804
"5401","FABP5",0.517140610451009,0.982684141489394,0.419717736130893,1,2372.46676115985,0.0726291952345149
"5097","SSBP1",0.51717321692981,0.982684141489394,0.419652413274427,1,2372.46676115985,-0.0876881017763228
"5213","MTUS1",0.517324839195797,0.982684141489394,0.419348752503664,1,2372.46676115985,-0.27071739609034
"1492","EML6",0.517484156642885,0.982684141489394,0.419029848299746,1,2372.46676115985,0.615656512862177
"4133","PHF1",0.517501678331915,0.982684141489394,0.418994785810631,1,2372.46676115985,-0.174293789234297
"5829","ZNF510",0.517617271358595,0.982684141489394,0.418763525841739,1,2372.46676115985,0.249355035710472
"2806","AP2M1",0.517624124267804,0.982684141489394,0.418749818485408,1,2372.46676115985,0.0556432345266046
"7584","PRPF40B",0.517718760640865,0.982684141489394,0.418560557047769,1,2372.46676115985,0.189527117913351
"259","PUM1",0.517751394718767,0.982684141489394,0.418495306863657,1,2372.46676115985,0.0529375906130316
"6794","ALKBH3",0.517807817793506,0.982684141489394,0.41838250880795,1,2372.46676115985,0.177033686753303
"3446","NNT",0.518115931817665,0.982684141489394,0.41776692368973,1,2372.46676115985,-0.109769620360614
"7606","POU6F1",0.518240038858586,0.982684141489394,0.417519150101895,1,2372.46676115985,-0.426064369539296
"7248","CADM1",0.518261416054922,0.982684141489394,0.417476482102491,1,2372.46676115985,-0.0684364065807972
"11584","ZNF587B",0.518295628216552,0.982684141489394,0.417408202474619,1,2372.46676115985,-0.189511182245458
"12779","TMEM187",0.518305526862532,0.982684141489394,0.417388448523966,1,2372.46676115985,0.272397806290329
"5731","SHB",0.518373963878987,0.982684141489394,0.417251892268356,1,2372.46676115985,0.146959351587636
"1726","CHCHD5",0.518438567215507,0.982684141489394,0.417123014625133,1,2372.46676115985,-0.138565121212175
"6631","TOLLIP",0.51845239476141,0.982684141489394,0.417095433623499,1,2372.46676115985,-0.135601712032275
"1917","HIBCH",0.518469222078657,0.982684141489394,0.417061870895668,1,2372.46676115985,0.104188182813213
"8900","DENND4A",0.518639034348435,0.982684141489394,0.416723280911091,1,2372.46676115985,0.0917072085945509
"11126","KMT2B",0.518739752228473,0.982684141489394,0.416522550788202,1,2372.46676115985,-0.136784669402277
"9013","FSD2",0.518752891745621,0.982684141489394,0.416496368861678,1,2372.46676115985,-0.873425802666095
"12449","SAT1",0.518846220686466,0.982684141489394,0.416310434271483,1,2372.46676115985,-0.0438772449376457
"3972","CD83",0.518848441061262,0.982684141489394,0.416306011445689,1,2372.46676115985,-0.121889360112323
"9252","RRN3",0.518979733771428,0.982684141489394,0.416044545026135,1,2372.46676115985,0.176405423042002
"1427","STRN",0.519172173548149,0.982684141489394,0.415661515770643,1,2372.46676115985,0.0813117663083988
"9016","RAMAC",0.519205836613417,0.982684141489394,0.415594538972371,1,2372.46676115985,0.226889021553068
"7019","BBS1",0.519209483462541,0.982684141489394,0.415587283577286,1,2372.46676115985,-0.270775910163988
"8833","MYO5C",0.519285433954638,0.982684141489394,0.415436200683591,1,2372.46676115985,0.492623991151554
"5028","FSCN3",0.519480505371145,0.982684141489394,0.415048337173232,1,2372.46676115985,0.803768174529726
"7662","PMEL",0.519496526867937,0.982684141489394,0.415016492775501,1,2372.46676115985,0.771551486969783
"9391","SRCAP",0.519737525175116,0.982684141489394,0.414537692009177,1,2372.46676115985,-0.144260505976482
"11639","PCED1A",0.519812005827764,0.982684141489394,0.414389797458357,1,2372.46676115985,0.190668632171678
"6555","CUZD1",0.519994842595787,0.982684141489394,0.41402690085593,1,2372.46676115985,-0.645757957200213
"2743","GFM1",0.520026469050703,0.982684141489394,0.413964151096141,1,2372.46676115985,0.151477493383235
"6714","MICAL2",0.520089132840891,0.982684141489394,0.413839840304032,1,2372.46676115985,0.137670503594768
"4588","BRAT1",0.520145895883609,0.982684141489394,0.413727258043337,1,2372.46676115985,0.171635636645033
"9795","TMEM102",0.520238738320914,0.982684141489394,0.4135431635704,1,2372.46676115985,0.294122260604145
"133","FBXO42",0.520240293452107,0.982684141489394,0.413540080440747,1,2372.46676115985,-0.0709986214092391
"5119","ZNF398",0.52031912272545,0.982684141489394,0.413383818529465,1,2372.46676115985,0.137956607924542
"11336","FKRP",0.520319647356139,0.982684141489394,0.413382778702899,1,2372.46676115985,0.296438636560977
"7216","POGLUT3",0.52042373617223,0.982684141489394,0.41317650953707,1,2372.46676115985,0.294171373725614
"5578","WDR97",0.520476734361414,0.982684141489394,0.413071512828408,1,2372.46676115985,0.775982465644189
"12135","DRICH1",0.520517819944848,0.982684141489394,0.412990129605592,1,2372.46676115985,0.315826982417095
"892","IFI16",0.520526545976274,0.982684141489394,0.412972846350272,1,2372.46676115985,0.0525880934821001
"1413","EHD3",0.520564087948138,0.982684141489394,0.412898494495251,1,2372.46676115985,0.327706151594435
"11348","C5AR2",0.520658413124714,0.982684141489394,0.412711725265984,1,2372.46676115985,0.182449599874856
"12659","RAB40A",0.520678891891416,0.982684141489394,0.412671184026579,1,2372.46676115985,-0.894251571933738
"4910","TAF6",0.520848584101816,0.982684141489394,0.412335357340109,1,2372.46676115985,-0.262230958959043
"2081","NCL",0.52086961305235,0.982684141489394,0.412293753774344,1,2372.46676115985,-0.0609459410375408
"805","ILF2",0.520959941316472,0.982684141489394,0.41211508252162,1,2372.46676115985,0.115048456098074
"9481","CSNK2A2",0.520961790942855,0.982684141489394,0.412111424492136,1,2372.46676115985,-0.115574058405372
"7409","ENO2",0.520986734505144,0.982684141489394,0.41206209553296,1,2372.46676115985,0.287884762903222
"4855","MTERF1",0.521063038515715,0.982684141489394,0.411911220860082,1,2372.46676115985,0.121702843298639
"6399","MYOF",0.521160684298493,0.982684141489394,0.411718204344036,1,2372.46676115985,-0.102112837745444
"6607","IFITM3",0.521254059539876,0.982684141489394,0.411533689138682,1,2372.46676115985,0.0629665447106337
"5345","LYN",0.521434680885591,0.982684141489394,0.41117693592912,1,2372.46676115985,-0.0535990169270788
"5662","IFT74",0.521471779886002,0.982684141489394,0.411103687078708,1,2372.46676115985,-0.119622711845406
"4324","RNGTT",0.521484533336617,0.982684141489394,0.411078508591857,1,2372.46676115985,-0.0899712878120316
"11041","NDUFA13",0.521601906456186,0.982684141489394,0.410846835912262,1,2372.46676115985,0.0494208498655501
"6296","TSPAN15",0.521691823542494,0.982684141489394,0.410669418651749,1,2372.46676115985,0.213143322007645
"381","SLC2A1",0.521792913024541,0.982684141489394,0.410470021446271,1,2372.46676115985,0.319597278095924
"6605","IFITM2",0.521895325156536,0.982684141489394,0.410268084975869,1,2372.46676115985,0.100529626971839
"5420","OSGIN2",0.521932593243045,0.982684141489394,0.410194617069146,1,2372.46676115985,0.131642301497231
"2352","NDUFAF3",0.521954727137053,0.982684141489394,0.4101509881266,1,2372.46676115985,0.0862771451524712
"1635","PLGLB2",0.521984867622016,0.982684141489394,0.410091582356273,1,2372.46676115985,0.542752973138194
"3270","ARHGAP10",0.521994981259133,0.982684141489394,0.410071650114685,1,2372.46676115985,-0.0603453361379489
"559","ODF2L",0.522009717944296,0.982684141489394,0.410042607862302,1,2372.46676115985,0.122734831585426
"2102","RAB17",0.522136386219116,0.982684141489394,0.409793036759257,1,2372.46676115985,0.769660142558765
"2012","TMEM169",0.52214281160531,0.982684141489394,0.40978037984784,1,2372.46676115985,0.60789385867421
"3019","SLC30A9",0.522163419694874,0.982684141489394,0.409739787296758,1,2372.46676115985,0.0888808824477197
"5660","CAAP1",0.522206049839731,0.982684141489394,0.409655826048136,1,2372.46676115985,-0.117184441837986
"2908","C4orf48",0.522217128048792,0.982684141489394,0.409634009194606,1,2372.46676115985,0.0831643904382578
"41","PANK4",0.522226339911402,0.982684141489394,0.409615868451167,1,2372.46676115985,0.386475141414499
"969","SFT2D2",0.522357330557419,0.982684141489394,0.409357972365392,1,2372.46676115985,-0.0673602951955019
"3900","MGAT4B",0.522511045429381,0.982684141489394,0.409055482479082,1,2372.46676115985,-0.134145971006498
"7235","IL18",0.52259368931199,0.982684141489394,0.408892915716346,1,2372.46676115985,0.0744988008927083
"3754","YIPF5",0.522676138379345,0.982684141489394,0.408730777530105,1,2372.46676115985,-0.117860089982879
"7156","ME3",0.52271621838243,0.982684141489394,0.408651975547141,1,2372.46676115985,0.358139163612041
"11907","SYCP2",0.52279563494698,0.982684141489394,0.408495864884866,1,2372.46676115985,0.911690293331127
"8062","WASF3",0.52292631924207,0.982684141489394,0.40823906769318,1,2372.46676115985,0.831507097666618
"267","PEF1",0.522996378975427,0.982684141489394,0.408101445767356,1,2372.46676115985,0.130640591622314
"6043","SURF6",0.523109779722656,0.982684141489394,0.407878756098584,1,2372.46676115985,-0.162582459745541
"7414","EMG1",0.523115059631103,0.982684141489394,0.407868389812,1,2372.46676115985,-0.182573098856092
"11791","SAMHD1",0.523255812633501,0.982684141489394,0.407592111348585,1,2372.46676115985,-0.0394686598610364
"8284","C14orf93",0.523311253097104,0.982684141489394,0.407483325640166,1,2372.46676115985,-0.271227831309467
"6594","FUOM",0.523544927973437,0.982684141489394,0.407025031530625,1,2372.46676115985,0.0871481257103128
"11734","ASXL1",0.523580105528522,0.982684141489394,0.406956071085443,1,2372.46676115985,-0.101984221250016
"5196","NEIL2",0.523602827870196,0.982684141489394,0.406911531631922,1,2372.46676115985,0.358874915687974
"10899","WDR83",0.523627800586007,0.982684141489394,0.406862585037962,1,2372.46676115985,-0.221472436860568
"3827","TENM2",0.523673706501301,0.982684141489394,0.406772620118553,1,2372.46676115985,0.753270066473987
"166","NBPF3",0.52370754725734,0.982684141489394,0.406706309066488,1,2372.46676115985,0.332765446763182
"11494","MBOAT7",0.523797410015474,0.982684141489394,0.406530259655066,1,2372.46676115985,-0.116382432117206
"207","PAQR7",0.523798680725719,0.982684141489394,0.406527770601168,1,2372.46676115985,-0.410074933371828
"10091","BECN1",0.524277680736604,0.982684141489394,0.405590273525375,1,2372.46676115985,-0.111258509453431
"2271","CSRNP1",0.524301697717777,0.982684141489394,0.405543307629694,1,2372.46676115985,-0.26805208490997
"7677","ANKRD52",0.524323745699169,0.982684141489394,0.405500195534778,1,2372.46676115985,-0.198795508135533
"10523","DSC2",0.524584975688069,0.982684141489394,0.404989637778206,1,2372.46676115985,-0.171452975803074
"11518","PPP1R12C",0.524717367840081,0.982684141489394,0.404731058085804,1,2372.46676115985,-0.154750966672339
"10600","SERPINB2",0.524762921070506,0.982684141489394,0.404642113318979,1,2372.46676115985,-0.380642937113984
"3626","TMED7",0.524803050752622,0.982684141489394,0.404563769653728,1,2372.46676115985,-0.12044637935086
"1910","SLC40A1",0.524851428253406,0.982684141489394,0.404469338246275,1,2372.46676115985,0.135410291272301
"8200","RAP2A",0.524946394281125,0.982684141489394,0.404284012472907,1,2372.46676115985,0.111110171866102
"6871","PRPF19",0.525027165284008,0.982684141489394,0.404126435157373,1,2372.46676115985,-0.197007400884555
"8242","TFDP1",0.525028309248347,0.982684141489394,0.404124203690595,1,2372.46676115985,-0.118627129301544
"7679","CS",0.525065408709195,0.982684141489394,0.404051840552189,1,2372.46676115985,0.129985524851548
"135","SPATA21",0.525145327505951,0.982684141489394,0.403895988466497,1,2372.46676115985,0.460591200558815
"2853","MUC20",0.525245048756954,0.982684141489394,0.403701578197365,1,2372.46676115985,-0.263167103829061
"9127","IFT140",0.525297813602787,0.982684141489394,0.403598737754395,1,2372.46676115985,0.26650292656076
"3888","COL23A1",0.525318981208137,0.982684141489394,0.403557486554435,1,2372.46676115985,-0.0703106392565174
"6405","TBC1D12",0.52532189505262,0.982684141489394,0.403551808317592,1,2372.46676115985,0.0996690439521783
"1072","NAV1",0.525378235674014,0.982684141489394,0.403442027828555,1,2372.46676115985,0.145379258955728
"12037","NDUFV3",0.52563922419171,0.982684141489394,0.402933761414431,1,2372.46676115985,-0.0894569308706157
"10054","KRT10",0.525807470794916,0.982684141489394,0.402606345020024,1,2372.46676115985,-0.167024606532854
"12722","SLC25A14",0.525974798710836,0.982684141489394,0.402280901553958,1,2372.46676115985,0.343240039750873
"12041","RRP1B",0.525990185304751,0.982684141489394,0.402250984751521,1,2372.46676115985,-0.13961220411947
"4774","RABGEF1",0.526066035796273,0.982684141489394,0.402103528246388,1,2372.46676115985,-0.0654531613984692
"11204","SUPT5H",0.526069870742456,0.982684141489394,0.402096073958433,1,2372.46676115985,0.094298753095512
"3778","TCOF1",0.526317702158236,0.982684141489394,0.40161454983683,1,2372.46676115985,-0.18106733126383
"1649","DUSP2",0.526444077362757,0.982684141489394,0.401369164757756,1,2372.46676115985,-0.509504359587708
"4281","OGFRL1",0.526481067366935,0.982684141489394,0.40129736046212,1,2372.46676115985,0.0652982997596229
"8663","GPR132",0.52650817093991,0.982684141489394,0.401244753233764,1,2372.46676115985,0.204551599630215
"9445","CHD9",0.526613687030765,0.982684141489394,0.401039995664003,1,2372.46676115985,-0.0528545672561542
"3500","AK6",0.5267189647574,0.982684141489394,0.400835773613362,1,2372.46676115985,-0.167614850143421
"8966","SIN3A",0.526792505983324,0.982684141489394,0.400693158552451,1,2372.46676115985,0.11901246515481
"10556","HDHD2",0.526820395812922,0.982684141489394,0.400639082406065,1,2372.46676115985,-0.120213452006949
"4123","RING1",0.52689978070215,0.982684141489394,0.400485189441475,1,2372.46676115985,-0.155299302670361
"9251","NTAN1",0.526901115296698,0.982684141489394,0.40048260259378,1,2372.46676115985,-0.0723837913387666
"9087","POLR3K",0.526996389629424,0.982684141489394,0.400297962365794,1,2372.46676115985,0.156334356260188
"9644","ZCCHC14",0.527093346333942,0.982684141489394,0.400110122929066,1,2372.46676115985,0.14915815491597
"1603","CTNNA2",0.527148100073841,0.982684141489394,0.400004072834418,1,2372.46676115985,1.09874011243577
"10751","RPL36",0.527151726793249,0.982684141489394,0.399997049097119,1,2372.46676115985,0.0405228331771071
"7083","CLPB",0.527281539130034,0.982684141489394,0.399745703047843,1,2372.46676115985,-0.148095302052363
"7938","CIT",0.527418217960644,0.982684141489394,0.399481181405171,1,2372.46676115985,-0.652512457766569
"12435","PHKA2",0.527461714944667,0.982684141489394,0.399397025133563,1,2372.46676115985,-0.139674203780405
"5130","LRRC61",0.527537495963522,0.982684141489394,0.399250436602888,1,2372.46676115985,0.599627740441329
"1854","GORASP2",0.527547655566472,0.982684141489394,0.399230787033738,1,2372.46676115985,0.118315206165134
"7342","ST14",0.527625013517456,0.982684141489394,0.399081192115412,1,2372.46676115985,0.142611612827182
"1454","COX7A2L",0.527657562788841,0.982684141489394,0.399018260010338,1,2372.46676115985,0.0841927149604996
"151","AKR7A3",0.527668420500344,0.982684141489394,0.398997268806936,1,2372.46676115985,1.09720703846845
"12527","CCDC22",0.527695446543032,0.982684141489394,0.398945022738619,1,2372.46676115985,0.168166417515364
"3338","RWDD4",0.527756438359218,0.982684141489394,0.398827132475158,1,2372.46676115985,0.135394226698406
"5058","EXOC4",0.52778454993775,0.982684141489394,0.398772804186874,1,2372.46676115985,0.0416624542963852
"4480","PHACTR2",0.527832474739438,0.982684141489394,0.398680196902639,1,2372.46676115985,-0.0548181211018227
"10220","MPO",0.527837824993505,0.982684141489394,0.398669859295658,1,2372.46676115985,-0.626928168103795
"4386","RPF2",0.527846546680063,0.982684141489394,0.398653007905703,1,2372.46676115985,-0.158950224590273
"2082","PTMA",0.527900973397772,0.982684141489394,0.398547859929291,1,2372.46676115985,-0.0347543837626668
"9124","CCDC154",0.527924727528317,0.982684141489394,0.398501974968072,1,2372.46676115985,0.303099762080242
"388","KDM4A",0.527932262550963,0.982684141489394,0.39848742061984,1,2372.46676115985,0.129522889935336
"1692","RNF149",0.528186829528919,0.982684141489394,0.397995927592349,1,2372.46676115985,-0.0638612188105918
"5109","TCAF1",0.528300434177873,0.982684141489394,0.397776727671249,1,2372.46676115985,0.130420726399474
"6359","PRXL2A",0.528436040279861,0.982684141489394,0.397515186485682,1,2372.46676115985,-0.0836877970973555
"1404","WDR43",0.528513915860772,0.982684141489394,0.397365043511305,1,2372.46676115985,0.115821545209716
"9892","FAM83G",0.528586741168229,0.982684141489394,0.397224673247762,1,2372.46676115985,-0.861009179344206
"4323","AKIRIN2",0.52860780135567,0.982684141489394,0.397184086344858,1,2372.46676115985,-0.0919694608786206
"6142","CELF2",0.528625558278934,0.982684141489394,0.397149867698482,1,2372.46676115985,-0.0509426188005942
"1727","SLC20A1",0.528715642700698,0.982684141489394,0.396976301390932,1,2372.46676115985,-0.151009494463801
"9556","TERF2",0.528858619196377,0.982684141489394,0.396700936335304,1,2372.46676115985,-0.138889528919782
"12118","SNAP29",0.528908915713057,0.982684141489394,0.396604099672133,1,2372.46676115985,0.0887438452414982
"4260","GSTA4",0.528912342383556,0.982684141489394,0.396597502851031,1,2372.46676115985,0.523323397933795
"579","TGFBR3",0.528976248777826,0.982684141489394,0.39647448812252,1,2372.46676115985,-0.83022772902551
"11201","ZFP36",0.528980440063181,0.982684141489394,0.396466421162583,1,2372.46676115985,-0.169818522173319
"4700","AOAH",0.529003942892492,0.982684141489394,0.396421187429481,1,2372.46676115985,-0.055179926779698
"12765","ZNF185",0.529031654085833,0.982684141489394,0.396367858874723,1,2372.46676115985,0.222650591312783
"1275","HNRNPU",0.529504811963642,0.983097182586956,0.395458067093898,1,2372.46676115985,-0.0503203908475409
"8994","TMED3",0.529561896954084,0.983097182586956,0.395348402232715,1,2372.46676115985,-0.114693251497004
"4821","UPK3B",0.529566269810796,0.983097182586956,0.395340002498099,1,2372.46676115985,0.741949738483488
"5363","PDE7A",0.52967712780535,0.983097182586956,0.3951270991398,1,2372.46676115985,-0.0716216574411929
"2714","TSC22D2",0.529815941961478,0.983097182586956,0.394860618626352,1,2372.46676115985,-0.0871842802670685
"12776","NAA10",0.529906270816627,0.983097182586956,0.394687282328281,1,2372.46676115985,0.10852440191129
"6663","TRIM34",0.530001038342191,0.983097182586956,0.394505485504718,1,2372.46676115985,-0.11589790107432
"4565","TBP",0.530172185502964,0.983097182586956,0.394177314132456,1,2372.46676115985,-0.193775573675384
"4607","PMS2",0.530208229209968,0.983097182586956,0.394108225291188,1,2372.46676115985,-0.185402637477394
"10866","SWSAP1",0.530225152716696,0.983097182586956,0.394075789102164,1,2372.46676115985,-0.324960237387915
"9031","AGBL1",0.530309146876735,0.983097182586956,0.393914830473825,1,2372.46676115985,1.09531737935521
"1779","CCNT2",0.530504642900979,0.983097182586956,0.393540377445598,1,2372.46676115985,0.097818169913833
"82","PIK3CD",0.530539586829532,0.983097182586956,0.393473471996951,1,2372.46676115985,0.132770389271228
"9708","SMG6",0.530554683550544,0.983097182586956,0.393444569487811,1,2372.46676115985,-0.0765988347697089
"3082","PARM1",0.530673333190526,0.983097182586956,0.393217467529424,1,2372.46676115985,1.09676034034104
"5996","ZDHHC12",0.530685014846811,0.983097182586956,0.393195113134308,1,2372.46676115985,-0.11658398830071
"1392","CCDC121",0.53081719152584,0.983097182586956,0.392942237243031,1,2372.46676115985,-0.857590780040314
"2829","EIF4A2",0.530883325901631,0.983097182586956,0.392815753752026,1,2372.46676115985,-0.0829429286131126
"731","CHD1L",0.530888497814952,0.983097182586956,0.392805863546344,1,2372.46676115985,0.747040456595175
"11676","SLX4IP",0.530905279574691,0.983097182586956,0.392773773124819,1,2372.46676115985,0.103710894882208
"11002","MAST3",0.531029908915505,0.983097182586956,0.392535511493498,1,2372.46676115985,0.13098658077242
"5267","FBXO16",0.531070766519205,0.983097182586956,0.392457423392324,1,2372.46676115985,-0.322978436970813
"4708","VPS41",0.531076758961019,0.983097182586956,0.392445971393289,1,2372.46676115985,-0.064158944322388
"3563","RPS23",0.53116161426421,0.983097182586956,0.392283831612722,1,2372.46676115985,0.0440853989790479
"9443","HNRNPA1P48",0.531199334767273,0.983097182586956,0.392211771021863,1,2372.46676115985,0.333894936130847
"10184","EME1",0.531264021157662,0.983097182586956,0.39208821672252,1,2372.46676115985,1.09222297469647
"9718","SHPK",0.531321115735026,0.983097182586956,0.391979185685275,1,2372.46676115985,-0.225709951946598
"1302","CMPK2",0.53182614889387,0.983690390999127,0.391015664338346,1,2372.46676115985,-0.0848264083557352
"1208","GUK1",0.531842556865097,0.983690390999127,0.390984388256357,1,2372.46676115985,-0.0557071338105089
"1090","BTG2",0.531871535293742,0.983690390999127,0.390929155226091,1,2372.46676115985,-0.132997223151258
"509","IL12RB2",0.532085365764162,0.983719289446216,0.390521761015057,1,2372.46676115985,0.595970014387814
"11916","OSBPL2",0.532156959794283,0.983719289446216,0.390385424591684,1,2372.46676115985,0.146797226356596
"4411","PLN",0.532297549530328,0.983719289446216,0.390117796027065,1,2372.46676115985,1.08162123785851
"2525","PCNP",0.532516628406377,0.983719289446216,0.389701008690634,1,2372.46676115985,0.075883732405673
"2881","LMLN",0.532529417403802,0.983719289446216,0.389676687783984,1,2372.46676115985,0.204713015968836
"2783","MFN1",0.532587746242543,0.983719289446216,0.389565776885801,1,2372.46676115985,0.094954453906875
"3573","CETN3",0.532605070515162,0.983719289446216,0.389532839419257,1,2372.46676115985,-0.233619538079931
"12316","NDUFA6",0.532621577748538,0.983719289446216,0.389501457134376,1,2372.46676115985,0.0841854128069445
"12122","THAP7",0.532625261441423,0.983719289446216,0.389494454220002,1,2372.46676115985,0.157583581602616
"627","CLCC1",0.532690376244872,0.983719289446216,0.389370681631499,1,2372.46676115985,-0.200113432084065
"3363","EXOC3",0.532729844934895,0.983719289446216,0.389295671411834,1,2372.46676115985,-0.0887503967600471
"7516","KLHL42",0.532892699254602,0.983756196088948,0.388986273040681,1,2372.46676115985,-0.195411651557885
"11717","ENTPD6",0.532978719691783,0.983756196088948,0.388822916281419,1,2372.46676115985,0.138102212448488
"105","MTHFR",0.533028127226208,0.983756196088948,0.38872911064948,1,2372.46676115985,-0.122257610343934
"6603","PSMD13",0.533068816178397,0.983756196088948,0.388651870005004,1,2372.46676115985,-0.103920601845606
"4831","MAGI2",0.533136503546341,0.983756196088948,0.388523401343609,1,2372.46676115985,0.245314126444426
"4921","ZCWPW1",0.533209494959822,0.983756196088948,0.388384898800999,1,2372.46676115985,-0.237819073597972
"9889","TRIM16L",0.533408769809173,0.983946927448766,0.38800694565816,1,2372.46676115985,-0.628250766987936
"10273","CEP95",0.533542519690187,0.983946927448766,0.387753413172592,1,2372.46676115985,0.120630233199016
"10932","DCAF15",0.53356605690944,0.983946927448766,0.387708808585576,1,2372.46676115985,0.18375503622409
"10485","CHMP1B",0.533682758324362,0.983946927448766,0.387487704273691,1,2372.46676115985,0.0995665240328132
"8600","ITPK1",0.533717084117353,0.983946927448766,0.387422686747907,1,2372.46676115985,-0.112433986086706
"11544","ZNF787",0.533860486631146,0.983946927448766,0.387151145547781,1,2372.46676115985,-0.138813520326579
"3967","GFOD1",0.534031218765455,0.983946927448766,0.386828026262334,1,2372.46676115985,-0.149500201901257
"3780","RPS14",0.534143877104658,0.983946927448766,0.386614917046785,1,2372.46676115985,0.0377629122201073
"9077","LYSMD4",0.534194452417412,0.983946927448766,0.386519273155944,1,2372.46676115985,0.296689668950327
"10911","DNASE2",0.534386128992811,0.983946927448766,0.38615693899688,1,2372.46676115985,-0.121783853998735
"8718","SPRED1",0.534445700946129,0.983946927448766,0.386044375645535,1,2372.46676115985,0.0818467537537957
"10297","MAP2K6",0.534507348253549,0.983946927448766,0.385927914783074,1,2372.46676115985,-0.209172923432472
"8529","MLH3",0.534516019743627,0.983946927448766,0.385911535012065,1,2372.46676115985,0.136531479634738
"6982","EHBP1L1",0.534551138394787,0.983946927448766,0.385845203535113,1,2372.46676115985,0.0896551940637438
"8627","SLC25A29",0.534588750245813,0.983946927448766,0.385774171709516,1,2372.46676115985,-0.177972422806047
"6696","SCUBE2",0.534700785311994,0.983946927448766,0.385562641684594,1,2372.46676115985,0.628374888901979
"7687","BAZ2A",0.534881042943267,0.983946927448766,0.385222471370813,1,2372.46676115985,0.0872914164700029
"3372","ICE1",0.534887854531153,0.983946927448766,0.385209621069416,1,2372.46676115985,-0.104982210648238
"12487","UBA1",0.535120313328718,0.983946927448766,0.384771257253937,1,2372.46676115985,-0.11164812741136
"7613","ACVRL1",0.535125184577958,0.983946927448766,0.384762074895768,1,2372.46676115985,0.186899697584011
"7952","POP5",0.535128033939709,0.983946927448766,0.384756703887995,1,2372.46676115985,0.170565975403006
"6613","RASSF7",0.535130030338924,0.983946927448766,0.38475294073382,1,2372.46676115985,-0.35129458344558
"8576","TTC8",0.535327796779638,0.983946927448766,0.384380283055337,1,2372.46676115985,-0.185801945773668
"1753","NIFK",0.535343705630788,0.983946927448766,0.384350316357803,1,2372.46676115985,0.128609488976901
"1667","ANKRD36B",0.535489518392721,0.983946927448766,0.384075731570082,1,2372.46676115985,-0.235729478454631
"10033","CDK12",0.535543389891586,0.983946927448766,0.383974318742524,1,2372.46676115985,-0.0819528987143601
"11911","TAF4",0.535646930029094,0.983946927448766,0.383779456987242,1,2372.46676115985,0.164224722621476
"11909","PPP1R3D",0.535684222388976,0.983946927448766,0.383709289812754,1,2372.46676115985,-0.230108249059427
"10077","HSD17B1",0.535695252201184,0.983946927448766,0.383688538449083,1,2372.46676115985,-0.841109333335159
"12587","IL2RG",0.535769471825784,0.983946927448766,0.383548922679341,1,2372.46676115985,-0.111250015744786
"6939","DNAJC4",0.535929624492024,0.983946927448766,0.383247776584048,1,2372.46676115985,0.111637563316319
"10585","MALT1",0.535968503102363,0.983946927448766,0.383174695132878,1,2372.46676115985,-0.0806324524351691
"916","TSTD1",0.536075223118711,0.983946927448766,0.382974139415002,1,2372.46676115985,-0.158748231926835
"11600","A1BG",0.536122794147462,0.983946927448766,0.382884764007373,1,2372.46676115985,-0.134828974192222
"7844","APPL2",0.536213385287873,0.983946927448766,0.382714603241935,1,2372.46676115985,0.0745277056757276
"868","BGLAP",0.536331375143456,0.983946927448766,0.382493056839493,1,2372.46676115985,0.373978593960642
"4215","CUL7",0.53633422071911,0.983946927448766,0.382487714873247,1,2372.46676115985,-0.264926886108986
"12089","DGCR6",0.536361521741351,0.983946927448766,0.382436465601185,1,2372.46676115985,-0.620256754929483
"10898","MAN2B1",0.536380391321578,0.983946927448766,0.382401046542561,1,2372.46676115985,-0.0597993330132935
"10840","RAVER1",0.536519745754366,0.983946927448766,0.382139542147803,1,2372.46676115985,-0.204699910690101
"4121","SLC39A7",0.536568841941927,0.983946927448766,0.382047440558849,1,2372.46676115985,-0.13962160369584
"3161","EIF4E",0.536711372342356,0.983946927448766,0.381780148735917,1,2372.46676115985,-0.0987448474394233
"11472","ZNF888",0.536755501589601,0.983946927448766,0.381697417949709,1,2372.46676115985,-0.28578737897476
"779","VPS72",0.536878467809038,0.983946927448766,0.381466953821342,1,2372.46676115985,-0.173867773984583
"1311","IAH1",0.536929436616686,0.983946927448766,0.38137145591994,1,2372.46676115985,0.127090543007235
"10467","TGIF1",0.536962373660635,0.983946927448766,0.381309752086175,1,2372.46676115985,-0.124845493382048
"11332","CALM3",0.537000035592531,0.983946927448766,0.381239205158848,1,2372.46676115985,0.0597809533191399
"2611","SLC41A3",0.53706437268985,0.983946927448766,0.381118712159423,1,2372.46676115985,0.250569106738159
"11322","GIPR",0.537067519234359,0.983946927448766,0.381112819864099,1,2372.46676115985,0.82884222081105
"9247","BFAR",0.537163367315782,0.983982139757769,0.380933362573054,1,2372.46676115985,-0.113722850908043
"2982","PI4K2B",0.537376154874663,0.983992607920126,0.380535166933482,1,2372.46676115985,0.105830979448025
"3286","PLRG1",0.537379019672989,0.983992607920126,0.380529807913176,1,2372.46676115985,-0.153302049433847
"1037","TSEN15",0.537398968876555,0.983992607920126,0.380492491482298,1,2372.46676115985,-0.14562617730298
"634","PSMA5",0.537911473169318,0.9843335838299,0.379534680686163,1,2372.46676115985,-0.0869885484261605
"10653","ATP5F1D",0.538117380924757,0.9843335838299,0.379150331955853,1,2372.46676115985,0.0603819947354043
"6850","MED19",0.538248971202779,0.9843335838299,0.378904845341286,1,2372.46676115985,-0.191925107848914
"11023","CRTC1",0.538306914290896,0.9843335838299,0.378796785092874,1,2372.46676115985,0.122678771638041
"6827","NDUFS3",0.538375151278167,0.9843335838299,0.378669554610764,1,2372.46676115985,0.0985423472024187
"12696","SOWAHD",0.538378161046888,0.9843335838299,0.378663943459938,1,2372.46676115985,0.285563140620875
"5793","SECISBP2",0.538423443308329,0.9843335838299,0.37857953007138,1,2372.46676115985,-0.106987596006981
"10570","ME2",0.538577148863776,0.9843335838299,0.378293095036885,1,2372.46676115985,-0.0640631027164775
"5625","CD274",0.538610675165041,0.9843335838299,0.378230637591976,1,2372.46676115985,-0.249089873348558
"2045","STK16",0.538615528831091,0.9843335838299,0.378221596098476,1,2372.46676115985,-0.159102811491228
"7702","DDIT3",0.538619063676805,0.9843335838299,0.378215011420171,1,2372.46676115985,-0.158821710829468
"11501","LILRA5",0.538634239192366,0.9843335838299,0.378186743506025,1,2372.46676115985,0.128295195104033
"2145","EDEM1",0.538637508520843,0.9843335838299,0.378180653814808,1,2372.46676115985,-0.118867121070778
"79","SPSB1",0.538658367227841,0.9843335838299,0.378141802446881,1,2372.46676115985,0.207128652811335
"11048","ZNF14",0.538818817384833,0.984337787304437,0.377843040385449,1,2372.46676115985,-0.256828765286107
"3444","C5orf34",0.538855751546901,0.984337787304437,0.377774291120243,1,2372.46676115985,0.326264723639277
"6458","TWNK",0.538890635055696,0.984337787304437,0.377709366855896,1,2372.46676115985,-0.610310203182361
"6447","CHUK",0.539052984238649,0.984388343305894,0.37740730797472,1,2372.46676115985,0.131783137060642
"11546","ZSCAN5A",0.53926511979489,0.984388343305894,0.377012869802508,1,2372.46676115985,0.109323684565236
"11026","DDX49",0.539299683082983,0.984388343305894,0.376948630818353,1,2372.46676115985,-0.22098748460618
"6619","GATD1",0.539676941923781,0.984388343305894,0.376247951188077,1,2372.46676115985,-0.219817699943317
"3507","SERF1A",0.539748834907004,0.984388343305894,0.376114526732788,1,2372.46676115985,-0.833056962899783
"2383","HYAL2",0.540123547969574,0.984388343305894,0.375419632752284,1,2372.46676115985,-0.30128069514348
"216","DHDDS",0.540144194274479,0.984388343305894,0.375381370498271,1,2372.46676115985,-0.127815840204913
"4696","SEPTIN7",0.540154091674009,0.984388343305894,0.375363029338373,1,2372.46676115985,-0.0542545034048739
"5451","LAPTM4B",0.540223587609119,0.984388343305894,0.37523426174897,1,2372.46676115985,-0.417123297196157
"2363","TCTA",0.540231458863193,0.984388343305894,0.375219679179551,1,2372.46676115985,-0.190311119174927
"578","CDC7",0.540374727512554,0.984388343305894,0.374954322599985,1,2372.46676115985,-0.456206532459598
"7757","RAB21",0.540460965733248,0.984388343305894,0.374794657768874,1,2372.46676115985,-0.0772232652269624
"3139","PKD2",0.540577532727619,0.984388343305894,0.374578915347243,1,2372.46676115985,0.0919784107535395
"9100","NHLRC4",0.540643140111999,0.984388343305894,0.374457526621587,1,2372.46676115985,0.506610502960026
"8393","TRIM9",0.540730229214551,0.984388343305894,0.374296433552147,1,2372.46676115985,-0.690254151416008
"7451","GABARAPL1",0.540731303588331,0.984388343305894,0.374294446526675,1,2372.46676115985,-0.0951311539806811
"7871","UBE3B",0.540938203555698,0.984388343305894,0.37391192567485,1,2372.46676115985,-0.138243324434759
"5027","ARF5",0.541045920208944,0.984388343305894,0.373712883298185,1,2372.46676115985,0.200886665481815
"3574","MBLAC2",0.541245586858168,0.984388343305894,0.373344125196655,1,2372.46676115985,-0.366531919766256
"2000","RPE",0.541457115688927,0.984388343305894,0.37295373186853,1,2372.46676115985,-0.107190574467914
"7084","PDE2A",0.541478384057847,0.984388343305894,0.372914494911446,1,2372.46676115985,-0.337578041217372
"8155","SERPINE3",0.541495860151596,0.984388343305894,0.372882256255456,1,2372.46676115985,0.781519202979718
"5457","STK3",0.541533552996796,0.984388343305894,0.372812729686417,1,2372.46676115985,0.0636957169708701
"7354","B4GALNT3",0.541611866697131,0.984388343305894,0.372668304122197,1,2372.46676115985,0.659813500042869
"8545","ANGEL1",0.541648308538043,0.984388343305894,0.372601111435651,1,2372.46676115985,-0.0930394355412843
"7806","ELK3",0.541658068816454,0.984388343305894,0.372583116519369,1,2372.46676115985,0.175914348217934
"8981","HMG20A",0.541704364795699,0.984388343305894,0.372497769264094,1,2372.46676115985,0.0922255910277644
"11001","IL12RB1",0.541727644305294,0.984388343305894,0.372454858247821,1,2372.46676115985,-0.262666340737339
"8101","FOXO1",0.541748779748536,0.984388343305894,0.372415902317779,1,2372.46676115985,0.0911705210896644
"7438","A2M",0.54181843743789,0.984388343305894,0.372287532086839,1,2372.46676115985,-0.0747106505308134
"3084","THAP6",0.541975448305573,0.984388343305894,0.371998292451408,1,2372.46676115985,-0.147091057419774
"9083","SELENOS",0.541979098087541,0.984388343305894,0.371991570791779,1,2372.46676115985,-0.0964513473474813
"3274","RPS3A",0.542088497611472,0.984388343305894,0.37179013267517,1,2372.46676115985,0.0417679210480568
"7543","YAF2",0.542125526433137,0.984388343305894,0.371721968197283,1,2372.46676115985,0.0911316942567789
"5568","PLEC",0.542150247562819,0.984388343305894,0.371676465096842,1,2372.46676115985,-0.0994242255969938
"5310","GOLGA7",0.542167666310764,0.984388343305894,0.371644405465024,1,2372.46676115985,0.0947552631556693
"3854","THOC3",0.542224552486587,0.984388343305894,0.371539718277855,1,2372.46676115985,-0.218637327993849
"2974","PACRGL",0.542252708527089,0.984388343305894,0.371487910418516,1,2372.46676115985,0.15345210685892
"710","SRGAP2B",0.54228354804316,0.984388343305894,0.371431170578411,1,2372.46676115985,-0.0793732195952638
"328","C1orf109",0.542423110159262,0.984388343305894,0.371174472618623,1,2372.46676115985,0.252176254653338
"9349","KIF22",0.542545220500269,0.984388343305894,0.370949973673636,1,2372.46676115985,-0.235652064323679
"6287","TET1",0.542686763046892,0.984388343305894,0.370689865266069,1,2372.46676115985,0.524398157723592
"2660","CEP63",0.542823464824967,0.984388343305894,0.37043877128464,1,2372.46676115985,-0.120011239480522
"6148","SEC61A2",0.542824410262266,0.984388343305894,0.370437035110311,1,2372.46676115985,0.279307530008743
"11210","PSMC4",0.542884503728323,0.984388343305894,0.370326692608368,1,2372.46676115985,0.115238563549576
"9018","BTBD1",0.542888875501566,0.984388343305894,0.370318666118795,1,2372.46676115985,-0.099847615754799
"3467","GAPT",0.542923808699669,0.984388343305894,0.3702545337368,1,2372.46676115985,-0.291889875159777
"7994","RILPL1",0.542988866464084,0.984388343305894,0.370135117220266,1,2372.46676115985,-0.136575235225353
"1411","GALNT14",0.543076465842466,0.984388343305894,0.369974366223846,1,2372.46676115985,-0.362952390804585
"10871","ZNF653",0.543250037569397,0.984388343305894,0.369655991215612,1,2372.46676115985,-0.398604758655599
"8638","RCOR1",0.543282942827701,0.984388343305894,0.36959565570964,1,2372.46676115985,-0.0690403568557418
"3799","FAM114A2",0.543352058416809,0.984388343305894,0.36946894643512,1,2372.46676115985,0.153318087229124
"2224","TOP2B",0.543408682709016,0.984388343305894,0.369365159565895,1,2372.46676115985,0.0769702207806214
"10977","USE1",0.543414054147155,0.984388343305894,0.369355315274401,1,2372.46676115985,-0.171209586911701
"9750","CAMTA2",0.54342559510482,0.984388343305894,0.369334164646881,1,2372.46676115985,0.130824223104689
"11276","ZNF404",0.543481559916111,0.984388343305894,0.369231612052939,1,2372.46676115985,-0.865230151265187
"10082","TUBG1",0.543491620383956,0.984388343305894,0.369213178838677,1,2372.46676115985,-0.243774941503438
"11024","UPF1",0.543618515782559,0.984388343305894,0.368980729814277,1,2372.46676115985,-0.125669934033099
"471","ACOT11",0.543620752252121,0.984388343305894,0.368976633912159,1,2372.46676115985,0.120122301413948
"6190","PIP4K2A",0.543634288695323,0.984388343305894,0.368951843742102,1,2372.46676115985,-0.0547447046166037
"11747","CHMP4B",0.543746417092495,0.984388343305894,0.368746539538759,1,2372.46676115985,0.070452397287855
"11488","NDUFA3",0.543763379045991,0.984388343305894,0.368715489449863,1,2372.46676115985,0.0677182765813383
"10960","RAB8A",0.543842908097636,0.984388343305894,0.368569929602629,1,2372.46676115985,0.0634901734107488
"8680","ATP10A",0.543875449524695,0.984388343305894,0.368510381258233,1,2372.46676115985,0.127509357710923
"4247","TDRD6",0.543901198952988,0.984388343305894,0.368463266422796,1,2372.46676115985,-0.452185960947697
"6256","WASHC2A",0.544052795943123,0.98452395049403,0.368185966457364,1,2372.46676115985,-0.126310539117022
"11531","ZNF628",0.544129704866266,0.984524382159746,0.368045339896247,1,2372.46676115985,-0.391749417003902
"127","FBLIM1",0.544367688397702,0.984627182229002,0.367610424097402,1,2372.46676115985,-0.620378571469003
"2165","PRRT3",0.544424018786716,0.984627182229002,0.367507531568841,1,2372.46676115985,-0.497836527483089
"4030","HLA-A",0.544587336233045,0.984627182229002,0.367209328857571,1,2372.46676115985,0.0286947025349709
"6666","FAM160A2",0.544609803879029,0.984627182229002,0.367168317941276,1,2372.46676115985,-0.19088547458419
"9166","ELOB",0.544769875873785,0.984627182229002,0.366876223997236,1,2372.46676115985,0.049480925843694
"1601","MRPL19",0.544967087168149,0.984627182229002,0.366516577936552,1,2372.46676115985,-0.125007456998448
"3935","CDYL",0.544997709036036,0.984627182229002,0.366460755723622,1,2372.46676115985,-0.0688845083258588
"7650","MUCL1",0.545004485522669,0.984627182229002,0.366448403294943,1,2372.46676115985,0.773451839671163
"7918","PLBD2",0.545025900086468,0.984627182229002,0.366409369911708,1,2372.46676115985,-0.0863925083255268
"9852","TRIM16",0.545243641952905,0.984627182229002,0.366012642321821,1,2372.46676115985,-0.261592645733314
"7461","ETV6",0.545437558935606,0.984627182229002,0.365659570979396,1,2372.46676115985,-0.0409303639425709
"3603","PPIP5K2",0.545513983526283,0.984627182229002,0.365520486010705,1,2372.46676115985,0.0774324969394053
"3067","DCK",0.545562186186892,0.984627182229002,0.365432780658989,1,2372.46676115985,0.192043820460952
"10412","TSPAN10",0.545578076122222,0.984627182229002,0.365403871869654,1,2372.46676115985,0.576058721411381
"12680","AMMECR1",0.545580315564234,0.984627182229002,0.365399797745927,1,2372.46676115985,0.152586391501771
"5906","AKNA",0.545624285967226,0.984627182229002,0.365319810502625,1,2372.46676115985,0.0870682085011635
"4941","AP1S1",0.545651073426322,0.984627182229002,0.365271086879615,1,2372.46676115985,-0.116580760383401
"2197","MRPS25",0.545760221820862,0.984627182229002,0.365072603079856,1,2372.46676115985,-0.123087703066503
"12440","BCLAF3",0.545782446706519,0.984627182229002,0.365032196669458,1,2372.46676115985,0.140459807909878
"2504","NSUN3",0.545784505345131,0.984627182229002,0.365028454073675,1,2372.46676115985,0.0915353281388278
"935","FCGR3B",0.545796766848847,0.984627182229002,0.365006163257372,1,2372.46676115985,-0.562791580138657
"2205","BTD",0.546067367939612,0.984769051540078,0.364514460109533,1,2372.46676115985,0.137359215056101
"3676","C5orf15",0.546116574321635,0.984769051540078,0.364425096896064,1,2372.46676115985,0.122571602968117
"10937","PRKACA",0.546130104306398,0.984769051540078,0.364400527847652,1,2372.46676115985,0.0978130388544363
"4623","RPA3",0.546182165335132,0.984769051540078,0.364306000961372,1,2372.46676115985,-0.148581614658443
"349","MYCL",0.546332507105164,0.984868504518227,0.364033120246314,1,2372.46676115985,0.386684984278335
"945","UAP1",0.546476892158262,0.984868504518227,0.363771182654226,1,2372.46676115985,-0.224818189530529
"6921","STX5",0.546525448978267,0.984868504518227,0.363683121701919,1,2372.46676115985,-0.0968022752476946
"2279","ZNF620",0.546544113635767,0.984868504518227,0.363649275999274,1,2372.46676115985,-0.29763010987002
"2878","LRCH3",0.546742219675613,0.984881961555993,0.363290171219686,1,2372.46676115985,-0.0685043654974148
"8236","CUL4A",0.546799297291139,0.984881961555993,0.363186752092421,1,2372.46676115985,0.089815606509669
"2775","NLGN1",0.546893167012564,0.984881961555993,0.363016712865523,1,2372.46676115985,-0.703882039553815
"9114","CHTF18",0.546895845798127,0.984881961555993,0.363011861206723,1,2372.46676115985,-0.823727432484567
"9516","SLC9A5",0.54707475927886,0.984881961555993,0.362687923662633,1,2372.46676115985,-0.882649362240714
"6377","STAMBPL1",0.547194662734676,0.984881961555993,0.362470938886143,1,2372.46676115985,0.444299900627512
"10729","MPND",0.547198900243587,0.984881961555993,0.362463272044098,1,2372.46676115985,0.162435286939509
"4301","ELOVL4",0.547265150567858,0.984881961555993,0.362343420992548,1,2372.46676115985,0.756994861366103
"3014","APBB2",0.547360218972196,0.984881961555993,0.362171483369529,1,2372.46676115985,0.171017619179028
"137","NBPF1",0.547461713101729,0.984881961555993,0.36198798573076,1,2372.46676115985,-0.156326289370258
"1195","ACBD3",0.547678807943196,0.984881961555993,0.361595698845629,1,2372.46676115985,-0.0806383198352018
"10173","SPOP",0.547897632012676,0.984881961555993,0.361200580284284,1,2372.46676115985,0.0782914309805195
"5352","NSMAF",0.548069106101949,0.984881961555993,0.360891164420756,1,2372.46676115985,-0.0875741113936184
"10678","IZUMO4",0.548099774392097,0.984881961555993,0.360835844146525,1,2372.46676115985,-0.820542398573136
"7237","BCO2",0.548323788053221,0.984881961555993,0.360431937353258,1,2372.46676115985,-0.31070829271082
"7803","AMDHD1",0.548425376618919,0.984881961555993,0.360248869974015,1,2372.46676115985,-0.330104094904907
"5541","SLC45A4",0.548676239274369,0.984881961555993,0.359797074572758,1,2372.46676115985,0.127336358544384
"8713","AQR",0.54870941442307,0.984881961555993,0.359737356081103,1,2372.46676115985,0.0941079297288529
"211","ZNF593",0.548746888875102,0.984881961555993,0.359669906532012,1,2372.46676115985,0.140530273566188
"12097","UFD1",0.548847872362766,0.984881961555993,0.3594881910878,1,2372.46676115985,0.108761282655251
"940","ATF6",0.549038818429835,0.984881961555993,0.359144762436056,1,2372.46676115985,-0.0571976754536533
"8225","COL4A2",0.549112732587189,0.984881961555993,0.359011883007996,1,2372.46676115985,0.390395044178533
"8565","GTF2A1",0.549188419141893,0.984881961555993,0.358875851871429,1,2372.46676115985,0.109764958056132
"4179","BTBD9",0.549250901235531,0.984881961555993,0.358763579452946,1,2372.46676115985,0.0727309010709033
"3747","ARAP3",0.549380786389111,0.984881961555993,0.358530268629673,1,2372.46676115985,0.509941942630714
"11288","ZNF227",0.549506183680884,0.984881961555993,0.358305117097936,1,2372.46676115985,0.215787229754028
"9560","NOB1",0.549517079131515,0.984881961555993,0.358285558791998,1,2372.46676115985,-0.232272083100913
"10405","TEPSIN",0.549559689445367,0.984881961555993,0.358209076439976,1,2372.46676115985,0.209082979781145
"1401","PPP1CB",0.549698168930157,0.984881961555993,0.357960592610357,1,2372.46676115985,0.0637729788559891
"9112","CIAO3",0.549835200668292,0.984881961555993,0.357714821818455,1,2372.46676115985,0.237603849846575
"2701","PLSCR4",0.549856261221174,0.984881961555993,0.357677059205236,1,2372.46676115985,-0.549895198878433
"3272","DCLK2",0.549910173797342,0.984881961555993,0.357580403620373,1,2372.46676115985,0.772662934843142
"12627","DIAPH2",0.550242683129968,0.984881961555993,0.356984665820919,1,2372.46676115985,-0.0622141999028014
"12707","C1GALT1C1",0.550244011284259,0.984881961555993,0.356982287595028,1,2372.46676115985,0.182386976603361
"7558","RAPGEF3",0.550255894646254,0.984881961555993,0.356961009431833,1,2372.46676115985,0.703050276989515
"1856","METTL8",0.550262865300468,0.984881961555993,0.356948528287263,1,2372.46676115985,-0.14084688501837
"11980","SOD1",0.550452162661295,0.984881961555993,0.356609699437758,1,2372.46676115985,-0.069386282864067
"7348","VPS26B",0.550493006398359,0.984881961555993,0.356536620674674,1,2372.46676115985,-0.131780398147585
"1057","CDC73",0.550677763696417,0.984881961555993,0.356206174616519,1,2372.46676115985,0.0633048651823528
"7187","ARHGAP42",0.55069845033243,0.984881961555993,0.356169188648955,1,2372.46676115985,0.708233972051118
"2747","IQCJ-SCHIP1",0.550749805173482,0.984881961555993,0.356077381764349,1,2372.46676115985,-0.641577873394678
"5744","APBA1",0.550883267409685,0.984881961555993,0.355838866791719,1,2372.46676115985,-0.148164546483808
"1385","SNX17",0.551109586718755,0.984881961555993,0.35543465134277,1,2372.46676115985,0.101791866311093
"1683","TXNDC9",0.551137600482356,0.984881961555993,0.355384639283931,1,2372.46676115985,-0.125038175026231
"12543","HUWE1",0.551239042594747,0.984881961555993,0.355203577891083,1,2372.46676115985,-0.0696508058667611
"2801","MAP6D1",0.551251410216345,0.984881961555993,0.355181507520678,1,2372.46676115985,-0.594235228229903
"8968","SNUPN",0.551259215726837,0.984881961555993,0.355167578844848,1,2372.46676115985,-0.161418213464481
"8971","UBE2Q2",0.551295476142055,0.984881961555993,0.35510287818432,1,2372.46676115985,0.0835926318211488
"183","LYPLA2",0.551338855443405,0.984881961555993,0.35502548555227,1,2372.46676115985,0.128983456267352
"9502","CBFB",0.551369226178335,0.984881961555993,0.354971308192012,1,2372.46676115985,-0.0831265974228658
"5513","TATDN1",0.551392702450234,0.984881961555993,0.354929433477436,1,2372.46676115985,-0.124631814498409
"3249","CLGN",0.551399443070527,0.984881961555993,0.354917410826102,1,2372.46676115985,-0.682310037493934
"9478","USB1",0.551587442962831,0.984881961555993,0.354582203102068,1,2372.46676115985,0.129534934328519
"8727","BUB1B",0.551635258216247,0.984881961555993,0.354496981730431,1,2372.46676115985,0.703505944712598
"6781","CD44",0.551662954279003,0.984881961555993,0.354447625241142,1,2372.46676115985,-0.055051407201952
"5375","NCOA2",0.551755880981087,0.984881961555993,0.354282056797968,1,2372.46676115985,-0.0532512334429316
"549","CTBS",0.551766586244488,0.984881961555993,0.354262986487181,1,2372.46676115985,0.0805347510775239
"5619","CDC37L1",0.551770864221274,0.984881961555993,0.354255365911893,1,2372.46676115985,0.142718282980289
"431","ATPAF1",0.551813797648565,0.984881961555993,0.354178892584866,1,2372.46676115985,0.128936364654673
"12478","KDM6A",0.551871355925281,0.984881961555993,0.35407638691135,1,2372.46676115985,-0.0680438360543783
"9879","DRG2",0.551941674546865,0.984881961555993,0.353951183571657,1,2372.46676115985,-0.18999592435748
"10836","ICAM4",0.552453913719743,0.984881961555993,0.35304003832381,1,2372.46676115985,0.39064191959694
"8635","CINP",0.552578538152442,0.984881961555993,0.352818602957567,1,2372.46676115985,-0.117217578834808
"3776","HMGXB3",0.552639051118629,0.984881961555993,0.352711116115576,1,2372.46676115985,-0.0872280978138778
"10586","ZNF532",0.552730645582348,0.984881961555993,0.352548462550592,1,2372.46676115985,0.12699037600806
"4611","CYTH3",0.552753827398075,0.984881961555993,0.352507304298939,1,2372.46676115985,0.151613032829229
"9945","TIAF1",0.552865103206986,0.984881961555993,0.352309784433704,1,2372.46676115985,0.583489526411677
"10858","SMARCA4",0.552884100816298,0.984881961555993,0.35227607025282,1,2372.46676115985,0.0956636091815727
"7978","RSRC2",0.552937812863123,0.984881961555993,0.352180761764285,1,2372.46676115985,-0.0721359374670763
"2140","LRRN1",0.552990415260102,0.984881961555993,0.352087439175985,1,2372.46676115985,0.715311845905269
"8778","TP53BP1",0.553088431957151,0.984881961555993,0.351913591098027,1,2372.46676115985,0.123669467192733
"9914","NLK",0.553259845965331,0.984881961555993,0.351609700796361,1,2372.46676115985,0.066668718544955
"11740","CDK5RAP1",0.553326879529592,0.984881961555993,0.351490909001168,1,2372.46676115985,-0.105104403608221
"10547","EPG5",0.553333203077005,0.984881961555993,0.351479704290554,1,2372.46676115985,0.0860543477932214
"10603","TMX3",0.553366378637272,0.984881961555993,0.351420924381354,1,2372.46676115985,0.101979348060964
"5512","RNF139",0.553381846602906,0.984881961555993,0.351393520766334,1,2372.46676115985,-0.175470056641039
"8716","C15orf41",0.553483499646571,0.984881961555993,0.351213464432717,1,2372.46676115985,0.173213587925317
"2173","SEC13",0.553511503538289,0.984881961555993,0.351163872562961,1,2372.46676115985,-0.125745554831714
"10040","ORMDL3",0.553533556704262,0.984881961555993,0.351124822116282,1,2372.46676115985,-0.241802620730778
"1236","NTPCR",0.553629312960964,0.984881961555993,0.35095529660486,1,2372.46676115985,0.0927650344114544
"10895","ZNF564",0.55366823087117,0.984881961555993,0.350886412697268,1,2372.46676115985,-0.18796107806752
"11261","PHLDB3",0.553671077135319,0.984881961555993,0.350881375226179,1,2372.46676115985,-0.251736448288054
"12139","SLC2A11",0.553692854287895,0.984881961555993,0.350842834469208,1,2372.46676115985,0.240292858769898
"10846","ATG4D",0.553788640788091,0.984881961555993,0.350673347438128,1,2372.46676115985,-0.241940471027488
"1519","UGP2",0.553836089773566,0.984881961555993,0.35058941050073,1,2372.46676115985,0.0745085941932
"10025","CWC25",0.553878864812835,0.984881961555993,0.350513753373191,1,2372.46676115985,0.128720574558963
"1507","PEX13",0.553921758908057,0.984881961555993,0.350437896741251,1,2372.46676115985,0.116044788913862
"9811","KDM6B",0.554010696515012,0.984881961555993,0.35028064917215,1,2372.46676115985,0.171702098158501
"3224","NUDT6",0.554279560620175,0.984881961555993,0.34980556935242,1,2372.46676115985,-0.229636837808875
"3323","SAP30",0.554284925586174,0.984881961555993,0.349796093947208,1,2372.46676115985,0.128215625331005
"153","SLC66A1",0.554464804759288,0.984881961555993,0.349478498240888,1,2372.46676115985,0.18595983434555
"11061","ZNF431",0.554546480175612,0.984881961555993,0.349334355913543,1,2372.46676115985,-0.103936644225036
"11647","ITPA",0.554548221577886,0.984881961555993,0.349331283090543,1,2372.46676115985,-0.124431982115041
"12170","ZNRF3",0.55455393515378,0.984881961555993,0.349321201224534,1,2372.46676115985,0.391514487027285
"8073","SLC7A1",0.554585389759871,0.984881961555993,0.34926570164863,1,2372.46676115985,-0.426927509141784
"11068","ZNF257",0.554610674364137,0.984881961555993,0.349221092947012,1,2372.46676115985,-0.63772359841021
"5987","SLC27A4",0.554650127661171,0.984881961555993,0.349151494618007,1,2372.46676115985,-0.111089500839478
"6642","TSSC4",0.554720775315882,0.984881961555993,0.349026890678071,1,2372.46676115985,0.138177812916295
"89","KIF1B",0.554820636283453,0.984881961555993,0.34885081328478,1,2372.46676115985,-0.0641680756224341
"11974","USP16",0.554910702069139,0.984881961555993,0.348692058398961,1,2372.46676115985,-0.09550076722043
"5482","EIF3E",0.554967000996307,0.984881961555993,0.348592847578112,1,2372.46676115985,0.0630935685366987
"9336","SH2B1",0.554984764734652,0.984881961555993,0.348561548000869,1,2372.46676115985,-0.162854467267425
"2709","WWTR1",0.555175561920711,0.984881961555993,0.34822548422598,1,2372.46676115985,-0.383784485242976
"574","LRRC8C",0.555309477037185,0.984881961555993,0.347989741133713,1,2372.46676115985,0.108864337519943
"9918","TMEM199",0.555408795646585,0.984881961555993,0.347814970948037,1,2372.46676115985,-0.145268688937001
"10060","KLHL11",0.555450338323991,0.984881961555993,0.347741886171776,1,2372.46676115985,-0.352572672426795
"6797","CD82",0.555485191535741,0.984881961555993,0.34768057795453,1,2372.46676115985,0.0792738777683643
"9322","KIAA0556",0.555501238329682,0.984881961555993,0.347652353440247,1,2372.46676115985,-0.130722993125609
"12751","ATP11C",0.555570602404469,0.984881961555993,0.347530367558749,1,2372.46676115985,-0.108817520955257
"2697","CHST2",0.555580832932343,0.984881961555993,0.347512378266087,1,2372.46676115985,-0.205728183729492
"6204","RAB18",0.555612648177843,0.984881961555993,0.347456438558045,1,2372.46676115985,0.0709552339141909
"12190","RNF215",0.555648789498227,0.984881961555993,0.34739289981477,1,2372.46676115985,-0.193456398484233
"4659","STK31",0.555685801868888,0.984881961555993,0.347327837823768,1,2372.46676115985,0.730152619867604
"9181","ZNF263",0.555809905457973,0.984881961555993,0.347109742925665,1,2372.46676115985,-0.188076155850461
"3552","THBS4",0.55584085217759,0.984881961555993,0.347055372718802,1,2372.46676115985,0.515774630171196
"3691","PCBD2",0.555861163090322,0.984881961555993,0.34701969165005,1,2372.46676115985,-0.125129902215472
"8862","FAM81A",0.55589800991317,0.984881961555993,0.346954967532074,1,2372.46676115985,0.466139739106109
"1224","TTC13",0.555949756898093,0.984881961555993,0.346864083926337,1,2372.46676115985,0.151140567997587
"8917","CLN6",0.556086977890307,0.984881961555993,0.346623159330502,1,2372.46676115985,0.123547793556649
"7959","P2RX7",0.55613371174797,0.984881961555993,0.346541132486607,1,2372.46676115985,-0.189804363425666
"314","TRAPPC3",0.556165247860051,0.984881961555993,0.346485787974446,1,2372.46676115985,-0.105903467936499
"4499","GINM1",0.556172026436982,0.984881961555993,0.346473892642355,1,2372.46676115985,0.0865724911246886
"3700","PKD2L2",0.556264149084321,0.984881961555993,0.346312259201646,1,2372.46676115985,0.255806928280481
"10493","CEP76",0.5564425209067,0.984881961555993,0.345999441906043,1,2372.46676115985,-0.233221336356324
"11663","TMEM230",0.556492895134699,0.984881961555993,0.345911133202556,1,2372.46676115985,0.0819989229617826
"8899","SLC24A1",0.55661320544166,0.984881961555993,0.345700284206221,1,2372.46676115985,0.186103135746463
"9959","TEFM",0.556619586802006,0.984881961555993,0.345689103013246,1,2372.46676115985,-0.137195763268066
"3690","TXNDC15",0.556669329481273,0.984881961555993,0.345601953998375,1,2372.46676115985,0.140133596726422
"12425","AP1S2",0.556693609173883,0.984881961555993,0.345559421423981,1,2372.46676115985,-0.0682942151972068
"9246","PARN",0.556696134068926,0.984881961555993,0.345554998576493,1,2372.46676115985,-0.0841165226790111
"6018","FNBP1",0.556970107182402,0.984881961555993,0.345075307313735,1,2372.46676115985,-0.0478057651809547
"8309","IRF9",0.556981901057754,0.984881961555993,0.345054667835151,1,2372.46676115985,-0.0913903527291679
"8895","PARP16",0.557089076547587,0.984881961555993,0.344867146992347,1,2372.46676115985,0.258898210934964
"10785","PNPLA6",0.557093799351367,0.984881961555993,0.344858885260707,1,2372.46676115985,-0.10480072945802
"9738","VMO1",0.557165624864847,0.984881961555993,0.344733255300984,1,2372.46676115985,0.0905731982806674
"8294","BCL2L2-PABPN1",0.5571753223273,0.984881961555993,0.344716295833974,1,2372.46676115985,-0.206378699155902
"12058","FAM207A",0.557287136729093,0.984881961555993,0.344520789051204,1,2372.46676115985,-0.139140885837725
"1410","LCLAT1",0.557403748920675,0.984881961555993,0.34431697279101,1,2372.46676115985,0.146792132089843
"5321","CHRNA6",0.557648950208476,0.984881961555993,0.343888671297893,1,2372.46676115985,-0.822903318966892
"5150","ABCF2",0.557658410111555,0.984881961555993,0.343872154538249,1,2372.46676115985,-0.200942480263124
"10288","ARSG",0.557698700265543,0.984881961555993,0.343801814883766,1,2372.46676115985,0.112788851634095
"6940","VEGFB",0.557792621378246,0.984881961555993,0.34363788237031,1,2372.46676115985,-0.0712966614985046
"1522","LGALSL",0.557808703707903,0.984881961555993,0.343609817093868,1,2372.46676115985,-0.798970844907079
"4142","SMIM29",0.55781259274513,0.984881961555993,0.343603030565522,1,2372.46676115985,0.156094886617505
"5307","ADAM9",0.557816436729147,0.984881961555993,0.343596322745356,1,2372.46676115985,0.0549294358748509
"7596","FAM186A",0.557832293992993,0.984881961555993,0.343568652469243,1,2372.46676115985,-0.58528533228794
"7066","LTO1",0.55794468714356,0.984881961555993,0.343372573929804,1,2372.46676115985,-0.221938158877268
"10086","CNTNAP1",0.557988729150686,0.984881961555993,0.343295759748214,1,2372.46676115985,0.69429475388336
"5849","NR4A3",0.558032359462003,0.984881961555993,0.343219674991847,1,2372.46676115985,-0.35692931099822
"640","GSTM2",0.558096837063875,0.984881961555993,0.343107256407218,1,2372.46676115985,-0.621078529268153
"9757","RABEP1",0.558133014114396,0.984881961555993,0.343044191493202,1,2372.46676115985,0.0635137462471978
"5038","CCDC136",0.558232575301644,0.984922300006651,0.342870673651824,1,2372.46676115985,-0.592915995907543
"1405","TOGARAM2",0.558319027550062,0.984939501685719,0.342720050226642,1,2372.46676115985,0.435661585321381
"9640","MTHFSD",0.558428745803655,0.98499773693197,0.342528955043871,1,2372.46676115985,-0.225807955203753
"4328","GABRR2",0.558545495816819,0.985055184690585,0.342325691282418,1,2372.46676115985,-0.651992997817685
"704","SEC22B",0.558689618877658,0.985055184690585,0.342074882258064,1,2372.46676115985,-0.06281246412075
"2675","FAIM",0.558755387993627,0.985055184690585,0.341960469061338,1,2372.46676115985,-0.269659880883173
"6957","ATG2A",0.55893197332725,0.985055184690585,0.341653404907513,1,2372.46676115985,-0.191551053380399
"7221","FDX1",0.559190339523992,0.985055184690585,0.341204465439592,1,2372.46676115985,0.0782020872962953
"3595","LNPEP",0.55919345158076,0.985055184690585,0.341199060314328,1,2372.46676115985,-0.0690264983527548
"5679","NOL6",0.559218777541935,0.985055184690585,0.34115507546502,1,2372.46676115985,0.383242872458075
"1000","CACYBP",0.559250941685467,0.985055184690585,0.341099219887685,1,2372.46676115985,0.0790337069123092
"12828","MT-CO3",0.5593867866147,0.985055184690585,0.340863382074591,1,2372.46676115985,-0.0270883908008562
"2652","UBA5",0.559471381166524,0.985055184690585,0.340716574327185,1,2372.46676115985,-0.154389711824458
"6002","LRRC8A",0.559472189982914,0.985055184690585,0.340715170889265,1,2372.46676115985,-0.218201522335466
"485","NFIA",0.559630878550116,0.985055184690585,0.340439893426455,1,2372.46676115985,-0.104514968170346
"5571","SPATC1",0.559783547626162,0.985055184690585,0.340175198726436,1,2372.46676115985,-0.505681256087547
"5778","HNRNPK",0.55998649092788,0.985055184690585,0.339823553104009,1,2372.46676115985,-0.0509271737871978
"511","GADD45A",0.560066725551639,0.985055184690585,0.339684595497496,1,2372.46676115985,-0.147719395959944
"302","SFPQ",0.560103818725914,0.985055184690585,0.339620367038983,1,2372.46676115985,-0.0648993333357877
"10182","XYLT2",0.56010498410189,0.985055184690585,0.339618349271177,1,2372.46676115985,0.200907363996733
"11447","ZNF577",0.560147483292514,0.985055184690585,0.339544770351497,1,2372.46676115985,0.121235684241895
"1551","TIA1",0.560199459774058,0.985055184690585,0.339454797897858,1,2372.46676115985,0.101576739091639
"12152","KIAA1671",0.560480778662611,0.985055184690585,0.338968105660627,1,2372.46676115985,-0.330475519385141
"7468","CDKN1B",0.560541050185361,0.985055184690585,0.338863894475967,1,2372.46676115985,0.114755591489648
"9366","TBX6",0.56060176654422,0.985055184690585,0.338758935846194,1,2372.46676115985,0.483247669894585
"8307","PSME2",0.560602483453903,0.985055184690585,0.338757696674987,1,2372.46676115985,-0.0620435603191973
"4454","PDE7B",0.56064952721419,0.985055184690585,0.338676388638913,1,2372.46676115985,0.182455445666885
"7807","CDK17",0.560678777941255,0.985055184690585,0.33862583976109,1,2372.46676115985,-0.07213712637097
"2044","GLB1L",0.560978288899689,0.985055184690585,0.338108538273855,1,2372.46676115985,0.279279880154076
"9328","IL27",0.561001570924343,0.985055184690585,0.3380683488028,1,2372.46676115985,0.283335264648698
"5908","ATP6V1G1",0.561101942368291,0.985055184690585,0.33789512403452,1,2372.46676115985,0.0479476211531162
"10258","STRADA",0.561116352963194,0.985055184690585,0.337870258570167,1,2372.46676115985,-0.0812906240905414
"12276","APOBEC3H",0.561124888439912,0.985055184690585,0.337855531192521,1,2372.46676115985,-0.244790366556087
"4567","FAM20C",0.561201153951214,0.985055184690585,0.337723959361896,1,2372.46676115985,-0.052014742698909
"5308","ADAM32",0.561219561536523,0.985055184690585,0.337692208076213,1,2372.46676115985,-0.251799163834675
"4494","UST",0.56139757835145,0.985055184690585,0.337385249481573,1,2372.46676115985,0.177090605197027
"8095","SUPT20H",0.561499501688825,0.985055184690585,0.337209584698194,1,2372.46676115985,0.0866451206668256
"11100","GPI",0.561890480388039,0.985055184690585,0.336536300440187,1,2372.46676115985,0.0665914909600112
"9093","AXIN1",0.56201979201309,0.985055184690585,0.336313817449866,1,2372.46676115985,-0.164290712049399
"3521","ARHGEF28",0.562098637347915,0.985055184690585,0.336178210869603,1,2372.46676115985,0.824900865897067
"4262","ELOVL5",0.562138100130288,0.985055184690585,0.336110352306235,1,2372.46676115985,-0.101678376738597
"9558","NFAT5",0.562145774662399,0.985055184690585,0.33609715656222,1,2372.46676115985,-0.0566772316195794
"6489","AS3MT",0.562145915660084,0.985055184690585,0.336096914131218,1,2372.46676115985,0.320386168357909
"12271","APOBEC3A",0.562219743325651,0.985055184690585,0.33596999110647,1,2372.46676115985,-0.27544861614072
"9203","C16orf96",0.562240985060378,0.985055184690585,0.335933478679815,1,2372.46676115985,0.494371647101174
"8054","MIPEP",0.562399005683506,0.985055184690585,0.335661940163497,1,2372.46676115985,-0.164681848941772
"3132","AFF1",0.562460408432231,0.985055184690585,0.335556466843996,1,2372.46676115985,-0.0501741157503986
"507","MIER1",0.562495496551449,0.985055184690585,0.335496204881738,1,2372.46676115985,0.0609677946009985
"10492","PSMG2",0.562522319478418,0.985055184690585,0.335450142818099,1,2372.46676115985,-0.0815681261296515
"2191","LSM3",0.562526407698164,0.985055184690585,0.335443122633854,1,2372.46676115985,-0.0783153202131291
"4760","ZNF736",0.562555823177195,0.985055184690585,0.335392614033398,1,2372.46676115985,0.118197818450902
"2091","INPP5D",0.562618028957672,0.985055184690585,0.335285818732662,1,2372.46676115985,0.0558133236141146
"1244","RBM34",0.562657021830118,0.985055184690585,0.335218887086415,1,2372.46676115985,0.421229745295621
"2070","FBXO36",0.562697624544073,0.985055184690585,0.335149201612901,1,2372.46676115985,0.208993698570339
"4216","KLC4",0.562736687177129,0.985055184690585,0.335082168472331,1,2372.46676115985,0.188635621582657
"10410","FAAP100",0.562901727049042,0.985055184690585,0.334799051817954,1,2372.46676115985,-0.269049434516278
"5740","FAM122A",0.562905313091593,0.985055184690585,0.334792901935903,1,2372.46676115985,-0.236427335348211
"7704","DCTN2",0.562993912259048,0.985055184690585,0.334640982775674,1,2372.46676115985,-0.102173492564572
"2911","MXD4",0.563071869284878,0.985055184690585,0.334507349530535,1,2372.46676115985,0.0962734986784514
"4449","SLC2A12",0.563158229272023,0.985055184690585,0.334359353582901,1,2372.46676115985,-0.491507966257405
"11988","PAXBP1",0.563206066119902,0.985055184690585,0.334277393918742,1,2372.46676115985,0.0848940424683904
"9158","CCNF",0.563221343682208,0.985055184690585,0.334251221442383,1,2372.46676115985,0.38716819426929
"8961","PPCDC",0.56322635306615,0.985055184690585,0.334242640005575,1,2372.46676115985,-0.149037475592424
"2398","DCAF1",0.563228638864575,0.985055184690585,0.334238724316478,1,2372.46676115985,-0.144285320571396
"1439","ATL2",0.563233036067204,0.985055184690585,0.334231191770529,1,2372.46676115985,-0.11832383916493
"6411","ENTPD1",0.563454495527558,0.985055184690585,0.333851971230097,1,2372.46676115985,0.0790365905860895
"2280","ZNF621",0.56359756126705,0.985055184690585,0.3336071423938,1,2372.46676115985,0.122582331781827
"1544","AAK1",0.563688339163757,0.985055184690585,0.333451856008212,1,2372.46676115985,0.0484030727586143
"4540","WTAP",0.563717740574116,0.985055184690585,0.333401571735046,1,2372.46676115985,-0.0726005309093415
"1994","PLEKHM3",0.56377689816473,0.985055184690585,0.333300411758028,1,2372.46676115985,0.0872769301407827
"10169","GNGT2",0.563821715473126,0.985055184690585,0.333223787409576,1,2372.46676115985,0.175696428733538
"9237","TXNDC11",0.563985092448719,0.985055184690585,0.332944560509752,1,2372.46676115985,-0.0910449581377722
"9193","CREBBP",0.564061567945859,0.985055184690585,0.332813910165134,1,2372.46676115985,-0.0592643158368347
"3992","DCDC2",0.564137219219569,0.985055184690585,0.332684701541583,1,2372.46676115985,-0.882682400188774
"1200","COQ8A",0.564220376992319,0.985055184690585,0.33254271076248,1,2372.46676115985,0.122226630718902
"1251","GPR137B",0.564289550657555,0.985055184690585,0.332424628429266,1,2372.46676115985,0.0612669614970207
"3143","HERC5",0.564380971142676,0.985055184690585,0.332268612707804,1,2372.46676115985,-0.0691524267819615
"9866","MPRIP",0.564442545521487,0.985055184690585,0.332163559038682,1,2372.46676115985,0.1099696592881
"3085","G3BP2",0.564467624890669,0.985055184690585,0.332120776808512,1,2372.46676115985,0.0643530648705443
"7574","ARF3",0.564517237405306,0.985055184690585,0.332036154949292,1,2372.46676115985,0.0732984258113576
"11300","APOE",0.564544086866964,0.985055184690585,0.331990365006573,1,2372.46676115985,-0.0485576047584552
"7176","KDM4D",0.564561770285441,0.985055184690585,0.331960209428523,1,2372.46676115985,0.361911903502512
"6677","ILK",0.5646262873692,0.985055184690585,0.331850203752831,1,2372.46676115985,0.079020476006171
"12177","NEFH",0.564691173548288,0.985055184690585,0.331739593235154,1,2372.46676115985,0.401773759090226
"2316","XCR1",0.564751675857962,0.985055184690585,0.331636477956936,1,2372.46676115985,0.677057081720607
"552","WDR63",0.564852558359225,0.985090419356788,0.331464589387043,1,2372.46676115985,-0.359277853073277
"11462","ZNF528",0.564925305516968,0.985090419356788,0.331340676015154,1,2372.46676115985,-0.193645201795735
"592","DNTTIP2",0.565080419061291,0.985099757774035,0.331076567406748,1,2372.46676115985,0.103753644630616
"9076","MEF2A",0.565101338145978,0.985099757774035,0.331040959642878,1,2372.46676115985,-0.0461512492976828
"3379","SEMA5A",0.565264387513047,0.985099757774035,0.330763509830754,1,2372.46676115985,0.304450716057464
"685","CSDE1",0.565274491712243,0.985099757774035,0.33074632130878,1,2372.46676115985,-0.0444253694166883
"1495","RPS27A",0.565318989322055,0.985099757774035,0.330670632313566,1,2372.46676115985,0.0365479600033343
"783","PI4KB",0.565405495827896,0.985099757774035,0.330523520527554,1,2372.46676115985,-0.11186798444684
"12410","TMSB4X",0.56547008404299,0.985099757774035,0.330413711085295,1,2372.46676115985,0.0347868262509887
"12302","ACO2",0.565544382393131,0.985099757774035,0.330287423008784,1,2372.46676115985,0.0948718935567564
"4263","GCLC",0.565948599735059,0.985572181748984,0.3296009199467,1,2372.46676115985,-0.0900990641946168
"7484","STRAP",0.565969104292268,0.985572181748984,0.32956612131376,1,2372.46676115985,-0.107460424051001
"6477","PSD",0.566293410278899,0.986003211036115,0.329016060845421,1,2372.46676115985,-0.808508540762666
"8020","EP400",0.566505587062868,0.986091258757619,0.328656514855954,1,2372.46676115985,-0.0889402918577412
"11893","TFAP2C",0.566586416566425,0.986091258757619,0.328519613224937,1,2372.46676115985,-0.588365201232575
"2221","RPL15",0.566586835854814,0.986091258757619,0.328518903171343,1,2372.46676115985,0.0339832222909663
"6250","VSTM4",0.56665114853769,0.986091258757619,0.328410003445559,1,2372.46676115985,0.560943965574886
"8063","USP12",0.566908525912628,0.986226675928337,0.327974430079416,1,2372.46676115985,0.080191016675006
"4042","ATAT1",0.566928337899141,0.986226675928337,0.327940917117139,1,2372.46676115985,0.269690402351473
"1041","RNF2",0.567059689450291,0.986226675928337,0.327718786932027,1,2372.46676115985,-0.119157219024444
"5504","TBC1D31",0.567107936730016,0.986226675928337,0.327637220470115,1,2372.46676115985,-0.15025429151294
"4035","RPP21",0.567275878632933,0.986226675928337,0.327353404344082,1,2372.46676115985,-0.137875544316681
"3841","UBTD2",0.567322859707151,0.986226675928337,0.327274037141974,1,2372.46676115985,-0.13283498534171
"132","CPLANE2",0.567403721189517,0.986226675928337,0.327137464179198,1,2372.46676115985,0.680582500347221
"4197","BYSL",0.567439175201471,0.986226675928337,0.327077595194407,1,2372.46676115985,0.388676296803094
"12580","PJA1",0.567490949990839,0.986226675928337,0.326990179389861,1,2372.46676115985,-0.370101188864773
"5627","RIC1",0.567546575988273,0.986226675928337,0.326896278537787,1,2372.46676115985,0.0617667875780593
"1953","BZW1",0.567573797610031,0.986226675928337,0.326850332921224,1,2372.46676115985,-0.05865585258533
"5881","ZNF483",0.567814312575893,0.98626137495938,0.326444569382319,1,2372.46676115985,0.346429409933259
"11411","PNKP",0.567850952638157,0.98626137495938,0.326382784688005,1,2372.46676115985,0.131654108849428
"6772","FBXO3",0.567859898387794,0.98626137495938,0.326367701000679,1,2372.46676115985,-0.165112241280524
"9183","ZNF75A",0.567970736899154,0.98626137495938,0.326180851327302,1,2372.46676115985,-0.113971159545238
"2150","SETD5",0.567977795173633,0.98626137495938,0.326168955011727,1,2372.46676115985,-0.059014761680305
"3485","SHLD3",0.568070143692214,0.986288360620839,0.326013333402993,1,2372.46676115985,0.38027954115502
"8097","PROSER1",0.568215648178898,0.986407616366801,0.325768235630388,1,2372.46676115985,-0.15656845865575
"3364","CEP72",0.568348749364974,0.986423358466262,0.325544137838947,1,2372.46676115985,0.348326478576406
"6911","UBXN1",0.568378352876869,0.986423358466262,0.325494309340777,1,2372.46676115985,-0.0629553459694423
"4299","LCA5",0.568589989859112,0.986657305375791,0.325138230152606,1,2372.46676115985,-0.257955670084284
"7661","DGKA",0.568685420072446,0.986689566160017,0.324977753309062,1,2372.46676115985,0.141128564565069
"1171","TAF1A",0.569012947270576,0.987065493059464,0.3244273778781,1,2372.46676115985,-0.300726367389112
"9587","GLG1",0.569055824711409,0.987065493059464,0.324355372527591,1,2372.46676115985,0.0512702796394915
"6262","IPMK",0.569256863509066,0.987280846072382,0.324017903276173,1,2372.46676115985,-0.0783582807612167
"10636","PTBP1",0.569497166876111,0.987378219721321,0.32361482852587,1,2372.46676115985,-0.0914179527572976
"9783","GABARAP",0.569517203632925,0.987378219721321,0.323581234712509,1,2372.46676115985,-0.0354362222314591
"2088","EFHD1",0.5695523734149,0.987378219721321,0.323522274309182,1,2372.46676115985,0.763993721797474
"9051","GDPGP1",0.569626870551783,0.987378219721321,0.323397407018201,1,2372.46676115985,-0.313676907295651
"5036","FAM71F2",0.569723112013539,0.987378219721321,0.323236140512683,1,2372.46676115985,-0.431933561321196
"8881","PPIB",0.569774364000856,0.987378219721321,0.32315028210389,1,2372.46676115985,-0.0667806704129634
"1924","STAT4",0.56990652641709,0.987446516976921,0.322928950462695,1,2372.46676115985,-0.0739787137929526
"9343","NPIPB11",0.569967571359936,0.987446516976921,0.322826752713759,1,2372.46676115985,-0.567718505690052
"7989","CDK2AP1",0.570273684465231,0.987843569704308,0.322314599250601,1,2372.46676115985,0.15166570104554
"3250","ELMOD2",0.570628318372802,0.98829499658275,0.321721938374322,1,2372.46676115985,-0.143190862983655
"2492","ROBO1",0.57073410330222,0.98829499658275,0.321545291171711,1,2372.46676115985,-0.54102617043029
"1736","ACTR3",0.570765181423384,0.98829499658275,0.321493406897561,1,2372.46676115985,0.0470444889497325
"4000","GMNN",0.570936700697836,0.988359415071093,0.321207158561244,1,2372.46676115985,-0.188586037947055
"7171","ANKRD49",0.571008530099932,0.988359415071093,0.321087332589725,1,2372.46676115985,0.142126666811942
"4765","ZNF117",0.571107159987839,0.988359415071093,0.320922846102678,1,2372.46676115985,-0.148360155644847
"5315","AP3M2",0.571114649951939,0.988359415071093,0.320910357255841,1,2372.46676115985,-0.198904163030517
"11665","CDS2",0.571304997490845,0.988359415071093,0.320593077442644,1,2372.46676115985,-0.078836617653469
"10013","DUSP14",0.571334059513058,0.988359415071093,0.320544653797352,1,2372.46676115985,-0.230699935810041
"1811","ARL6IP6",0.571341167983235,0.988359415071093,0.320532810276277,1,2372.46676115985,-0.111119908764969
"399","ARMH1",0.572026488984324,0.988934057596567,0.319392343321167,1,2372.46676115985,0.309652461947959
"6039","TSC1",0.572059356962187,0.988934057596567,0.319337713955344,1,2372.46676115985,-0.137018339389761
"5798","NFIL3",0.572248929853323,0.988934057596567,0.319022748035717,1,2372.46676115985,-0.145312003280316
"3004","RPL9",0.572275200945807,0.988934057596567,0.318979116096217,1,2372.46676115985,0.0352136560354987
"10673","SCAMP4",0.572440176125767,0.988934057596567,0.318705209560744,1,2372.46676115985,-0.108201921985984
"8139","CYSLTR2",0.572442658272668,0.988934057596567,0.318701089663476,1,2372.46676115985,-0.200498056644588
"8865","ANXA2",0.57245363395564,0.988934057596567,0.318682872513895,1,2372.46676115985,-0.0451237926647251
"2410","ALAS1",0.572640420353297,0.988934057596567,0.318372954625656,1,2372.46676115985,-0.122929446502415
"672","MAGI3",0.572701918681062,0.988934057596567,0.31827095947291,1,2372.46676115985,0.269583719876402
"310","AGO4",0.57288803337787,0.988934057596567,0.31796241894122,1,2372.46676115985,0.0615189485052374
"8939","ARIH1",0.572898968110777,0.988934057596567,0.3179442974992,1,2372.46676115985,0.0503670351113741
"3594","ERAP2",0.572920134182627,0.988934057596567,0.317909222239382,1,2372.46676115985,-0.145232136805432
"6354","PPIF",0.572990704867179,0.988934057596567,0.317792294774265,1,2372.46676115985,-0.0914694117359355
"4900","TMEM225B",0.573063991324793,0.988934057596567,0.317670897586181,1,2372.46676115985,-0.784084688883141
"8501","PSEN1",0.57342818230547,0.988934057596567,0.317068077444965,1,2372.46676115985,-0.0607481508583259
"5380","TRPA1",0.573658552536096,0.988934057596567,0.316687150830679,1,2372.46676115985,0.6638446746965
"10839","FDX2",0.57381635489048,0.988934057596567,0.316426392143931,1,2372.46676115985,-0.158065642718205
"7639","SMUG1",0.573845002046808,0.988934057596567,0.316379069643457,1,2372.46676115985,0.131869911861843
"8728","PLCB2",0.573977101531694,0.988934057596567,0.316160913557912,1,2372.46676115985,-0.0989151134886133
"6994","CTSW",0.57398699550124,0.988934057596567,0.316144578119146,1,2372.46676115985,-0.522570694004863
"6253","PARG",0.574020903162717,0.988934057596567,0.316088599087251,1,2372.46676115985,-0.106522066772787
"7980","DENR",0.574332529983612,0.988934057596567,0.315574431734056,1,2372.46676115985,0.0818685708719021
"6263","CISD1",0.574356716378732,0.988934057596567,0.315534548521412,1,2372.46676115985,-0.112754766891037
"12803","CMC4",0.574453060137231,0.988934057596567,0.315375711181859,1,2372.46676115985,0.152572109907298
"7493","LDHB",0.574474642242214,0.988934057596567,0.315340137010948,1,2372.46676115985,0.0814561765479864
"5065","CYREN",0.574545262232204,0.988934057596567,0.315223751261272,1,2372.46676115985,-0.124153696524671
"12510","PQBP1",0.574743260887031,0.988934057596567,0.314897588883931,1,2372.46676115985,-0.15793946991665
"10047","CASC3",0.574753385125895,0.988934057596567,0.314880917232752,1,2372.46676115985,0.108376206135075
"8167","SUGT1",0.574843731147498,0.988934057596567,0.314732169535213,1,2372.46676115985,-0.0843570398467875
"10105","DHX8",0.574909690462781,0.988934057596567,0.314623601832091,1,2372.46676115985,-0.11580590034418
"6527","TRUB1",0.57491625466794,0.988934057596567,0.314612798629894,1,2372.46676115985,0.173077113831684
"11678","BTBD3",0.574934903897062,0.988934057596567,0.314582107532564,1,2372.46676115985,0.170126831463289
"9283","REXO5",0.574962411008871,0.988934057596567,0.314536842581033,1,2372.46676115985,0.454458425943595
"4829","TMEM60",0.575049496970858,0.988934057596567,0.314393564533979,1,2372.46676115985,-0.128782650765607
"8613","DICER1",0.575066602654149,0.988934057596567,0.314365426475926,1,2372.46676115985,-0.0590931079816191
"12730","PHF6",0.575079947974234,0.988934057596567,0.314343475190854,1,2372.46676115985,-0.0907772019225682
"5602","ZNF517",0.575166954066357,0.988934057596567,0.314200386378104,1,2372.46676115985,-0.363623074091437
"1074","SHISA4",0.575188993245947,0.988934057596567,0.314164147895324,1,2372.46676115985,-0.404123527890668
"7038","TBC1D10C",0.575215452476722,0.988934057596567,0.314120645258849,1,2372.46676115985,0.184001783178674
"2576","HGD",0.575285863804163,0.988934057596567,0.314004898576375,1,2372.46676115985,0.467487049850794
"10445","FOXK2",0.575337256069309,0.988934057596567,0.313920434349362,1,2372.46676115985,-0.0759056760365139
"643","AHCYL1",0.57540061302436,0.988934057596567,0.313816326458756,1,2372.46676115985,-0.0729274008250269
"220","PIGV",0.575416182926076,0.988934057596567,0.313790745532158,1,2372.46676115985,-0.309121353663559
"3058","CENPC",0.575587113823861,0.988934057596567,0.313510000758616,1,2372.46676115985,-0.090690812452011
"1166","IARS2",0.575624939286698,0.988934057596567,0.313447896780308,1,2372.46676115985,0.100551007088685
"12840","AC004556.3",0.575671594638348,0.988934057596567,0.313371306522321,1,2372.46676115985,-0.813291543727221
"6640","TSPAN32",0.575937180417622,0.988934057596567,0.312935550253131,1,2372.46676115985,0.471996692902657
"6667","CNGA4",0.576098733880688,0.988934057596567,0.312670678298507,1,2372.46676115985,-0.794611000014923
"2156","CAMK1",0.576253655746395,0.988934057596567,0.312416817313667,1,2372.46676115985,0.0950527415289027
"1027","RNASEL",0.576310112025697,0.988934057596567,0.312324339502163,1,2372.46676115985,-0.152114885168944
"11057","ZNF66",0.576534684060833,0.988934057596567,0.311956658689252,1,2372.46676115985,-0.264218788310513
"11015","ISYNA1",0.5765918869628,0.988934057596567,0.311863048577308,1,2372.46676115985,-0.587138036136414
"679","OLFML3",0.576621122804665,0.988934057596567,0.311815212483984,1,2372.46676115985,-0.364376656308216
"4085","EHMT2",0.576805857550916,0.988934057596567,0.311513058189278,1,2372.46676115985,0.129049303386095
"3990","SOX4",0.576902680114662,0.988934057596567,0.311354770804329,1,2372.46676115985,-0.121549356107887
"2838","P3H2",0.577004842340778,0.988934057596567,0.311187811229154,1,2372.46676115985,-1.01790844861584
"209","PAFAH2",0.577070721452473,0.988934057596567,0.31108017881092,1,2372.46676115985,0.158756719835603
"11170","ZNF571",0.577086436337622,0.988934057596567,0.311054507646021,1,2372.46676115985,0.278233337056936
"2460","ACOX2",0.577149300114228,0.988934057596567,0.310951829956103,1,2372.46676115985,0.456750871895419
"503","PDE4B",0.577217600102275,0.988934057596567,0.310840298290207,1,2372.46676115985,-0.0633582228239634
"2764","PHC3",0.577256661058404,0.988934057596567,0.310776524803282,1,2372.46676115985,0.0571612050102435
"95","C1orf127",0.577297258808438,0.988934057596567,0.310710251334624,1,2372.46676115985,-0.560509044246964
"1741","MARCO",0.577321564305388,0.988934057596567,0.31067057845589,1,2372.46676115985,-0.369428976810001
"3688","DDX46",0.577513194208761,0.988934057596567,0.310357904980189,1,2372.46676115985,-0.0632025919198542
"5099","MGAM",0.577562175635435,0.988934057596567,0.310278017399764,1,2372.46676115985,-0.355754336973232
"5022","WASL",0.577638494517014,0.988934057596567,0.310153569911153,1,2372.46676115985,-0.083222113479268
"3081","AREG",0.577706622793615,0.988934057596567,0.310042505857097,1,2372.46676115985,-0.401080595231697
"4970","ORC5",0.577715191964002,0.988934057596567,0.31002853807218,1,2372.46676115985,-0.12743243455031
"5647","PLIN2",0.577733630952618,0.988934057596567,0.309998483838507,1,2372.46676115985,0.0702105542392271
"12095","C22orf39",0.577906095974621,0.988934057596567,0.309717470571889,1,2372.46676115985,0.147707133541494
"475","PARS2",0.57806572266546,0.988934057596567,0.309457524701161,1,2372.46676115985,0.403638586798276
"2975","KCNIP4",0.578109581744304,0.988934057596567,0.309386126921014,1,2372.46676115985,0.538237347470892
"11825","ADA",0.578178867373746,0.988934057596567,0.309273359477348,1,2372.46676115985,-0.137540258729245
"2981","SEPSECS",0.578181724797633,0.988934057596567,0.309268709388267,1,2372.46676115985,0.128025324211839
"7030","KDM2A",0.578202399794335,0.988934057596567,0.3092350648597,1,2372.46676115985,-0.0447204470769974
"3722","PFDN1",0.57845886999913,0.988934057596567,0.30881790875809,1,2372.46676115985,-0.070406754087532
"5951","HSPA5",0.578462324006714,0.988934057596567,0.308812293231395,1,2372.46676115985,0.0774377871676256
"9494","DYNC1LI2",0.578488083330927,0.988934057596567,0.308770415821003,1,2372.46676115985,0.0769363724829527
"4537","RSPH3",0.578827666762833,0.988934057596567,0.308218696096622,1,2372.46676115985,-0.0942061044784954
"7759","ATXN7L3B",0.57884870659883,0.988934057596567,0.308184534001764,1,2372.46676115985,0.107407938369715
"9660","CBFA2T3",0.57914259516074,0.988934057596567,0.307707610020828,1,2372.46676115985,0.290767191092331
"858","RIT1",0.579196085157669,0.988934057596567,0.307620858111457,1,2372.46676115985,-0.0858276723105587
"1611","RETSAT",0.579203737777586,0.988934057596567,0.307608448138129,1,2372.46676115985,-0.169567293317204
"5234","PDLIM2",0.579247636943641,0.988934057596567,0.307537264793764,1,2372.46676115985,0.171804071410732
"8014","RAN",0.579358983645459,0.988934057596567,0.30735676227242,1,2372.46676115985,0.0800029113989255
"12022","HMGN1",0.57939869608396,0.988934057596567,0.307292401774896,1,2372.46676115985,0.0515754932164303
"6967","TM7SF2",0.579649741357182,0.988934057596567,0.306885745727646,1,2372.46676115985,0.235497464791374
"11731","PLAGL2",0.5797941949535,0.988934057596567,0.306651911847807,1,2372.46676115985,0.22218695806849
"11562","ZNF547",0.579921577862499,0.988934057596567,0.30644580771488,1,2372.46676115985,0.309560256559798
"7546","PRICKLE1",0.579940377830744,0.988934057596567,0.306415397240879,1,2372.46676115985,-0.517931698201363
"4718","MRPL32",0.579944495815239,0.988934057596567,0.306408736330054,1,2372.46676115985,0.147938104718249
"6751","CCDC34",0.580030919735154,0.988934057596567,0.30626896597325,1,2372.46676115985,-0.303810659258498
"12531","CCNB3",0.580120964694335,0.988934057596567,0.306123383742944,1,2372.46676115985,-0.594671495834585
"461","NDC1",0.580150776570022,0.988934057596567,0.30607519467756,1,2372.46676115985,-0.190998267252089
"7656","SARNP",0.580157681022107,0.988934057596567,0.306064034761593,1,2372.46676115985,-0.0669115436808081
"4502","NUP43",0.580234113230952,0.988934057596567,0.305940512366713,1,2372.46676115985,-0.143859359536859
"8239","ADPRHL1",0.58030358416662,0.988934057596567,0.305828268358546,1,2372.46676115985,0.535460349856622
"11263","ZNF575",0.580420033902034,0.988934057596567,0.305640181144273,1,2372.46676115985,0.52334496886526
"7324","CDON",0.580470585888005,0.988934057596567,0.305558554132217,1,2372.46676115985,0.572074960982612
"2864","FBXO45",0.580651848605626,0.988934057596567,0.305265983638463,1,2372.46676115985,-0.204164190177168
"10814","ZNF559",0.580653846048651,0.988934057596567,0.305262760647046,1,2372.46676115985,-0.177343700850077
"6800","SLC35C1",0.580794247066502,0.988934057596567,0.305036271012918,1,2372.46676115985,-0.274542020339148
"11787","NDRG3",0.580847439867951,0.988934057596567,0.304950491041792,1,2372.46676115985,0.0983370698508258
"8085","PDS5B",0.580972073653743,0.988934057596567,0.304749565296405,1,2372.46676115985,-0.0617352730037309
"6097","SSNA1",0.5809886262543,0.988934057596567,0.304722886867721,1,2372.46676115985,-0.0864801012145527
"10270","MILR1",0.581077085170377,0.988934057596567,0.304580340241826,1,2372.46676115985,-0.107984006442275
"8349","SRP54",0.581208906360137,0.988934057596567,0.304367998442042,1,2372.46676115985,0.0726589807491586
"8486","SRSF5",0.581233726846037,0.988934057596567,0.304328027612663,1,2372.46676115985,0.0522438303276239
"11571","ZNF549",0.581313021335328,0.988934057596567,0.304200354965378,1,2372.46676115985,0.215328139613063
"1721","ZC3H8",0.581331636469582,0.988934057596567,0.304170387662817,1,2372.46676115985,-0.148700176192306
"2223","THRB",0.581348879968903,0.988934057596567,0.304142630184437,1,2372.46676115985,0.106315599865311
"6329","PPP3CB",0.581427631405118,0.988934057596567,0.304015882175544,1,2372.46676115985,0.0725733855461647
"7658","DNAJC14",0.581531565116978,0.988934057596567,0.303848656799712,1,2372.46676115985,-0.210522694688201
"10925","CCDC130",0.581591248228157,0.988934057596567,0.303752656064291,1,2372.46676115985,-0.107286759553815
"11679","SPTLC3",0.581607375981417,0.988934057596567,0.303726717845379,1,2372.46676115985,-0.13027999645168
"8121","GPALPP1",0.581913615752787,0.988934057596567,0.303234467259455,1,2372.46676115985,0.113858592932178
"12428","TXLNG",0.581974622069465,0.988934057596567,0.303136467700509,1,2372.46676115985,-0.176102844067076
"1462","LRPPRC",0.582213426118163,0.988934057596567,0.30275305523714,1,2372.46676115985,-0.0984149291286126
"6245","NCOA4",0.582311739577714,0.988934057596567,0.302595299657168,1,2372.46676115985,0.0523056331683
"10510","RIOK3",0.582372560174989,0.988934057596567,0.302497732624318,1,2372.46676115985,0.0660524148291972
"1366","ADGRF3",0.582409828708795,0.988934057596567,0.302437957406811,1,2372.46676115985,0.455743436238095
"7333","FLI1",0.582547029995744,0.988934057596567,0.302217965754194,1,2372.46676115985,-0.0488070175759012
"10704","GNA15",0.582616500094192,0.988934057596567,0.302106615573365,1,2372.46676115985,-0.092293548199911
"8106","KBTBD6",0.582634625249058,0.988934057596567,0.302077568054758,1,2372.46676115985,0.336666293732094
"10598","KDSR",0.58265143761804,0.988934057596567,0.302050626043028,1,2372.46676115985,-0.128421941783297
"304","KIAA0319L",0.582819876872618,0.988934057596567,0.301780786574775,1,2372.46676115985,0.059705670812679
"8067","LNX2",0.58285885596373,0.988934057596567,0.301718364488768,1,2372.46676115985,0.147662309572434
"9092","FAM234A",0.583077008080523,0.988934057596567,0.301369165387484,1,2372.46676115985,-0.110740722833493
"6282","PBLD",0.583113804730679,0.988934057596567,0.30131029041845,1,2372.46676115985,0.250904156613213
"648","LAMTOR5",0.583305416638852,0.988934057596567,0.301003830600975,1,2372.46676115985,-0.0680424291370683
"3104","PAQR3",0.583306497126367,0.988934057596567,0.301002103068559,1,2372.46676115985,0.162592260758673
"5437","DPY19L4",0.583338829392555,0.988934057596567,0.30095041175996,1,2372.46676115985,0.112656749983741
"8108","MTRF1",0.583509328572631,0.988934057596567,0.300677921189263,1,2372.46676115985,-0.164754239535663
"12777","RENBP",0.583660571072331,0.988934057596567,0.300436340854905,1,2372.46676115985,-0.110419201191304
"182","PITHD1",0.583675406576269,0.988934057596567,0.300412650837072,1,2372.46676115985,0.0729801788527485
"12770","SLC6A8",0.583728392287556,0.988934057596567,0.300328050722462,1,2372.46676115985,0.198923864709468
"1957","ORC2",0.583802511413356,0.988934057596567,0.300209733743572,1,2372.46676115985,0.104323652266569
"9360","HIRIP3",0.583823041164766,0.988934057596567,0.300176967290572,1,2372.46676115985,-0.254479448564654
"2022","PNKD",0.583942760312413,0.988934057596567,0.29998593618616,1,2372.46676115985,-0.0698059278801172
"4956","SPDYE2",0.583958823565251,0.988934057596567,0.299960310704418,1,2372.46676115985,0.225305574660823
"1643","ZNF2",0.584029455617198,0.988934057596567,0.299847649267099,1,2372.46676115985,0.250359428692609
"3300","C4orf45",0.58405044665781,0.988934057596567,0.299814172874566,1,2372.46676115985,0.405249434632199
"7643","GPR84",0.584122602483232,0.988934057596567,0.299699117699945,1,2372.46676115985,0.22948156228418
"6627","TSPAN4",0.584152740552222,0.988934057596567,0.29965106991371,1,2372.46676115985,-0.0728110437993609
"12688","LONRF3",0.58427186971569,0.988934057596567,0.299461196574019,1,2372.46676115985,-0.131962890266832
"6639","ASCL2",0.584320704857176,0.988934057596567,0.299383383560189,1,2372.46676115985,0.171076600325697
"12839","AC240274.1",0.584474199947622,0.988934057596567,0.299138892851593,1,2372.46676115985,-0.272477191611359
"2237","CMTM8",0.584484110902512,0.988934057596567,0.299123110901537,1,2372.46676115985,0.18889809743942
"3602","GIN1",0.584494549524032,0.988934057596567,0.299106489293538,1,2372.46676115985,0.165129107059927
"6598","SCART1",0.584561346887934,0.988934057596567,0.299000140832361,1,2372.46676115985,-0.326976943243238
"9342","LAT",0.584563114054711,0.988934057596567,0.298997327649677,1,2372.46676115985,-0.194255594576715
"737","PDE4DIP",0.584642694242875,0.988934057596567,0.298870660420304,1,2372.46676115985,-0.0570841636171716
"6408","SORBS1",0.584677861444859,0.988934057596567,0.298814696136468,1,2372.46676115985,0.549612528156784
"3078","MTHFD2L",0.584684263721291,0.988934057596567,0.298804508432019,1,2372.46676115985,-0.105292074396429
"10771","CD70",0.584786451220469,0.988934057596567,0.298641931795403,1,2372.46676115985,-0.427442411272933
"2209","RFTN1",0.584839241361388,0.988934057596567,0.298557967086478,1,2372.46676115985,-0.0783112479662247
"11489","TFPT",0.584938179933026,0.988934057596567,0.298400642847195,1,2372.46676115985,-0.0830911933973187
"2673","MRAS",0.58498542212229,0.988934057596567,0.29832554106945,1,2372.46676115985,-0.0839718375729651
"3025","ATP10D",0.585025650949193,0.988934057596567,0.298261598237605,1,2372.46676115985,0.0729805116923782
"3332","AGA",0.585073219813305,0.988934057596567,0.298186000059895,1,2372.46676115985,0.149904559474298
"5055","COPG2",0.585169365892306,0.988934057596567,0.298033239175122,1,2372.46676115985,-0.166884495921489
"9908","MAP2K3",0.585226223545864,0.988934057596567,0.297942925279364,1,2372.46676115985,-0.114623117886566
"12188","SF3A1",0.585261617179509,0.988934057596567,0.297886714256475,1,2372.46676115985,-0.113294347406749
"5623","INSL6",0.585287682133821,0.988934057596567,0.2978453231409,1,2372.46676115985,0.292191577290776
"12080","CECR2",0.585398741468558,0.988934057596567,0.297669002884083,1,2372.46676115985,0.440081662061453
"7200","CASP1",0.585415317424096,0.988934057596567,0.297642692340879,1,2372.46676115985,0.0787336928976415
"7118","SERPINH1",0.585659074167953,0.988934057596567,0.297255958408675,1,2372.46676115985,-0.198000765657521
"534","PIGK",0.585900883992914,0.988934057596567,0.296872635579558,1,2372.46676115985,0.12998254965193
"429","MKNK1",0.585905096451676,0.988934057596567,0.296865960729879,1,2372.46676115985,0.0567164549781912
"7810","TMPO",0.585944126801072,0.988934057596567,0.29680411983509,1,2372.46676115985,-0.0909368841606827
"131","ARHGEF19",0.585993888684845,0.988934057596567,0.296725287679923,1,2372.46676115985,-0.545867281272638
"10904","TRIR",0.586002112054575,0.988934057596567,0.296712261627569,1,2372.46676115985,0.0560360394059392
"4911","CNPY4",0.586161557087704,0.988934057596567,0.296459769425493,1,2372.46676115985,0.306370627401745
"5453","RPL30",0.586209949072239,0.988934057596567,0.296383164945604,1,2372.46676115985,0.0358177882658645
"6098","TPRN",0.58625326565067,0.988934057596567,0.296314605714649,1,2372.46676115985,0.304598283036504
"11482","ZNF761",0.586348703299355,0.988934057596567,0.296163588237181,1,2372.46676115985,-0.226306360082134
"5185","PRAG1",0.586432248602373,0.988934057596567,0.296031429781528,1,2372.46676115985,-0.147608800185229
"11443","SPACA6",0.586598310187367,0.988934057596567,0.295768854146241,1,2372.46676115985,0.118758615977311
"6519","VTI1A",0.586626469827371,0.988934057596567,0.295724343254159,1,2372.46676115985,0.0459241432649252
"6440","SLC25A28",0.586658724825214,0.988934057596567,0.295673364315735,1,2372.46676115985,0.108839186480304
"738","NBPF9",0.586670875141234,0.988934057596567,0.295654162249998,1,2372.46676115985,-0.223443444521264
"2925","LRPAP1",0.586709131329492,0.988934057596567,0.295593708371423,1,2372.46676115985,-0.0612428099676853
"10933","RFX1",0.586745983163865,0.988934057596567,0.29553548127923,1,2372.46676115985,-0.158786324393644
"2815","EPHB3",0.58684914181397,0.988934057596567,0.295372526781679,1,2372.46676115985,-0.824592557320071
"4321","RARS2",0.58690381239465,0.988934057596567,0.295286190033363,1,2372.46676115985,0.0869786699901579
"1777","MGAT5",0.587029683470877,0.988934057596567,0.295087474342281,1,2372.46676115985,-0.0554276104406811
"12820","KDM5D",0.587091425070998,0.988934057596567,0.294990033062318,1,2372.46676115985,0.108093227540714
"10400","CHMP6",0.587091569795788,0.988934057596567,0.294989804680526,1,2372.46676115985,-0.15245613002406
"1064","PTPRC",0.587158365158505,0.988934057596567,0.294884411015014,1,2372.46676115985,-0.0333945658920752
"1496","MTIF2",0.58728030943116,0.988934057596567,0.294692063035291,1,2372.46676115985,0.104975186462527
"3960","SMIM13",0.587508937096984,0.988934057596567,0.294331657648563,1,2372.46676115985,0.152762349441684
"119","FHAD1",0.587509811984414,0.988934057596567,0.29433027903678,1,2372.46676115985,0.186869512840686
"11654","CDC25B",0.587640242293043,0.988934057596567,0.294124799046306,1,2372.46676115985,0.201068635521524
"7748","FRS2",0.587647927172237,0.988934057596567,0.294112695179638,1,2372.46676115985,-0.0761805011693331
"979","METTL18",0.58766917965102,0.988934057596567,0.294079223700648,1,2372.46676115985,-0.300359455395508
"3398","PDZD2",0.587733335657031,0.988934057596567,0.29397819649002,1,2372.46676115985,0.278076465794675
"6586","STK32C",0.587736640658337,0.988934057596567,0.293972992674258,1,2372.46676115985,-0.119609431810072
"4344","COQ3",0.587748257594122,0.988934057596567,0.293954701961207,1,2372.46676115985,-0.333395794204261
"7285","C2CD2L",0.587841219974973,0.988934057596567,0.293808360432585,1,2372.46676115985,-0.155000312840684
"11620","RBCK1",0.587895325641689,0.988934057596567,0.293723208909149,1,2372.46676115985,0.0850990435994314
"8629","PPP2R5C",0.587920579610727,0.988934057596567,0.293683469666452,1,2372.46676115985,-0.0519960764005609
"10559","ZBTB7C",0.587938082398751,0.988934057596567,0.293655929599193,1,2372.46676115985,0.283735312652021
"3772","PPARGC1B",0.587953265063258,0.988934057596567,0.293632041523908,1,2372.46676115985,-0.115510955391266
"12274","APOBEC3F",0.588098107433795,0.988934057596567,0.293404212867667,1,2372.46676115985,0.161416775526162
"4871","BET1",0.588184617759941,0.988934057596567,0.293268191689325,1,2372.46676115985,0.124391089669456
"9730","ANKFY1",0.588453393897235,0.988934057596567,0.292845852042081,1,2372.46676115985,-0.0699352160533176
"19","DVL1",0.588456309714585,0.988934057596567,0.292841272448862,1,2372.46676115985,0.219527415716113
"9758","NUP88",0.588463308314681,0.988934057596567,0.2928302806113,1,2372.46676115985,-0.132884615377014
"8956","MPI",0.588523361254972,0.988934057596567,0.292735973831232,1,2372.46676115985,-0.206690520492602
"10067","KAT2A",0.58863945244288,0.988934057596567,0.292553720584618,1,2372.46676115985,-0.287057795468313
"8724","EIF2AK4",0.588682888604302,0.988934057596567,0.292485548380634,1,2372.46676115985,0.0619899136178789
"990","SUCO",0.588735404415209,0.988934057596567,0.292403139556007,1,2372.46676115985,-0.100654696117323
"4656","TRA2A",0.588785865841753,0.988934057596567,0.292323968648575,1,2372.46676115985,0.0614132240187859
"8659","PLD4",0.588792676969991,0.988934057596567,0.292313283464054,1,2372.46676115985,-1.09529068776409
"1865","RAPGEF4",0.588809095710782,0.988934057596567,0.292287527054502,1,2372.46676115985,0.291298295362239
"8948","SEMA7A",0.589020322996943,0.988934057596567,0.291956301326387,1,2372.46676115985,0.3252224149304
"11793","MROH8",0.589237484090932,0.988934057596567,0.291616023686665,1,2372.46676115985,0.243781669465278
"7138","GAB2",0.589243458977365,0.988934057596567,0.291606665042018,1,2372.46676115985,-0.046581362727409
"11877","DPM1",0.589323634492157,0.988934057596567,0.291481102481635,1,2372.46676115985,0.109508294777879
"3741","PCDHGB6",0.58938078743706,0.988934057596567,0.291391616797203,1,2372.46676115985,0.928829166408735
"5113","CNTNAP2",0.589493051074801,0.988934057596567,0.291215894679101,1,2372.46676115985,-0.446003309949176
"5293","RAB11FIP1",0.589637603216481,0.988934057596567,0.290989733344589,1,2372.46676115985,0.0705646347235785
"9614","GAN",0.589775663897098,0.988934057596567,0.290773834216402,1,2372.46676115985,0.206247883240081
"11352","BICRA",0.589797151138427,0.988934057596567,0.290740241795104,1,2372.46676115985,0.310075999691047
"7910","DTX1",0.5898483354653,0.988934057596567,0.290660232051447,1,2372.46676115985,0.388746231960464
"11567","VN1R1",0.589857635657654,0.988934057596567,0.290645695806522,1,2372.46676115985,0.506826067459912
"3969","NOL7",0.589866467059807,0.988934057596567,0.290631892717207,1,2372.46676115985,-0.0777119706742919
"9324","XPO6",0.590108476780919,0.988934057596567,0.290253806878303,1,2372.46676115985,-0.0690139261243907
"2754","NMD3",0.590258094923877,0.988934057596567,0.29002022095345,1,2372.46676115985,0.111101595313153
"2428","MUSTN1",0.590300799249137,0.988934057596567,0.289953572619795,1,2372.46676115985,0.635349351913811
"12363","MAPK12",0.590332742131477,0.988934057596567,0.289903726051976,1,2372.46676115985,-0.460239509132342
"8263","METTL17",0.590363838055458,0.988934057596567,0.289855206464282,1,2372.46676115985,0.158264633223048
"7883","ARPC3",0.590461979889497,0.988934057596567,0.289702108161672,1,2372.46676115985,0.0362011741854243
"3181","PPA2",0.590531505760554,0.988934057596567,0.28959368146317,1,2372.46676115985,-0.0688844444168995
"9853","ZNF286A",0.590543494778079,0.988934057596567,0.289574987045974,1,2372.46676115985,0.212003530647093
"12495","UXT",0.590562098910148,0.988934057596567,0.289545979253304,1,2372.46676115985,-0.0817299503485904
"7080","FOLR3",0.590730675909,0.988934057596567,0.289283217315696,1,2372.46676115985,0.626229507054459
"8100","COG6",0.590870626155482,0.988934057596567,0.289065192889655,1,2372.46676115985,-0.100058281081586
"5475","DCAF13",0.590950455654652,0.988934057596567,0.288940876284732,1,2372.46676115985,-0.170688461311452
"8448","WDR89",0.59104185664143,0.988934057596567,0.288798581992447,1,2372.46676115985,0.201194328781529
"12241","MFNG",0.591276216729181,0.988934057596567,0.288433933395885,1,2372.46676115985,-0.204229377398567
"611","CDC14A",0.59129097786039,0.988934057596567,0.288410976001036,1,2372.46676115985,-0.104584259668295
"2249","STAC",0.591304697009402,0.988934057596567,0.288389640214796,1,2372.46676115985,0.570981405012383
"4951","ORAI2",0.591412152447335,0.988934057596567,0.288222562523639,1,2372.46676115985,-0.117559853680263
"9338","RABEP2",0.591537875741764,0.988934057596567,0.288027160120812,1,2372.46676115985,0.140741476253379
"1735","SLC35F5",0.591564137838598,0.988934057596567,0.287986353665541,1,2372.46676115985,-0.0826505684425075
"5417","CPNE3",0.591706344199482,0.988934057596567,0.287765455869651,1,2372.46676115985,0.0881142205712482
"9469","ARL2BP",0.591804751456144,0.988934057596567,0.287612657782533,1,2372.46676115985,-0.112561372569616
"83","CLSTN1",0.591812514023938,0.988934057596567,0.287600606977041,1,2372.46676115985,-0.0878157770546479
"11079","C19orf12",0.591865083399638,0.988934057596567,0.287519005511193,1,2372.46676115985,-0.131932371268091
"6080","TMEM141",0.591914000619498,0.988934057596567,0.287443086539525,1,2372.46676115985,-0.100074505800111
"6090","PAXX",0.592017356066459,0.988934057596567,0.287282722496089,1,2372.46676115985,-0.13393926744769
"10900","WDR83OS",0.592090188391043,0.988934057596567,0.287169752056402,1,2372.46676115985,-0.0610727815024054
"7097","COA4",0.592328219193719,0.988934057596567,0.286800741178475,1,2372.46676115985,0.10771383713977
"9249","NPIPA1",0.592401840437462,0.988934057596567,0.286686670538501,1,2372.46676115985,0.285971490399881
"5853","TEX10",0.592476437789415,0.988934057596567,0.286571117269121,1,2372.46676115985,0.134559788037512
"5378","XKR9",0.592512713244767,0.988934057596567,0.286514936460222,1,2372.46676115985,-0.787974673316899
"10219","MKS1",0.592697369520134,0.988934057596567,0.286229063962652,1,2372.46676115985,0.339155828943805
"4132","DAXX",0.592796843058567,0.988934057596567,0.286075141744584,1,2372.46676115985,-0.136535909022796
"2371","IP6K1",0.592999483029551,0.988934057596567,0.285761747722715,1,2372.46676115985,0.0790708306013287
"8766","LRRC57",0.593057361136611,0.988934057596567,0.285672276547863,1,2372.46676115985,-0.15117962875758
"8913","C15orf61",0.593273037392515,0.988934057596567,0.285339030864312,1,2372.46676115985,0.163753744315988
"12421","VEGFD",0.593335348482713,0.988934057596567,0.285242799301632,1,2372.46676115985,-0.457467585875601
"10862","RAB3D",0.59335289631747,0.988934057596567,0.285215702664727,1,2372.46676115985,-0.239299915378991
"2924","RGS12",0.593361028650505,0.988934057596567,0.285203145615121,1,2372.46676115985,-0.0769819444952668
"7429","CLEC4A",0.593381584382833,0.988934057596567,0.28517140730977,1,2372.46676115985,0.0978302865881243
"6246","AGAP9",0.59344272602512,0.988934057596567,0.285077017272694,1,2372.46676115985,0.166878142316184
"5730","SLC25A51",0.59360772652885,0.988934057596567,0.284822390851506,1,2372.46676115985,-0.12727346683245
"9788","GPS2",0.593626327849285,0.988934057596567,0.284793694728053,1,2372.46676115985,0.0864521750045091
"7874","TRPV4",0.593799963284922,0.988934057596567,0.28452591816946,1,2372.46676115985,-0.146832751003215
"8072","SLC46A3",0.593974570656638,0.988934057596567,0.284256805845942,1,2372.46676115985,0.108313508418688
"11206","EID2B",0.593996285883058,0.988934057596567,0.284223348847034,1,2372.46676115985,-0.295895147161885
"5324","HOOK3",0.59415832112164,0.988934057596567,0.283973778372593,1,2372.46676115985,0.0455310458768157
"4110","TAP2",0.594213390969969,0.988934057596567,0.283888990548338,1,2372.46676115985,-0.109812773753746
"11613","UBE2M",0.594221916566766,0.988934057596567,0.283875865638665,1,2372.46676115985,0.073534352637579
"6234","ZNF485",0.594225319014536,0.988934057596567,0.283870627777494,1,2372.46676115985,0.384031797747681
"7444","KLRF1",0.594229293916382,0.988934057596567,0.283864508736708,1,2372.46676115985,-0.391882203129666
"10414","OXLD1",0.594483177853356,0.988934057596567,0.28347385028275,1,2372.46676115985,-0.114274561664263
"5522","MYC",0.594538948622923,0.988934057596567,0.283388080462812,1,2372.46676115985,-0.356459018498211
"4024","ZSCAN12",0.594621934785463,0.988934057596567,0.283260486942243,1,2372.46676115985,-0.235973034872199
"4766","ERV3-1",0.594659069728265,0.988934057596567,0.283203402881351,1,2372.46676115985,0.147199277707383
"5468","UBR5",0.594919599867678,0.988934057596567,0.282803121885238,1,2372.46676115985,0.0477828934581805
"9687","MRM3",0.594967435466661,0.988934057596567,0.282729666274615,1,2372.46676115985,0.242428015689467
"9586","PSMD7",0.59497263743746,0.988934057596567,0.282721678946068,1,2372.46676115985,0.0668284889328249
"12018","DYRK1A",0.594975819512062,0.988934057596567,0.282716793123914,1,2372.46676115985,-0.0586637858155651
"878","GPATCH4",0.595112773446473,0.988934057596567,0.282506562581621,1,2372.46676115985,0.207444542119767
"7309","TBRG1",0.595153275505286,0.988934057596567,0.28244440928716,1,2372.46676115985,0.0709657430840296
"8582","NRDE2",0.595213042168163,0.988934057596567,0.282352709103276,1,2372.46676115985,0.132269567176012
"2112","ASB1",0.595232812373552,0.988934057596567,0.282322379815834,1,2372.46676115985,-0.185007998000184
"8811","GALK2",0.595284307395015,0.988934057596567,0.282243391591063,1,2372.46676115985,-0.0855704126865473
"12354","ZBED4",0.595304860700223,0.988934057596567,0.282211868828526,1,2372.46676115985,-0.124585606842135
"12559","SPIN3",0.595361375758627,0.988934057596567,0.282125202884869,1,2372.46676115985,-0.225229529658643
"4147","SNRPC",0.595426038638184,0.988934057596567,0.282026063175078,1,2372.46676115985,-0.0791652524919648
"7511","STK38L",0.595440337735454,0.988934057596567,0.282004143128375,1,2372.46676115985,0.0912988455165432
"6724","CALCB",0.59551853042409,0.988934057596567,0.281884295618453,1,2372.46676115985,-0.314666039070281
"8773","CCNDBP1",0.59552707250659,0.988934057596567,0.281871204974943,1,2372.46676115985,-0.108594863489784
"10667","UQCR11",0.595572222960857,0.988934057596567,0.281802018894361,1,2372.46676115985,0.0418515073172353
"10730","SH3GL1",0.595601030920114,0.988934057596567,0.281757880845587,1,2372.46676115985,0.0744268994744593
"3344","PRIMPOL",0.59560209665663,0.988934057596567,0.281756248064824,1,2372.46676115985,0.132100644570655
"4077","MSH5",0.595674735705878,0.988934057596567,0.281644974397244,1,2372.46676115985,-0.244333843049463
"1606","TRABD2A",0.595693853680345,0.988934057596567,0.281615692805177,1,2372.46676115985,-0.299375872794683
"8466","ATP6V1D",0.595707896053183,0.988934057596567,0.281594186380759,1,2372.46676115985,-0.0671097687662375
"12161","TPST2",0.595795600035824,0.988934057596567,0.281459888232905,1,2372.46676115985,-0.0774275575352056
"3456","SNX18",0.595820158391178,0.988934057596567,0.281422290209129,1,2372.46676115985,-0.0814341757276197
"2870","NCBP2",0.595869769543149,0.988934057596567,0.281346347005772,1,2372.46676115985,0.0882943175518255
"4509","AKAP12",0.595908725367679,0.988934057596567,0.281286723849384,1,2372.46676115985,-0.842819838517419
"9723","ITGAE",0.595923401800762,0.988934057596567,0.281264263190891,1,2372.46676115985,0.0827604795813535
"7876","TCHP",0.595977754617418,0.988934057596567,0.281181092220428,1,2372.46676115985,0.111984331719889
"3890","ZNF354A",0.595986237800437,0.988934057596567,0.281168112630105,1,2372.46676115985,0.169406394363713
"10916","RAD23A",0.596158624502925,0.988934057596567,0.280904437605607,1,2372.46676115985,0.0612499356459344
"10816","ZNF266",0.596251217553831,0.988934057596567,0.280762876803918,1,2372.46676115985,0.133728068127805
"7670","ESYT1",0.59633863777113,0.988934057596567,0.280629266421962,1,2372.46676115985,0.147353763494441
"733","ACP6",0.596348659175761,0.988934057596567,0.280613952616013,1,2372.46676115985,-0.21469059854086
"2054","SGPP2",0.596358929177333,0.988934057596567,0.280598259481867,1,2372.46676115985,0.300543502372913
"10274","SMURF2",0.596453736847395,0.988934057596567,0.280453414622679,1,2372.46676115985,-0.0560927538459237
"2921","GRK4",0.5965975513904,0.988934057596567,0.28023378965055,1,2372.46676115985,0.194741017924261
"2959","CPEB2",0.596689247583341,0.988934057596567,0.280093814205727,1,2372.46676115985,-0.0753639747047675
"9047","ZNF710",0.596716636229745,0.988934057596567,0.280052013758721,1,2372.46676115985,0.0566868911617703
"5026","GCC1",0.59672061622196,0.988934057596567,0.280045939842175,1,2372.46676115985,-0.188690898203142
"5770","TLE4",0.596867603165381,0.988934057596567,0.279821680257782,1,2372.46676115985,-0.0581766897889086
"7464","MANSC1",0.596883127343876,0.988934057596567,0.279798001561935,1,2372.46676115985,0.615050882463803
"3366","BRD9",0.596896310233306,0.988934057596567,0.279777894990778,1,2372.46676115985,-0.131968149653859
"8192","GPC5",0.597025870838813,0.988934057596567,0.279580338071713,1,2372.46676115985,0.393102797736749
"392","ATP6V0B",0.597140555552221,0.988934057596567,0.279405538738786,1,2372.46676115985,0.0423668750714579
"10935","MISP3",0.597146947063405,0.988934057596567,0.279395799028118,1,2372.46676115985,-0.448045102136273
"812","CREB3L4",0.597161046646585,0.988934057596567,0.279374314132348,1,2372.46676115985,-0.440863672126899
"5606","ZNF16",0.597265841570596,0.988934057596567,0.279214661111046,1,2372.46676115985,-0.255365838666643
"8016","SFSWAP",0.597273564031925,0.988934057596567,0.279202898401358,1,2372.46676115985,-0.0835356316448062
"12297","RANGAP1",0.597276370932634,0.988934057596567,0.279198623060868,1,2372.46676115985,-0.134200622651548
"8449","SGPP1",0.597324485293524,0.988934057596567,0.279125344016991,1,2372.46676115985,0.0911634127301744
"9696","SLC43A2",0.597335705749751,0.988934057596567,0.279108256827856,1,2372.46676115985,0.0842227261380663
"450","ORC1",0.597455087369365,0.988934057596567,0.27892649670362,1,2372.46676115985,-0.549166407649262
"6688","EIF3F",0.597556012299163,0.988934057596567,0.278772896199053,1,2372.46676115985,-0.0762477093064084
"3389","ANKH",0.597800614152216,0.988934057596567,0.278400854126944,1,2372.46676115985,-0.0707416583688582
"7290","RNF26",0.597899985779519,0.988934057596567,0.278249799523837,1,2372.46676115985,0.188494107154631
"6266","BICC1",0.598085244713017,0.988934057596567,0.277968327690319,1,2372.46676115985,-0.628086642023925
"865","SEMA4A",0.598170336089682,0.988934057596567,0.277839105723196,1,2372.46676115985,-0.0688335401651083
"4893","CPSF4",0.598565094149651,0.988934057596567,0.277240117955882,1,2372.46676115985,0.148167033878673
"2003","ERBB4",0.59865930584486,0.988934057596567,0.277097287481813,1,2372.46676115985,0.694288459984417
"539","DNAJB4",0.598697665023039,0.988934057596567,0.277039146174808,1,2372.46676115985,0.18728967688063
"1669","ACTR1B",0.598704867525579,0.988934057596567,0.277028230154018,1,2372.46676115985,-0.173258991185881
"1217","ABCB10",0.598830874249329,0.988934057596567,0.276837300404223,1,2372.46676115985,-0.118637974939742
"11557","AURKC",0.59893390629743,0.988934057596567,0.276681245129165,1,2372.46676115985,-0.730334220487547
"668","MOV10",0.598947705420051,0.988934057596567,0.276660348850481,1,2372.46676115985,0.101138412301511
"3416","NADK2",0.598985508983451,0.988934057596567,0.276603107342822,1,2372.46676115985,0.181951250043678
"7117","GDPD5",0.599079097290317,0.988934057596567,0.27646143005922,1,2372.46676115985,-0.298742126724996
"10735","PLIN5",0.599106572951851,0.988934057596567,0.276419845229837,1,2372.46676115985,-0.554911662137743
"9091","LUC7L",0.599529175972356,0.988934057596567,0.275780731960826,1,2372.46676115985,0.0817789249472253
"4399","TSPYL4",0.599575261296673,0.988934057596567,0.275711093027766,1,2372.46676115985,0.243208092458268
"8955","SCAMP2",0.59975500911487,0.988934057596567,0.275439585636982,1,2372.46676115985,0.0647736510801072
"8890","SPG21",0.599851563698034,0.988934057596567,0.275293811275789,1,2372.46676115985,-0.0669846607930501
"8602","TMEM251",0.599883916014061,0.988934057596567,0.275244978011787,1,2372.46676115985,-0.129528583370213
"4120","RXRB",0.59994987331859,0.988934057596567,0.275145437784095,1,2372.46676115985,0.156627523001128
"6160","CDNF",0.600161046128521,0.988934057596567,0.274826898283785,1,2372.46676115985,-0.488660108560536
"1632","RNF103",0.600174000734992,0.988934057596567,0.274807364818194,1,2372.46676115985,0.139960216384083
"9441","NOD2",0.600182177166557,0.988934057596567,0.274795036528395,1,2372.46676115985,-0.153961145658823
"3144","PYURF",0.600216530276144,0.988934057596567,0.274743243323787,1,2372.46676115985,-0.0934272757451525
"11716","ACSS1",0.600279437799821,0.988934057596567,0.274648415573304,1,2372.46676115985,0.21241180173803
"3629","COMMD10",0.600426754679486,0.988934057596567,0.274426429516793,1,2372.46676115985,-0.053731941139138
"6686","OLFML1",0.600470481372398,0.988934057596567,0.274360561483822,1,2372.46676115985,-0.724335920189472
"8087","STARD13",0.600577379948179,0.988934057596567,0.274199576429976,1,2372.46676115985,-0.0560915817637517
"6859","MPEG1",0.600646271179979,0.988934057596567,0.274095860841379,1,2372.46676115985,-0.0691583175138749
"6096","ANAPC2",0.600696452035911,0.988934057596567,0.274020329415403,1,2372.46676115985,-0.344976441977175
"7202","CARD18",0.600784949485141,0.988934057596567,0.273887156776719,1,2372.46676115985,-0.904647365535006
"163","HP1BP3",0.600815063299328,0.988934057596567,0.273841850341668,1,2372.46676115985,-0.0577718179789578
"10128","NMT1",0.60090406867584,0.988934057596567,0.273707969063103,1,2372.46676115985,-0.075494486820119
"5570","GRINA",0.60100344171768,0.988934057596567,0.273558542076015,1,2372.46676115985,0.0658075568414859
"4763","ZNF138",0.60106582815023,0.988934057596567,0.273464758309088,1,2372.46676115985,0.163513745717941
"2232","RBMS3",0.601087018960834,0.988934057596567,0.273432907419277,1,2372.46676115985,0.286897841053177
"2420","NT5DC2",0.601281299407338,0.988934057596567,0.273141003903007,1,2372.46676115985,0.119100001891031
"11782","DLGAP4",0.601337962152275,0.988934057596567,0.273055906347359,1,2372.46676115985,0.0893896209216212
"4467","ECT2L",0.601435053682191,0.988934057596567,0.272910131049501,1,2372.46676115985,-0.804685344069506
"5624","PLGRKT",0.601502463129505,0.988934057596567,0.272808950205801,1,2372.46676115985,0.10440010970575
"9070","RGMA",0.60151961631208,0.988934057596567,0.27278320727748,1,2372.46676115985,-0.446225946998392
"2646","NUDT16",0.601534210665323,0.988934057596567,0.272761305772789,1,2372.46676115985,-0.122679001632208
"2931","STK32B",0.601653023475523,0.988934057596567,0.272583046990381,1,2372.46676115985,0.535636219957342
"4451","ALDH8A1",0.601698354195763,0.988934057596567,0.272515055357146,1,2372.46676115985,0.494278433754886
"8283","HAUS4",0.601744578581812,0.988934057596567,0.272445734426374,1,2372.46676115985,0.102771505849727
"6652","NUP98",0.60175338490093,0.988934057596567,0.272432529201395,1,2372.46676115985,0.0598700476453774
"11708","THBD",0.60176351619486,0.988934057596567,0.272417337657954,1,2372.46676115985,-0.142195151724585
"7440","KLRB1",0.601780509176439,0.988934057596567,0.272391858448782,1,2372.46676115985,0.638729462628357
"2985","SEL1L3",0.601877301448561,0.988934057596567,0.272246757413236,1,2372.46676115985,-0.107853552816959
"6050","REXO4",0.601891567788002,0.988934057596567,0.272225374941016,1,2372.46676115985,-0.142949159325599
"5633","KDM4C",0.601964617738985,0.988934057596567,0.272115903991585,1,2372.46676115985,-0.0575514661323155
"10897","ZNF791",0.601999543346958,0.988934057596567,0.272063575187944,1,2372.46676115985,0.107523502513594
"9620","MLYCD",0.602053126089256,0.988934057596567,0.27198330496906,1,2372.46676115985,-0.153978663326882
"7626","MFSD5",0.60218918412953,0.988934057596567,0.271779549406772,1,2372.46676115985,-0.15848224643264
"775","SEMA6C",0.602221662306825,0.988934057596567,0.271730925628784,1,2372.46676115985,-0.533308338339433
"7148","TMEM126B",0.602272891262584,0.988934057596567,0.271654240901953,1,2372.46676115985,-0.0920277674713899
"4964","ARMC10",0.602281463127911,0.988934057596567,0.27164141100361,1,2372.46676115985,-0.0962601717599231
"7396","ACRBP",0.602283984721652,0.988934057596567,0.271637636893609,1,2372.46676115985,-0.296467326908366
"7169","PANX1",0.602359999445322,0.988934057596567,0.271523880082813,1,2372.46676115985,-0.14129970941413
"10242","C17orf64",0.60245919801693,0.988934057596567,0.271375473967543,1,2372.46676115985,0.52411784700447
"4512","ARMT1",0.60252948697516,0.988934057596567,0.271270349327438,1,2372.46676115985,0.109773544128462
"8861","MYO1E",0.602946237101907,0.988934057596567,0.270647586690745,1,2372.46676115985,-0.0696357545343203
"6709","CTR9",0.603057318373183,0.988934057596567,0.270481748000765,1,2372.46676115985,-0.0942062734740761
"9990","SLFN11",0.603105071533967,0.988934057596567,0.270410474806596,1,2372.46676115985,0.128347324951352
"6543","TIAL1",0.60312793581865,0.988934057596567,0.270376353319003,1,2372.46676115985,0.0773207419262436
"1400","PLB1",0.603142175860201,0.988934057596567,0.270355103592437,1,2372.46676115985,0.189563921790328
"6541","GRK5",0.603242114821754,0.988934057596567,0.270205999352289,1,2372.46676115985,0.17894829062973
"4160","SLC26A8",0.603387305678019,0.988934057596567,0.269989474482057,1,2372.46676115985,-0.721709381881552
"4757","SUMF2",0.60355717949117,0.988934057596567,0.269736279533115,1,2372.46676115985,-0.0759312307340622
"5016","ING3",0.603631568477859,0.988934057596567,0.26962545109456,1,2372.46676115985,-0.146066166231472
"8538","TTLL5",0.603644696007223,0.988934057596567,0.26960589604534,1,2372.46676115985,-0.0852424095369007
"63","ZBTB48",0.603670102551273,0.988934057596567,0.269568052470116,1,2372.46676115985,0.135944304515733
"11976","MAP3K7CL",0.603949828049799,0.988934057596567,0.269151618439703,1,2372.46676115985,-0.164944328993103
"9248","NOMO1",0.603961366430096,0.988934057596567,0.269134449751869,1,2372.46676115985,0.190036833126806
"11349","DHX34",0.603998587418541,0.988934057596567,0.26907907101959,1,2372.46676115985,0.101426149455168
"6362","GHITM",0.604249586491318,0.988934057596567,0.268705814299688,1,2372.46676115985,0.0705762740937162
"148","UBR4",0.604377447148306,0.988934057596567,0.268515801113156,1,2372.46676115985,-0.0700602336087034
"218","RPS6KA1",0.604420837529028,0.988934057596567,0.268451338225669,1,2372.46676115985,-0.0774061117820056
"8216","BIVM",0.6045812163156,0.988934057596567,0.268213156787304,1,2372.46676115985,-0.212226562578826
"3892","ZFP2",0.604614996479742,0.988934057596567,0.268163006347503,1,2372.46676115985,0.503645039879074
"6059","RXRA",0.604658014956838,0.988934057596567,0.26809914920511,1,2372.46676115985,-0.065503573987232
"2519","TMEM45A",0.604717132028554,0.988934057596567,0.268011410847023,1,2372.46676115985,-0.427586552436901
"7750","RAB3IP",0.60492902914751,0.988934057596567,0.26769707418736,1,2372.46676115985,0.184882323239101
"9984","ZNF830",0.605027696320303,0.988934057596567,0.267550787143344,1,2372.46676115985,0.158442389009492
"6643","KCNQ1",0.605040400447955,0.988934057596567,0.267531955288297,1,2372.46676115985,0.0961946173222034
"2130","THAP4",0.605171261711924,0.988934057596567,0.267338023104805,1,2372.46676115985,-0.154215648358835
"9351","PRRT2",0.605176769231002,0.988934057596567,0.26732986309303,1,2372.46676115985,0.600072935609686
"6623","PNPLA2",0.605212318662825,0.988934057596567,0.267277196390615,1,2372.46676115985,-0.12418649158271
"2029","PLCD4",0.605220342214163,0.988934057596567,0.267265310359389,1,2372.46676115985,0.625519237621202
"10915","CALR",0.605421315133898,0.988934057596567,0.266967699772608,1,2372.46676115985,0.0456900914928242
"9139","NDUFB10",0.605528587795507,0.988934057596567,0.266808931120709,1,2372.46676115985,-0.0587696302252135
"3699","MYOT",0.605631414899173,0.988934057596567,0.266656798263151,1,2372.46676115985,0.532928799901057
"6414","ZNF518A",0.605827057688716,0.988934057596567,0.266367496188054,1,2372.46676115985,-0.0699513160351363
"128","UQCRHL",0.605838162698476,0.988934057596567,0.266351080885875,1,2372.46676115985,0.429294715140076
"5874","CTNNAL1",0.606041837754894,0.988934057596567,0.266050124275477,1,2372.46676115985,0.221407256093745
"3166","LAMTOR3",0.606046262440102,0.988934057596567,0.26604358861333,1,2372.46676115985,-0.10702329234255
"6302","PPA1",0.606135265867326,0.988934057596567,0.265912144046696,1,2372.46676115985,0.158551424695756
"12596","NHSL2",0.606175881129812,0.988934057596567,0.265852175125364,1,2372.46676115985,-0.542364784609942
"8708","SLC12A6",0.606218131278296,0.988934057596567,0.26578980136026,1,2372.46676115985,-0.071021694854583
"999","RABGAP1L",0.606273623916476,0.988934057596567,0.265707891821172,1,2372.46676115985,0.0403992392713882
"4100","PBX2",0.606286625834096,0.988934057596567,0.265688702737661,1,2372.46676115985,0.120756036338345
"7319","EI24",0.60645212874643,0.988934057596567,0.265444519304477,1,2372.46676115985,-0.118859296799854
"3399","GOLPH3",0.606554918103572,0.988934057596567,0.265292935129164,1,2372.46676115985,-0.0683724113711978
"9334","ATXN2L",0.606636420807418,0.988934057596567,0.265172781466679,1,2372.46676115985,0.11043186527367
"8528","EIF2B2",0.606652642625088,0.988934057596567,0.265148870898943,1,2372.46676115985,0.167009232946816
"3369","LPCAT1",0.60666603275073,0.988934057596567,0.265129135204523,1,2372.46676115985,0.104842273880734
"12006","RUNX1",0.606740419355196,0.988934057596567,0.265019513773994,1,2372.46676115985,-0.0606295654495986
"1790","KYNU",0.606877960778196,0.988934057596567,0.26481689839945,1,2372.46676115985,-0.050804751133252
"2686","RNF7",0.606882558633572,0.988934057596567,0.264810126887849,1,2372.46676115985,-0.0562932786173859
"4038","PRR3",0.607018636461787,0.988934057596567,0.264609767247234,1,2372.46676115985,0.17966293957806
"6201","YME1L1",0.607054765982966,0.988934057596567,0.264556586610142,1,2372.46676115985,-0.0553199229804093
"11005","MPV17L2",0.607089076540059,0.988934057596567,0.264506089643546,1,2372.46676115985,-0.291422067883437
"9476","KIFC3",0.607174659037867,0.988934057596567,0.264380159154648,1,2372.46676115985,0.0910292709322897
"5652","FOCAD",0.607179456831924,0.988934057596567,0.264373100556054,1,2372.46676115985,0.0835763093384998
"3335","WWC2",0.607319725380149,0.988934057596567,0.264166787668768,1,2372.46676115985,-0.0848032348928099
"3403","ADAMTS12",0.607348675865375,0.988934057596567,0.264124218751365,1,2372.46676115985,-0.747239309408609
"7383","CD9",0.607440296022925,0.988934057596567,0.263989528654597,1,2372.46676115985,-0.0572121237032598
"824","SHE",0.607557854954828,0.988934057596567,0.263816769760166,1,2372.46676115985,0.866052609005481
"894","DUSP23",0.607576025299099,0.988934057596567,0.263790073882046,1,2372.46676115985,0.0778105968122986
"12712","SMARCA1",0.607669082518134,0.988934057596567,0.263653380931198,1,2372.46676115985,-0.420939419462337
"4025","TRIM27",0.60772212782065,0.988934057596567,0.263575482033646,1,2372.46676115985,-0.0878474998180713
"12496","ZNF81",0.607762884505395,0.988934057596567,0.263515639284926,1,2372.46676115985,-0.132537921459477
"1336","PUM2",0.60778782999915,0.988934057596567,0.263479016230148,1,2372.46676115985,0.0506551642634168
"7198","CASP4",0.607792206423666,0.988934057596567,0.263472591431955,1,2372.46676115985,-0.062136880238146
"4352","PREP",0.607824747756667,0.988934057596567,0.263424822319987,1,2372.46676115985,0.0895012503809054
"10433","GPS1",0.607833518438559,0.988934057596567,0.26341194831691,1,2372.46676115985,0.132513580047657
"6514","BBIP1",0.607873046425431,0.988934057596567,0.263353932284527,1,2372.46676115985,-0.143983200199636
"9006","STARD5",0.607963922375337,0.988934057596567,0.26322058241228,1,2372.46676115985,0.259495626194781
"1904","ITGAV",0.608057340005516,0.988934057596567,0.263083547384807,1,2372.46676115985,-0.0652520849242258
"5735","CBWD5",0.608072301964873,0.988934057596567,0.263061603760899,1,2372.46676115985,0.149259893112792
"1978","ABI2",0.608205346871326,0.988934057596567,0.262866527254768,1,2372.46676115985,-0.0953158722186367
"4934","POP7",0.608212683818987,0.988934057596567,0.262855772146415,1,2372.46676115985,0.131563698726406
"8050","ZDHHC20",0.608276185849974,0.988934057596567,0.262762697195652,1,2372.46676115985,-0.0667134168993192
"5303","TACC1",0.608494747374732,0.988934057596567,0.262442510553782,1,2372.46676115985,0.047767777286388
"11351","NAPA",0.608570296772636,0.988934057596567,0.262331890071837,1,2372.46676115985,0.0596761609859349
"3685","SAR1B",0.608571011784285,0.988934057596567,0.262330843282429,1,2372.46676115985,0.0793466959816088
"11899","VAPB",0.608643241176064,0.988934057596567,0.262225111790054,1,2372.46676115985,-0.0941447087763668
"1163","LYPLAL1",0.608801037958836,0.988934057596567,0.26199421782421,1,2372.46676115985,-0.0661699423123127
"1884","RBM45",0.608973656211093,0.988934057596567,0.261741783528863,1,2372.46676115985,-0.16540426041723
"11085","PDCD5",0.608997854375023,0.988934057596567,0.261706408772996,1,2372.46676115985,0.0980823504759459
"2717","SELENOT",0.608999772359234,0.988934057596567,0.261703605043699,1,2372.46676115985,-0.0570171669795203
"1199","PSEN2",0.609106459928484,0.988934057596567,0.261547677885233,1,2372.46676115985,-0.162269068227949
"12257","PICK1",0.609108722897011,0.988934057596567,0.261544371122165,1,2372.46676115985,-0.191180765977144
"361","RIMS3",0.609145043436015,0.988934057596567,0.261491301337991,1,2372.46676115985,-0.256181607895728
"1959","NDUFB3",0.60918525817872,0.988934057596567,0.261432549459567,1,2372.46676115985,0.0816522542421486
"1835","GRB14",0.609202795457082,0.988934057596567,0.261406930914787,1,2372.46676115985,0.863634549050077
"9699","PRPF8",0.609245920816098,0.988934057596567,0.261343939907127,1,2372.46676115985,0.0765971203704606
"7369","TULP3",0.60924906094926,0.988934057596567,0.261339353649088,1,2372.46676115985,0.157338023667599
"3501","TAF9",0.609265588838555,0.988934057596567,0.261315215011069,1,2372.46676115985,-0.131498988573073
"3254","IL15",0.609279797503543,0.988934057596567,0.261294464675929,1,2372.46676115985,-0.0937648020344892
"3882","TMED9",0.609363027394352,0.988934057596567,0.261172936610572,1,2372.46676115985,-0.0597896671629415
"4353","PRDM1",0.609382691607767,0.988934057596567,0.261144229130283,1,2372.46676115985,-0.0884894845715476
"12658","BEX3",0.609566378026006,0.988934057596567,0.260876164275357,1,2372.46676115985,0.066047321089297
"414","PRDX1",0.609649469972529,0.988934057596567,0.260754960118261,1,2372.46676115985,-0.0397261750870606
"6537","EIF3A",0.609718323906611,0.988934057596567,0.260654551497678,1,2372.46676115985,-0.0461835741892627
"9823","BORCS6",0.609723237937867,0.988934057596567,0.260647386374352,1,2372.46676115985,-0.162418621819338
"5734","CBWD6",0.609871996711392,0.988934057596567,0.260430540745184,1,2372.46676115985,-0.349083475191839
"10516","CABYR",0.610095467008033,0.988934057596567,0.260105001895869,1,2372.46676115985,0.364779343398516
"12576","OPHN1",0.610100204406593,0.988934057596567,0.260098103499598,1,2372.46676115985,-0.0959276700866951
"5762","RFK",0.610118488934014,0.988934057596567,0.260071479437347,1,2372.46676115985,-0.109284429393753
"7059","TESMIN",0.610179474689731,0.988934057596567,0.259982690620601,1,2372.46676115985,0.502067376687996
"4811","RHBDD2",0.610226025677268,0.988934057596567,0.259914930155406,1,2372.46676115985,0.12321583397957
"5490","UTP23",0.610255553366193,0.988934057596567,0.259871954881351,1,2372.46676115985,0.125309579067648
"4286","CGAS",0.610298809310512,0.988934057596567,0.259809007272732,1,2372.46676115985,0.0905766695476074
"11113","FXYD1",0.610392312943363,0.988934057596567,0.25967297024102,1,2372.46676115985,0.591088674282664
"2642","PIK3R4",0.610456342022416,0.988934057596567,0.259579841181574,1,2372.46676115985,-0.121739261759012
"8857","MINDY2",0.610470233235177,0.988934057596567,0.259559639458248,1,2372.46676115985,-0.0857703567680067
"3355","TLR3",0.610683130448847,0.988934057596567,0.259250151001146,1,2372.46676115985,0.283263358027327
"9539","DPEP2",0.610705318159119,0.988934057596567,0.259217910127953,1,2372.46676115985,-0.112354946625313
"5435","FSBP",0.610733141599264,0.988934057596567,0.259177483566261,1,2372.46676115985,-0.52273860015988
"2457","PXK",0.610753381053658,0.988934057596567,0.259148078785651,1,2372.46676115985,-0.113837856383288
"5536","TRAPPC9",0.610782831753589,0.988934057596567,0.259105295249377,1,2372.46676115985,0.0530902530391699
"10733","HDGFL2",0.610796328727182,0.988934057596567,0.259085689450755,1,2372.46676115985,0.103273614176501
"9603","SYCE1L",0.610848394214902,0.988934057596567,0.259010067508432,1,2372.46676115985,0.305090754098753
"2379","IFRD2",0.610859690110543,0.988934057596567,0.258993662744293,1,2372.46676115985,0.188015747066163
"8826","SCG3",0.610947480535344,0.988934057596567,0.258866189066103,1,2372.46676115985,0.859085996555049
"10774","GPR108",0.610960639485247,0.988934057596567,0.258847085378227,1,2372.46676115985,0.0976429340151927
"7153","EED",0.611134960671833,0.988934057596567,0.258594095916256,1,2372.46676115985,0.100707389154521
"9067","SLCO3A1",0.611182863851284,0.988934057596567,0.25852460209169,1,2372.46676115985,0.0568138767107028
"9840","TMEM220",0.61124445129373,0.988934057596567,0.258435273581522,1,2372.46676115985,0.212825869910837
"9426","GPT2",0.611269942928055,0.988934057596567,0.25839830533691,1,2372.46676115985,-0.336334950257331
"3162","METAP1",0.611398915810275,0.988934057596567,0.258211318468522,1,2372.46676115985,-0.128422561797694
"6500","SLK",0.611487407145044,0.988934057596567,0.258083071628371,1,2372.46676115985,-0.0773895225261867
"9110","ANTKMT",0.611700916002171,0.988934057596567,0.257773807038578,1,2372.46676115985,0.0971044810580591
"3616","SRP19",0.611743934389354,0.988934057596567,0.257711523735409,1,2372.46676115985,-0.0815311053294797
"692","CD58",0.611818418207192,0.988934057596567,0.257603706224915,1,2372.46676115985,0.061856226632477
"9386","ZNF688",0.61187294911737,0.988934057596567,0.257524789121637,1,2372.46676115985,-0.119520618774136
"5479","LRP12",0.611975649338748,0.988934057596567,0.257376202696734,1,2372.46676115985,-0.0727266130540945
"10201","TOM1L1",0.61202485364785,0.988934057596567,0.257305033128341,1,2372.46676115985,-0.213335595890025
"10500","ZNF519",0.612190353135606,0.988934057596567,0.257065743931014,1,2372.46676115985,-0.22627004225573
"7941","GCN1",0.612229296717184,0.988934057596567,0.257009457278063,1,2372.46676115985,-0.116405873917952
"1921","NAB1",0.612265920069801,0.988934057596567,0.256956531209572,1,2372.46676115985,0.0994318120299374
"9551","SNTB2",0.612276780551839,0.988934057596567,0.256940837551274,1,2372.46676115985,0.0973492448654355
"10674","CSNK1G2",0.612357992148054,0.988934057596567,0.256823503931682,1,2372.46676115985,-0.091889893934531
"12467","BCOR",0.612481985902155,0.988934057596567,0.256644424084337,1,2372.46676115985,0.140045904006747
"2869","SENP5",0.612667255482941,0.988934057596567,0.256376991939554,1,2372.46676115985,0.0612499308089941
"4250","TNFRSF21",0.612782584402014,0.988934057596567,0.256210605892342,1,2372.46676115985,-0.0818313024367235
"12655","TCEAL8",0.612814970526772,0.988934057596567,0.256163894346858,1,2372.46676115985,0.0778664428004626
"2879","IQCG",0.613206819582644,0.988934057596567,0.255599141704133,1,2372.46676115985,0.0980444464677808
"12588","MED12",0.613229887631698,0.988934057596567,0.255565919259151,1,2372.46676115985,-0.160604221067023
"7744","CPM",0.613272245407091,0.988934057596567,0.255504922943164,1,2372.46676115985,-0.06156984469084
"6826","CELF1",0.613291579393862,0.988934057596567,0.255477084529484,1,2372.46676115985,0.0456252192553998
"4975","RINT1",0.613427257577531,0.988934057596567,0.255281779244405,1,2372.46676115985,-0.165172624607657
"8484","PLEKHD1",0.613448151404387,0.988934057596567,0.255251711443877,1,2372.46676115985,0.850535480116701
"11254","ERF",0.613620242812786,0.988934057596567,0.255004143408986,1,2372.46676115985,-0.166748486879472
"8197","DNAJC3",0.613861813948104,0.988934057596567,0.254656877209614,1,2372.46676115985,0.063316915451889
"9471","CIAPIN1",0.613939199707281,0.988934057596567,0.254545695501512,1,2372.46676115985,-0.143024193623526
"11751","AHCY",0.613972638472014,0.988934057596567,0.254497662765677,1,2372.46676115985,-0.129739291280099
"5385","UBE2W",0.613992421630458,0.988934057596567,0.254469248148345,1,2372.46676115985,-0.0463806673377959
"1823","WDSUB1",0.614017767023907,0.988934057596567,0.254432847382134,1,2372.46676115985,0.0917922755309684
"561","SELENOF",0.61402848040635,0.988934057596567,0.254417461926076,1,2372.46676115985,0.0583257853004844
"12130","MAPK1",0.614064440509611,0.988934057596567,0.2543658239975,1,2372.46676115985,0.0498208159464431
"11848","CD40",0.614354809116644,0.988934057596567,0.253949101788731,1,2372.46676115985,-0.13303211769723
"1893","UBE2E3",0.614398146061327,0.988934057596567,0.25388694355894,1,2372.46676115985,0.0661970539914837
"5268","FZD3",0.614449257367812,0.988934057596567,0.253813646813527,1,2372.46676115985,-0.162734009590055
"2662","PPP2R3A",0.614476522987923,0.988934057596567,0.253774551670489,1,2372.46676115985,0.102661715586165
"1755","GYPC",0.614745573238518,0.988934057596567,0.253388973076177,1,2372.46676115985,-0.0715630274810136
"3878","PDLIM7",0.614836333845242,0.988934057596567,0.253258986026414,1,2372.46676115985,-0.11508283758205
"10650","SBNO2",0.614915630950817,0.988934057596567,0.253145451177335,1,2372.46676115985,-0.122479960415938
"12117","SERPIND1",0.614944054033472,0.988934057596567,0.253104763758293,1,2372.46676115985,-0.728543058890774
"243","ATP5IF1",0.614963336303783,0.988934057596567,0.25307716367317,1,2372.46676115985,-0.0436178016872132
"1264","CHML",0.615160637259127,0.988934057596567,0.252794861137463,1,2372.46676115985,-0.198276537598075
"8655","SIVA1",0.615163326500584,0.988934057596567,0.252791014675292,1,2372.46676115985,0.0661457864154486
"7729","TBC1D30",0.615163668671436,0.988934057596567,0.252790525265848,1,2372.46676115985,-0.139713768876546
"823","IL6R",0.615173996042135,0.988934057596567,0.252775754232145,1,2372.46676115985,-0.0634224958200833
"12336","RTL6",0.615219060253898,0.988934057596567,0.252711306109836,1,2372.46676115985,0.227604784078408
"11347","C5AR1",0.615226650791994,0.988934057596567,0.252700451592275,1,2372.46676115985,-0.0481371391516639
"7822","CHPT1",0.615251946561259,0.988934057596567,0.252664280590271,1,2372.46676115985,0.0716339397080246
"1898","NCKAP1",0.615382672719216,0.988934057596567,0.252477403935412,1,2372.46676115985,-0.454141221434194
"10573","MEX3C",0.615417957701847,0.988934057596567,0.252426977918732,1,2372.46676115985,-0.164238094723784
"8609","IFI27L1",0.615437984181859,0.988934057596567,0.252398360741374,1,2372.46676115985,-0.162206099419799
"12282","MIEF1",0.615442900875577,0.988934057596567,0.252391335259367,1,2372.46676115985,-0.122309202219573
"2671","ARMC8",0.615603581425789,0.988934057596567,0.252161805610543,1,2372.46676115985,-0.0663829377755393
"7797","NDUFA12",0.615650092868935,0.988934057596567,0.252095389144754,1,2372.46676115985,0.0588138208381869
"7249","BUD13",0.615666919576888,0.988934057596567,0.252071363982346,1,2372.46676115985,-0.185628472759023
"6294","SUPV3L1",0.615681452276246,0.988934057596567,0.252050615357593,1,2372.46676115985,-0.181479592768408
"9672","FANCA",0.615707634830075,0.988934057596567,0.252013236701781,1,2372.46676115985,-0.223700388088406
"11049","ZNF506",0.6157399308774,0.988934057596567,0.251967135100035,1,2372.46676115985,0.144711869147986
"11397","RCN3",0.615795869877209,0.988934057596567,0.251887296412377,1,2372.46676115985,-0.121159345102841
"12691","SLC25A5",0.615802252514769,0.988934057596567,0.251878187828113,1,2372.46676115985,-0.072775472669423
"3808","TIMD4",0.615915783134012,0.988992693663105,0.251716204113762,1,2372.46676115985,-0.503588029409206
"7794","PLXNC1",0.616046524657755,0.989051791056696,0.251529744944806,1,2372.46676115985,0.0663241694885524
"4497","ZC3H12D",0.616209066925304,0.989051791056696,0.251298053182722,1,2372.46676115985,-0.126499171973355
"9347","QPRT",0.616233033886334,0.989051791056696,0.251263901386269,1,2372.46676115985,-0.0927129711607706
"1221","PGBD5",0.616260679093888,0.989051791056696,0.251224511867663,1,2372.46676115985,-0.234982343906655
"11646","DDRGK1",0.616464992286811,0.989138075016395,0.250933521570882,1,2372.46676115985,-0.0784582683847239
"9547","ZFP90",0.616468500456056,0.989138075016395,0.25092852695057,1,2372.46676115985,-0.126216569432247
"12448","ACOT9",0.616645737258378,0.989298839597055,0.250676273824322,1,2372.46676115985,-0.0641388560888356
"11632","SIRPB1",0.616732364175609,0.98931421466321,0.250553039374353,1,2372.46676115985,0.0839170062819909
"239","XKR8",0.617040633186905,0.989685082532232,0.250114806719964,1,2372.46676115985,-0.245203311054141
"2425","SPCS1",0.617169680327573,0.989735386665997,0.249931496765971,1,2372.46676115985,0.0598036872307531
"6596","PAOX",0.617226148775119,0.989735386665997,0.24985131041603,1,2372.46676115985,0.194814206992419
"7345","SNX19",0.617629505656537,0.990220377006834,0.249279002918419,1,2372.46676115985,0.0840972584409675
"10738","TNFAIP8L1",0.617682829984015,0.990220377006834,0.249203404447408,1,2372.46676115985,0.141052621490612
"2843","MB21D2",0.617829301853693,0.99029772354698,0.248995823403195,1,2372.46676115985,0.0693398202238118
"189","SRSF10",0.617925886110269,0.99029772354698,0.248859002565372,1,2372.46676115985,-0.0693593278308772
"7652","BLOC1S1",0.618101821729583,0.99029772354698,0.248609893600393,1,2372.46676115985,-0.0488725488457587
"5238","EGR3",0.61810718548352,0.99029772354698,0.248602301455536,1,2372.46676115985,0.428696797237418
"8880","SNX22",0.618116677379413,0.99029772354698,0.248588866471997,1,2372.46676115985,0.845930167560334
"11165","ZNF875",0.618358566700184,0.990308184062424,0.248246645341103,1,2372.46676115985,0.137087457027371
"10821","ZNF846",0.61849059832149,0.990308184062424,0.248059973254807,1,2372.46676115985,0.0946484678161761
"871","TMEM79",0.618554218100451,0.990308184062424,0.247970056111826,1,2372.46676115985,-0.244666819000682
"7460","SMIM10L1",0.618752423603497,0.990308184062424,0.247690052356547,1,2372.46676115985,0.0971677051179458
"1450","TMEM178A",0.618825250195088,0.990308184062424,0.247587220237094,1,2372.46676115985,0.465354455520782
"108","PLOD1",0.61885446089271,0.990308184062424,0.247545981827137,1,2372.46676115985,0.0825377738599046
"1327","NBAS",0.618887080130181,0.990308184062424,0.247499936451063,1,2372.46676115985,-0.063922251728601
"4015","ZSCAN16",0.618936943740875,0.990308184062424,0.24742955921216,1,2372.46676115985,-0.259373671717004
"1089","CHIT1",0.619045004935924,0.990308184062424,0.247277085047683,1,2372.46676115985,0.19566781637757
"11156","ZNF850",0.61905145469664,0.990308184062424,0.24726798629995,1,2372.46676115985,0.311217880126375
"4966","PMPCB",0.619167030822953,0.990308184062424,0.247104977190989,1,2372.46676115985,-0.0992328420321205
"6277","REEP3",0.619198672372885,0.990308184062424,0.24706036148918,1,2372.46676115985,0.0603889378610246
"3289","GUCY1B1",0.61924702239944,0.990308184062424,0.24699219594862,1,2372.46676115985,-0.688754308720807
"1903","ZC3H15",0.619309559861211,0.990308184062424,0.246904045866047,1,2372.46676115985,-0.0674409737001776
"1098","MDM4",0.619392528882625,0.990308184062424,0.246787126625089,1,2372.46676115985,-0.0634935230294894
"10006","PIGW",0.619401000220279,0.990308184062424,0.246775190830472,1,2372.46676115985,0.43174441162813
"2926","TMEM128",0.619497903203264,0.990308184062424,0.246638683791775,1,2372.46676115985,-0.165308034885889
"6348","LRMDA",0.619511380933997,0.990308184062424,0.24661970146909,1,2372.46676115985,-0.0285934181313089
"1574","STAMBP",0.619762448016823,0.990385190004905,0.246266259712228,1,2372.46676115985,0.0864134126018802
"4172","FGD2",0.619775576512662,0.990385190004905,0.246247786654901,1,2372.46676115985,-0.0918975802213065
"8923","NOX5",0.619852002091943,0.990385190004905,0.246140265653126,1,2372.46676115985,0.434109621079658
"1926","NABP1",0.619868061059841,0.990385190004905,0.246117676462133,1,2372.46676115985,0.0489256574327379
"4927","SAP25",0.619986408140848,0.990451040922696,0.245951244526645,1,2372.46676115985,0.162119694315451
"10087","EZH1",0.620249766915789,0.990494617557227,0.245581133774528,1,2372.46676115985,0.0870332471501091
"7858","FICD",0.620269068538122,0.990494617557227,0.245554021930173,1,2372.46676115985,-0.296345383138026
"8092","RFXAP",0.620306931500855,0.990494617557227,0.245500843486843,1,2372.46676115985,-0.229985514939705
"7375","C12orf4",0.620369607517577,0.990494617557227,0.245412830930817,1,2372.46676115985,0.0984312392087484
"7242","TMPRSS5",0.620421410401973,0.990494617557227,0.245340101763075,1,2372.46676115985,0.598471716738008
"5250","ADAM28",0.620701509014626,0.990494617557227,0.24494708703024,1,2372.46676115985,-0.0570462455222193
"2987","RBPJ",0.620856697662288,0.990494617557227,0.2447295060472,1,2372.46676115985,-0.0443107266331115
"8632","WDR20",0.620882026100161,0.990494617557227,0.244694005940425,1,2372.46676115985,-0.0777988700808271
"3794","FAT2",0.620885366422292,0.990494617557227,0.244689324414718,1,2372.46676115985,0.384328770740938
"6970","SYVN1",0.620941588638316,0.990494617557227,0.24461053626276,1,2372.46676115985,0.155517333916562
"3125","CDS1",0.621053649623442,0.990494617557227,0.244453544409832,1,2372.46676115985,0.32334922150427
"4952","ALKBH4",0.621206673954607,0.990494617557227,0.244239266238218,1,2372.46676115985,0.152826980872274
"1138","RCOR3",0.621512237453163,0.990494617557227,0.243811738985137,1,2372.46676115985,0.068355253491526
"9781","DVL2",0.621565498905306,0.990494617557227,0.243737266235039,1,2372.46676115985,-0.196027254918437
"2624","SEC61A1",0.621640314201105,0.990494617557227,0.243632679748872,1,2372.46676115985,-0.0744926065250664
"12574","EDA2R",0.621732038380628,0.990494617557227,0.243504493927175,1,2372.46676115985,0.295237261535908
"2780","PIK3CA",0.621832072629852,0.990494617557227,0.243364742483536,1,2372.46676115985,-0.0677767328181035
"7559","SLC48A1",0.621932946682069,0.990494617557227,0.243223868311174,1,2372.46676115985,0.112475293567564
"8535","JDP2",0.622045824295503,0.990494617557227,0.243066290855451,1,2372.46676115985,0.0986291983613675
"3950","BLOC1S5",0.622078652237603,0.990494617557227,0.243020474873589,1,2372.46676115985,0.115431819514004
"8285","PSMB5",0.622129381575094,0.990494617557227,0.24294968554909,1,2372.46676115985,0.0718524646994496
"9574","ZNF19",0.62217491043658,0.990494617557227,0.242886164047175,1,2372.46676115985,-0.280065541721802
"8564","TSHR",0.622309328644487,0.990494617557227,0.242698685066137,1,2372.46676115985,0.356708170442318
"11920","MRGBP",0.622478437178684,0.990494617557227,0.242462949722989,1,2372.46676115985,0.140149176021851
"5094","TMEM178B",0.622479925794947,0.990494617557227,0.242460875241057,1,2372.46676115985,0.8294025126812
"11421","NR1H2",0.622483116480075,0.990494617557227,0.242456428854489,1,2372.46676115985,-0.0856239642359607
"7950","COQ5",0.622708068869631,0.990494617557227,0.242143073602351,1,2372.46676115985,0.139036928005188
"11258","LIPE",0.622766594051901,0.990494617557227,0.242061590175225,1,2372.46676115985,0.475911893680298
"2625","RUVBL1",0.622820666065075,0.990494617557227,0.241986321942624,1,2372.46676115985,0.134497294629384
"1627","IMMT",0.622836710201865,0.990494617557227,0.241963991303737,1,2372.46676115985,0.0627628465957429
"11652","C20orf27",0.622897189586931,0.990494617557227,0.241879826056901,1,2372.46676115985,-0.134001308412663
"10069","KCNH4",0.622929634058694,0.990494617557227,0.241834682678345,1,2372.46676115985,0.570263533572431
"6865","MS4A4A",0.622937070609627,0.990494617557227,0.241824336166245,1,2372.46676115985,0.0461887498860033
"4373","SMPD2",0.623036337717948,0.990494617557227,0.241686251642249,1,2372.46676115985,-0.320967711021634
"6069","GPSM1",0.623105814489154,0.990494617557227,0.241589635799828,1,2372.46676115985,-0.504825871893679
"12307","SNU13",0.623126953685436,0.990494617557227,0.241560243952695,1,2372.46676115985,-0.0664680176324338
"2899","MAEA",0.623227253214121,0.990494617557227,0.241420818175421,1,2372.46676115985,0.0732865672576924
"10822","FBXL12",0.623263401992655,0.990494617557227,0.241370580223547,1,2372.46676115985,-0.159263370208761
"750","C1orf54",0.6232665439872,0.990494617557227,0.24136621392694,1,2372.46676115985,0.0655332813905202
"5439","CCNE2",0.623318297073681,0.990494617557227,0.241294301911146,1,2372.46676115985,0.420077887100466
"1795","ORC4",0.623346593152925,0.990494617557227,0.24125498953033,1,2372.46676115985,0.0888230940817997
"1578","MOB1A",0.623440952010537,0.990494617557227,0.241123923373629,1,2372.46676115985,-0.0443612364775028
"2799","KLHL24",0.623574624706633,0.990494617557227,0.240938325239993,1,2372.46676115985,-0.0656047410661679
"7247","REXO2",0.623603781837804,0.990494617557227,0.240897853741421,1,2372.46676115985,0.103062003868327
"1497","CCDC88A",0.623664969568164,0.990494617557227,0.240812935947463,1,2372.46676115985,-0.0353149567766874
"8947","PML",0.623686685430243,0.990494617557227,0.240782802621416,1,2372.46676115985,-0.0688237192964261
"590","FNBP1L",0.623844109239845,0.990494617557227,0.24056442841875,1,2372.46676115985,0.129745182299405
"5658","CDKN2B",0.623851249657243,0.990494617557227,0.240554526331951,1,2372.46676115985,0.289714111256716
"404","PTCH2",0.623869002936583,0.990494617557227,0.240529907786735,1,2372.46676115985,0.262374180287696
"10260","CCDC47",0.624064975671393,0.990494617557227,0.2402582554248,1,2372.46676115985,0.0606282446220551
"3394","CDH12",0.624269350908051,0.990494617557227,0.239975158496911,1,2372.46676115985,0.631225858393989
"1263","OPN3",0.624346041845953,0.990494617557227,0.239868980975354,1,2372.46676115985,-0.110483766458297
"4566","PDCD2",0.624417004377047,0.990494617557227,0.239770760300053,1,2372.46676115985,-0.107518127027979
"5471","ATP6V1C1",0.624485467092955,0.990494617557227,0.23967602330401,1,2372.46676115985,-0.0506879245637815
"11301","APOC1",0.624596919116277,0.990494617557227,0.239521848416257,1,2372.46676115985,-0.0596033269193094
"3043","SRD5A3",0.624619356910827,0.990494617557227,0.239490816985475,1,2372.46676115985,0.0929927733931327
"9864","ZNF624",0.624626192001729,0.990494617557227,0.239481364561822,1,2372.46676115985,0.165914620201046
"7181","CEP57",0.624713451788929,0.990494617557227,0.239360711067176,1,2372.46676115985,0.081148312718615
"8821","AP4E1",0.624772560522731,0.990494617557227,0.239279003242346,1,2372.46676115985,0.0835660764260016
"3062","SULT1B1",0.624794478480232,0.990494617557227,0.239248709767489,1,2372.46676115985,-0.735446284737063
"2530","NFKBIZ",0.625069851854464,0.990494617557227,0.238868310328127,1,2372.46676115985,0.145702324673426
"8878","CIAO2A",0.625116644244686,0.990494617557227,0.238803708819563,1,2372.46676115985,0.0611567792818813
"6707","RNF141",0.62514086476613,0.990494617557227,0.238770274252774,1,2372.46676115985,0.0959488943562174
"3730","NDUFA2",0.625168626740495,0.990494617557227,0.23873195454937,1,2372.46676115985,0.051215976659838
"9504","B3GNT9",0.625208869815489,0.990494617557227,0.238676414013469,1,2372.46676115985,-0.677972408263858
"4079","LSM2",0.625461049367689,0.990494617557227,0.238328556514615,1,2372.46676115985,0.0938869044392732
"11801","TGM2",0.62563752857221,0.990494617557227,0.23808530721432,1,2372.46676115985,-0.113226287099637
"11362","GRIN2D",0.625673326335534,0.990494617557227,0.238035984291932,1,2372.46676115985,-0.178339124352158
"11585","ZNF814",0.625677761826069,0.990494617557227,0.238029873418879,1,2372.46676115985,0.134065830107659
"6351","POLR3A",0.625723315383065,0.990494617557227,0.23796711889994,1,2372.46676115985,-0.137153110366444
"10134","MAP3K14",0.625770970168684,0.990494617557227,0.23790148069338,1,2372.46676115985,0.0749157734574718
"10581","FECH",0.625895618149637,0.990494617557227,0.237729847469811,1,2372.46676115985,-0.13655165339962
"9756","SCIMP",0.626083567083207,0.990494617557227,0.237471197339691,1,2372.46676115985,-0.101127005964734
"11229","C19orf54",0.626115078109809,0.990494617557227,0.237427849789087,1,2372.46676115985,0.215963715079323
"12402","CLCN4",0.626224586999758,0.990494617557227,0.237277244018472,1,2372.46676115985,0.300808516159628
"12782","FLNA",0.626254591406498,0.990494617557227,0.23723598977124,1,2372.46676115985,0.0714892879882129
"8295","PABPN1",0.626387870645278,0.990494617557227,0.237052792499369,1,2372.46676115985,-0.0674666499214064
"10681","PLEKHJ1",0.626584422184705,0.990494617557227,0.23678278481679,1,2372.46676115985,0.103279822871997
"6811","ARHGAP1",0.626636186698732,0.990494617557227,0.236711706289711,1,2372.46676115985,-0.127380948748296
"9212","PPL",0.626675119318142,0.990494617557227,0.236658256098719,1,2372.46676115985,-0.500374810819629
"3199","GAR1",0.62672226559689,0.990494617557227,0.23659353945154,1,2372.46676115985,-0.179798060355797
"9007","MEX3B",0.626954805683761,0.990494617557227,0.236274496938902,1,2372.46676115985,0.468600583455188
"6747","ANO5",0.626991509735435,0.990494617557227,0.236224163690853,1,2372.46676115985,-0.144417501475066
"9271","CLEC19A",0.626998395563333,0.990494617557227,0.236214721709275,1,2372.46676115985,0.564088928946235
"2290","GASK1A",0.627113393713991,0.990494617557227,0.236057068480178,1,2372.46676115985,0.415398936776523
"765","SETDB1",0.627131113369908,0.990494617557227,0.236032782039297,1,2372.46676115985,-0.0936485245528409
"1539","APLF",0.627148632535865,0.990494617557227,0.23600877190687,1,2372.46676115985,-0.095537096647204
"3396","DROSHA",0.627164042004141,0.990494617557227,0.235987654376859,1,2372.46676115985,-0.104531358784579
"614","DPH5",0.627169890307693,0.990494617557227,0.2359796400176,1,2372.46676115985,0.158016611809932
"11097","CEBPG",0.627241892043631,0.990494617557227,0.235880984541616,1,2372.46676115985,-0.136284601694349
"11455","ZNF616",0.627251565822031,0.990494617557227,0.235867731648158,1,2372.46676115985,-0.188148312410013
"5520","TRIB1",0.627326928885244,0.990494617557227,0.235764501432116,1,2372.46676115985,-0.12962023814983
"247","RCC1",0.627374529630303,0.990494617557227,0.235699313651077,1,2372.46676115985,-0.189819968704168
"5134","GIMAP8",0.627410860450085,0.990494617557227,0.235649567186669,1,2372.46676115985,0.103222421299529
"4519","IPCEF1",0.627686385889092,0.990494617557227,0.235272511394338,1,2372.46676115985,-0.339275108894616
"6999","DRAP1",0.627704704795985,0.990494617557227,0.235247455244377,1,2372.46676115985,-0.0492705033713501
"11807","DHX35",0.62777053123485,0.990494617557227,0.235157433063724,1,2372.46676115985,-0.133479977502615
"7880","IFT81",0.627820865228898,0.990494617557227,0.235088612223035,1,2372.46676115985,-0.169859629602916
"8840","PIGBOS1",0.62788180838532,0.990494617557227,0.235005302298857,1,2372.46676115985,0.0945120496688867
"4348","CCNC",0.627886899775288,0.990494617557227,0.234998343141535,1,2372.46676115985,-0.0766716087947723
"6389","PCGF5",0.627928046066009,0.990494617557227,0.234942107077222,1,2372.46676115985,0.0613734975521773
"3891","ZNF354B",0.628024077393737,0.990494617557227,0.234810890059022,1,2372.46676115985,0.195303955215852
"3342","IRF2",0.628091476036035,0.990494617557227,0.234718823716171,1,2372.46676115985,-0.048645955849901
"1416","SPAST",0.628110780556667,0.990494617557227,0.234692457905692,1,2372.46676115985,-0.0714513142854981
"12415","GPM6B",0.628112893915466,0.990494617557227,0.234689571624552,1,2372.46676115985,-0.542995429030494
"10776","VAV1",0.628191671335537,0.990497206731291,0.23458199843603,1,2372.46676115985,0.0673395168037741
"9489","TK2",0.628408010550602,0.990716668321703,0.234286736625031,1,2372.46676115985,0.0902017989078452
"8842","CCPG1",0.62857419071712,0.99084554722189,0.234060088203525,1,2372.46676115985,0.0548776201179406
"4601","FBXL18",0.628706930217704,0.99084554722189,0.233879145795569,1,2372.46676115985,0.155084641286604
"169","CDC42",0.628808560647899,0.99084554722189,0.233740667731152,1,2372.46676115985,-0.0390381047006084
"11631","SIRPD",0.628809195225265,0.99084554722189,0.23373980323721,1,2372.46676115985,-0.121858626517132
"12562","FAAH2",0.628918000881414,0.99084554722189,0.233591604875909,1,2372.46676115985,0.297619173878543
"7012","RIN1",0.629016631194912,0.99084554722189,0.2334573158991,1,2372.46676115985,0.156048881673708
"7488","AEBP2",0.629268611265567,0.99084554722189,0.23311445154662,1,2372.46676115985,0.056688840034456
"9275","VPS35L",0.629347393198952,0.99084554722189,0.23300731826747,1,2372.46676115985,-0.0703149257396644
"12382","CRLF2",0.629476134479927,0.99084554722189,0.232832312055758,1,2372.46676115985,-0.393193030221328
"6575","DHX32",0.629592383455502,0.99084554722189,0.232674357066297,1,2372.46676115985,-0.08441436385102
"10688","TMPRSS9",0.629671877721068,0.99084554722189,0.232566381111845,1,2372.46676115985,0.354456923702834
"6759","DNAJC24",0.629680478091059,0.99084554722189,0.232554701200733,1,2372.46676115985,-0.103923043266731
"9214","ALG1",0.629755149957065,0.99084554722189,0.232453306717449,1,2372.46676115985,0.134415751970428
"1008","ANGPTL1",0.629856581015592,0.99084554722189,0.232315620446573,1,2372.46676115985,-0.488443328053142
"11704","CFAP61",0.629879167394432,0.99084554722189,0.232284967703472,1,2372.46676115985,0.398880608158901
"7085","ARAP1",0.629923680823612,0.99084554722189,0.232224564310177,1,2372.46676115985,0.0599113941240404
"6394","CPEB3",0.629931388571587,0.99084554722189,0.23221410610961,1,2372.46676115985,-0.0546131800439606
"3262","OTUD4",0.629951595578437,0.99084554722189,0.232186689760174,1,2372.46676115985,-0.0815946787499296
"2148","SRGAP3",0.630054017916825,0.99084554722189,0.232047756426767,1,2372.46676115985,-0.117471320541976
"1022","STX6",0.630091024055303,0.99084554722189,0.231997571126769,1,2372.46676115985,0.0619848611367136
"5880","ECPAS",0.630135083699062,0.99084554722189,0.231937829045125,1,2372.46676115985,-0.0562466701685681
"8150","TRIM13",0.630187336201322,0.99084554722189,0.231866990252239,1,2372.46676115985,-0.0831206354730663
"4122","HSD17B8",0.630280317302085,0.990870415582282,0.231740968599294,1,2372.46676115985,0.232066392152914
"6928","C11orf95",0.630544835122327,0.990897040286841,0.231382685905517,1,2372.46676115985,-0.504465909945023
"9331","SULT1A2",0.630564248486927,0.990897040286841,0.23135640443933,1,2372.46676115985,0.555333923060906
"12529","USP27X",0.630575613340563,0.990897040286841,0.231341019756498,1,2372.46676115985,0.348225075595984
"12773","IDH3G",0.630638985216978,0.990897040286841,0.231255244347488,1,2372.46676115985,0.0776996289998385
"11695","POLR3F",0.630734252149963,0.990897040286841,0.231126335033598,1,2372.46676115985,-0.183951233580967
"3738","PCDHGA5",0.630760252885651,0.990897040286841,0.231091160134447,1,2372.46676115985,-0.667866787593087
"3724","ANKHD1",0.63092323671456,0.991024596684985,0.230870743757936,1,2372.46676115985,0.043585618340355
"9624","HSDL1",0.630995802702004,0.991024596684985,0.230772648480313,1,2372.46676115985,0.131890155599592
"3664","SLC22A5",0.631091287642362,0.991053347757806,0.230643610268329,1,2372.46676115985,0.208092259448238
"7251","SIK3",0.631431822004313,0.991166968341338,0.230183774156546,1,2372.46676115985,-0.0428069931957508
"7578","LMBR1L",0.63147258776182,0.991166968341338,0.230128764484188,1,2372.46676115985,0.0933799389305945
"5343","TMEM68",0.631545026980751,0.991166968341338,0.230031034316416,1,2372.46676115985,0.133742149159796
"10465","MYL12A",0.631584770499228,0.991166968341338,0.229977425855943,1,2372.46676115985,-0.0356759737126707
"11948","RGS19",0.631849786405094,0.991166968341338,0.229620152806407,1,2372.46676115985,-0.085911008817517
"11963","BTG3",0.631907109340056,0.991166968341338,0.229542919577675,1,2372.46676115985,0.10336929864892
"10284","BPTF",0.632158937333104,0.991166968341338,0.229203811964126,1,2372.46676115985,-0.0418825470279093
"7206","GUCY1A2",0.632303440497936,0.991166968341338,0.229009365403665,1,2372.46676115985,-0.717168327214247
"9378","SEPTIN1",0.632819296905957,0.991166968341338,0.228316044872024,1,2372.46676115985,-0.278854901800138
"9306","NDUFAB1",0.632872238931812,0.991166968341338,0.228244962869604,1,2372.46676115985,0.0677095408635022
"9388","ZNF689",0.632886543054006,0.991166968341338,0.228225759936903,1,2372.46676115985,-0.183373589488387
"6581","MGMT",0.632889573770601,0.991166968341338,0.228221691401708,1,2372.46676115985,0.0622813557722313
"6163","DCLRE1C",0.633007827935004,0.991166968341338,0.228062977834808,1,2372.46676115985,0.0949441252959816
"4279","SMAP1",0.633060639979774,0.991166968341338,0.227992118612472,1,2372.46676115985,0.0544344426563172
"9627","MEAK7",0.633116630074078,0.991166968341338,0.227917010087733,1,2372.46676115985,-0.177101452904751
"8615","SYNE3",0.633162369990067,0.991166968341338,0.227855663053382,1,2372.46676115985,-0.161965752979925
"291","AK2",0.633316856955217,0.991166968341338,0.227648537856857,1,2372.46676115985,-0.0917751982968375
"5690","DCTN3",0.633332264297032,0.991166968341338,0.227627887123848,1,2372.46676115985,-0.0861912142486011
"5925","RAB14",0.633379521069933,0.991166968341338,0.227564555206992,1,2372.46676115985,0.0504904707466179
"2748","IFT80",0.633442482847149,0.991166968341338,0.227480192784883,1,2372.46676115985,-0.141170856678379
"11710","NXT1",0.633494728150892,0.991166968341338,0.227410203929963,1,2372.46676115985,0.170998699477182
"1783","R3HDM1",0.633595088054038,0.991166968341338,0.227275796874371,1,2372.46676115985,-0.0631868375563229
"7995","TMED2",0.633617643086379,0.991166968341338,0.227245596746027,1,2372.46676115985,0.0711214340690087
"4505","ULBP2",0.633781997007649,0.991166968341338,0.227025608915184,1,2372.46676115985,0.472652770853967
"10076","NAGLU",0.633825381521901,0.991166968341338,0.226967560522671,1,2372.46676115985,0.0913591706820868
"9545","SLC7A6OS",0.6339189608721,0.991166968341338,0.226842382547023,1,2372.46676115985,-0.107549402726232
"1935","ANKRD44",0.634010942546686,0.991166968341338,0.226719383011466,1,2372.46676115985,-0.0470338629176382
"5133","AC073111.4",0.634078804623411,0.991166968341338,0.226628662863232,1,2372.46676115985,0.289542614290178
"12485","NDUFB11",0.634188143770249,0.991166968341338,0.226482541711816,1,2372.46676115985,-0.0504685236714265
"11983","URB1",0.634568786580274,0.991166968341338,0.225974300272986,1,2372.46676115985,0.222444080288056
"8102","MRPS31",0.634582891965479,0.991166968341338,0.225955479947574,1,2372.46676115985,0.0873358007995131
"11777","PHF20",0.634767699706833,0.991166968341338,0.225708986156364,1,2372.46676115985,0.0559340077118239
"5052","TMEM209",0.634823855735805,0.991166968341338,0.225634118752618,1,2372.46676115985,0.144792906597575
"10983","ABHD8",0.634859599976606,0.991166968341338,0.225586472340312,1,2372.46676115985,0.0965181930180903
"9024","NMB",0.634970845379639,0.991166968341338,0.225438223731952,1,2372.46676115985,-0.127943522255788
"9200","NMRAL1",0.635025881938886,0.991166968341338,0.225364902616132,1,2372.46676115985,-0.111045118016639
"2487","GXYLT2",0.635066986940886,0.991166968341338,0.225310151011097,1,2372.46676115985,0.453244200239117
"6818","ACP2",0.63509746831283,0.991166968341338,0.225269555277786,1,2372.46676115985,0.0652730170042648
"10752","MICOS13",0.635146279645339,0.991166968341338,0.225204556651239,1,2372.46676115985,0.0761349434410877
"12050","PFKL",0.6352978820848,0.991166968341338,0.225002751583266,1,2372.46676115985,-0.0632450982743652
"1605","DNAH6",0.635510346389011,0.991166968341338,0.224720116907597,1,2372.46676115985,-0.534888396447502
"5086","KDM7A",0.635557839294279,0.991166968341338,0.22465696831888,1,2372.46676115985,-0.0683979645177538
"12054","UBE2G2",0.635560784230253,0.991166968341338,0.224653052964488,1,2372.46676115985,-0.0809828493595641
"781","PSMD4",0.6356521812788,0.991166968341338,0.2245315594349,1,2372.46676115985,-0.0627769681386992
"324","ZC3H12A",0.635747110567374,0.991166968341338,0.224405413122553,1,2372.46676115985,-0.273239082119641
"9773","RNASEK",0.635860033391786,0.991166968341338,0.224255412707759,1,2372.46676115985,0.0311919857113259
"4181","SAYSD1",0.635860456610651,0.991166968341338,0.224254850642791,1,2372.46676115985,-0.163759479817701
"12275","APOBEC3G",0.636026918462364,0.991166968341338,0.224033844247119,1,2372.46676115985,-0.097287531042147
"8313","CHMP4A",0.636080283194365,0.991166968341338,0.223963021728668,1,2372.46676115985,0.0616424943093575
"10164","HOXB7",0.636081328642318,0.991166968341338,0.2239616344088,1,2372.46676115985,0.490852250362827
"4091","STK19",0.636250946373279,0.991166968341338,0.223736619627126,1,2372.46676115985,0.153596530882678
"7651","TESPA1",0.636296281711052,0.991166968341338,0.223676501234584,1,2372.46676115985,0.408655248671054
"7490","PYROXD1",0.636363647334614,0.991166968341338,0.223587187125712,1,2372.46676115985,-0.100480190069242
"7475","PLBD1",0.636367165449947,0.991166968341338,0.223582523368084,1,2372.46676115985,0.0884845093452031
"4542","TCP1",0.636380784165129,0.991166968341338,0.223564470403171,1,2372.46676115985,0.096165190509991
"9599","ADAT1",0.636441249964858,0.991166968341338,0.223484327726476,1,2372.46676115985,0.125120589277159
"2129","STK25",0.636521016783305,0.991166968341338,0.223378629953016,1,2372.46676115985,0.101229422756879
"9045","AP3S2",0.636662104501518,0.991166968341338,0.223191751696216,1,2372.46676115985,0.0559769891068727
"3480","CWC27",0.636669026487358,0.991166968341338,0.223182585616257,1,2372.46676115985,0.0740113347558647
"7860","ISCU",0.636748938453616,0.991166968341338,0.223076783019824,1,2372.46676115985,0.0507742465500721
"12228","TXN2",0.636760624112537,0.991166968341338,0.223061313902654,1,2372.46676115985,0.0703979202223195
"11451","ZNF615",0.636783554184895,0.991166968341338,0.223030961682215,1,2372.46676115985,0.191770422925177
"9847","HS3ST3B1",0.636791017865301,0.991166968341338,0.223021082656328,1,2372.46676115985,-0.189978184450256
"4339","GPR63",0.636792294674641,0.991166968341338,0.223019392681441,1,2372.46676115985,-0.714485915918507
"31","CDK11A",0.636809885093851,0.991166968341338,0.222996110936877,1,2372.46676115985,-0.123881061951777
"930","MPZ",0.636949407272404,0.991166968341338,0.222811499436883,1,2372.46676115985,-0.39332967541673
"77","GPR157",0.63696903170889,0.991166968341338,0.22278554047939,1,2372.46676115985,0.173651894427732
"1723","RGPD8",0.637012933370259,0.991166968341338,0.222727474610302,1,2372.46676115985,0.181636410389254
"4589","IQCE",0.63709872295072,0.991166968341338,0.222614033027261,1,2372.46676115985,0.104989765374714
"789","MRPL9",0.637118061060167,0.991166968341338,0.222588466669371,1,2372.46676115985,0.123536211282003
"9035","AEN",0.637259253804536,0.991166968341338,0.22240185420003,1,2372.46676115985,-0.152537331278979
"1227","C1orf131",0.637358983926363,0.991166968341338,0.222270099946513,1,2372.46676115985,0.123534741530652
"12437","PDHA1",0.63738761668376,0.991166968341338,0.222232281800578,1,2372.46676115985,0.106075474024565
"3151","CCSER1",0.637453251753896,0.991166968341338,0.222145605839823,1,2372.46676115985,-0.118596798919885
"8201","IPO5",0.637454429573654,0.991166968341338,0.222144050630515,1,2372.46676115985,0.123314218076217
"11985","TCP10L",0.637525584113848,0.991166968341338,0.222050109544963,1,2372.46676115985,-0.678020393875134
"12537","TSPYL2",0.637559998638121,0.991166968341338,0.222004682817401,1,2372.46676115985,0.227820758789139
"2134","D2HGDH",0.637561747520852,0.991166968341338,0.22200237446642,1,2372.46676115985,0.119254446484081
"864","LMNA",0.637561831127747,0.991166968341338,0.222002264114016,1,2372.46676115985,0.0556445685567003
"12079","ADA2",0.637687487758405,0.991166968341338,0.221836448308556,1,2372.46676115985,0.0419772029529003
"3070","ANKRD17",0.637718640818071,0.991166968341338,0.221795350610103,1,2372.46676115985,-0.0395390927479633
"4440","MOXD1",0.637732699959847,0.991166968341338,0.221776805050967,1,2372.46676115985,0.649639704488359
"3648","C5orf63",0.637786530058717,0.991166968341338,0.221705805969302,1,2372.46676115985,-0.682333951870349
"9642","FBXO31",0.637816357796954,0.991166968341338,0.221666470723904,1,2372.46676115985,0.187959315342016
"3614","NREP",0.637901304102871,0.991166968341338,0.221554471382847,1,2372.46676115985,0.177725965672418
"1841","CERS6",0.637933990731307,0.991166968341338,0.221511384183979,1,2372.46676115985,0.0414457092311099
"9332","SULT1A1",0.637945159633706,0.991166968341338,0.221496662617694,1,2372.46676115985,0.0767819043292649
"5153","NUB1",0.638101435930408,0.991166968341338,0.221290739797594,1,2372.46676115985,-0.062517984357638
"12405","ARHGAP6",0.638327152076331,0.991166968341338,0.220993523618144,1,2372.46676115985,0.0708025107786276
"3698","HNRNPA0",0.638343501855645,0.991166968341338,0.220972004197166,1,2372.46676115985,0.0696751044049075
"5379","MSC",0.638427342651713,0.991166968341338,0.22086167385484,1,2372.46676115985,-0.362723605286765
"7674","SMARCC2",0.638431850284497,0.991166968341338,0.220855742985833,1,2372.46676115985,-0.0910666003992912
"7654","CD63",0.638520309740346,0.991166968341338,0.220739373089318,1,2372.46676115985,-0.0409283407573619
"8090","CCDC169",0.63861638151963,0.991166968341338,0.220613031459543,1,2372.46676115985,-0.604395209476411
"12695","SEPTIN6",0.638863679130286,0.991166968341338,0.220288019509583,1,2372.46676115985,-0.0667712090973979
"9619","HSBP1",0.638873302110412,0.991166968341338,0.220275378376621,1,2372.46676115985,0.0481792873561328
"9675","MC1R",0.639042834568178,0.991166968341338,0.220052746316006,1,2372.46676115985,-0.317984605099523
"11957","RBM11",0.639054585914166,0.991166968341338,0.220037319397284,1,2372.46676115985,-0.768600886912164
"2217","ZNF385D",0.639210346110951,0.991166968341338,0.219832903026423,1,2372.46676115985,-0.368911479703374
"10922","STX10",0.639214271803867,0.991166968341338,0.219827752527702,1,2372.46676115985,0.0696630783148812
"10707","NFIC",0.639416051655969,0.991166968341338,0.219563117000833,1,2372.46676115985,0.0522391085729811
"6472","PPRC1",0.639514556901174,0.991166968341338,0.219433997370274,1,2372.46676115985,-0.179929147974315
"5103","KEL",0.639527334484939,0.991166968341338,0.219417252042421,1,2372.46676115985,-0.340169678473909
"5459","COX6C",0.639640034246931,0.991166968341338,0.219269590062101,1,2372.46676115985,0.0403586655035518
"3902","MRNIP",0.639672103335292,0.991166968341338,0.219227583435569,1,2372.46676115985,-0.130068610362032
"3191","HADH",0.63972251022539,0.991166968341338,0.21916156642393,1,2372.46676115985,-0.12522305672851
"10459","METTL4",0.639802698342485,0.991166968341338,0.219056570443537,1,2372.46676115985,-0.122972156037677
"8012","GLT1D1",0.639855576071827,0.991166968341338,0.218987350667427,1,2372.46676115985,-0.241329823301017
"4337","MANEA",0.639870215442769,0.991166968341338,0.218968189304632,1,2372.46676115985,-0.148834587039771
"11601","ZNF497",0.639874351478236,0.991166968341338,0.218962775863996,1,2372.46676115985,0.538366276085917
"2847","TMEM44",0.640006464738791,0.991166968341338,0.218789902636209,1,2372.46676115985,-0.257537708239631
"7135","ALG8",0.640022810196867,0.991166968341338,0.218768520014356,1,2372.46676115985,-0.122773631011156
"8425","ARMH4",0.640077227658108,0.991166968341338,0.218697341955203,1,2372.46676115985,0.127607229157673
"5222","GFRA2",0.640083083116531,0.991166968341338,0.21868968385455,1,2372.46676115985,-0.711589040601809
"3055","POLR2B",0.640188268701207,0.991166968341338,0.218552144012844,1,2372.46676115985,-0.072697250400136
"5438","INTS8",0.640220628798982,0.991166968341338,0.218509840809075,1,2372.46676115985,-0.0869185872211118
"7826","WASHC3",0.640309475463436,0.991166968341338,0.218393720381239,1,2372.46676115985,0.0730489734969433
"2994","TBC1D1",0.640428132759712,0.991166968341338,0.218238696826482,1,2372.46676115985,-0.0504460672854269
"1709","CCDC138",0.640523661458438,0.991166968341338,0.21811393907623,1,2372.46676115985,-0.170286487298036
"3290","TDO2",0.640586091456312,0.991166968341338,0.218032430759863,1,2372.46676115985,-0.37235987190881
"11895","RBM38",0.640632835949399,0.991166968341338,0.217971413513243,1,2372.46676115985,0.187630100811105
"12373","KLHDC7B",0.640785552395477,0.991166968341338,0.21777213980398,1,2372.46676115985,0.354686438618783
"1864","PDK1",0.640895757675265,0.991166968341338,0.217628406188737,1,2372.46676115985,-0.103450812794008
"9221","PMM2",0.641111315515363,0.991166968341338,0.217347435052077,1,2372.46676115985,-0.106137155670503
"7132","INTS4",0.641209622574891,0.991166968341338,0.217219369038097,1,2372.46676115985,-0.0910033151040665
"4370","CEP57L1",0.641217553364093,0.991166968341338,0.217209039488104,1,2372.46676115985,-0.0999474536910164
"3588","RHOBTB3",0.641278095944306,0.991166968341338,0.217130194942232,1,2372.46676115985,-0.0961073369211209
"5605","ZNF250",0.641365121929558,0.991166968341338,0.217016891599605,1,2372.46676115985,0.165458543958712
"9005","IL16",0.641401426969413,0.991166968341338,0.216969634949264,1,2372.46676115985,-0.149624235695288
"4365","SNX3",0.641781734886828,0.991166968341338,0.216474981400761,1,2372.46676115985,0.0394427128811322
"86","NMNAT1",0.641859098783401,0.991166968341338,0.216374440876103,1,2372.46676115985,-0.102870281240227
"5681","UBAP2",0.642197209099502,0.991166968341338,0.215935372971966,1,2372.46676115985,0.0739423852285008
"8648","COA8",0.64223055927101,0.991166968341338,0.215892094033272,1,2372.46676115985,-0.103765579268225
"8695","GOLGA8O",0.642253166304979,0.991166968341338,0.215862759599199,1,2372.46676115985,0.302815358197893
"2823","TRA2B",0.642356710802658,0.991166968341338,0.215728433301591,1,2372.46676115985,-0.0635178532691389
"12422","PIR",0.642395762151231,0.991166968341338,0.215677785933224,1,2372.46676115985,-0.120745783980169
"3560","ZCCHC9",0.64243771841384,0.991166968341338,0.215623379112556,1,2372.46676115985,0.113806303877711
"5521","LRATD2",0.642479442762778,0.991166968341338,0.215569281300414,1,2372.46676115985,0.857379714456114
"9980","CCL7",0.642582541740547,0.991166968341338,0.21543564343399,1,2372.46676115985,-0.111937137537131
"2655","TOPBP1",0.642652206086013,0.991166968341338,0.215345372365804,1,2372.46676115985,0.0954146269013894
"1390","IFT172",0.642654695335639,0.991166968341338,0.215342147221251,1,2372.46676115985,-0.178304890421226
"11944","ZNF512B",0.642655908579815,0.991166968341338,0.215340575317285,1,2372.46676115985,-0.212919828178838
"2934","CRMP1",0.642673414095598,0.991166968341338,0.215317895589169,1,2372.46676115985,-0.399005284708099
"2236","GPD1L",0.642935250317958,0.991166968341338,0.214978840036612,1,2372.46676115985,0.211496637452167
"6270","TMEM26",0.643025284920992,0.991166968341338,0.214862327911905,1,2372.46676115985,0.104502310088299
"836","EFNA4",0.643193408889977,0.991166968341338,0.214644864481686,1,2372.46676115985,-0.244700786106443
"5685","NUDT2",0.643490376630713,0.991166968341338,0.2142610721023,1,2372.46676115985,0.10698489222054
"1859","DYNC1I2",0.643547180474784,0.991166968341338,0.214187707997556,1,2372.46676115985,0.0567991081460137
"2904","TMEM129",0.643590051015276,0.991166968341338,0.214132349330368,1,2372.46676115985,0.146856930215606
"2378","GNAI2",0.643600266298983,0.991166968341338,0.214119159630896,1,2372.46676115985,0.0291242395391509
"455","ECHDC2",0.643631266044169,0.991166968341338,0.214079136613452,1,2372.46676115985,-0.151853409221142
"4204","TBCC",0.643642272337648,0.991166968341338,0.214064927748067,1,2372.46676115985,0.122699242477004
"3666","IRF1",0.643656974671169,0.991166968341338,0.214045948275322,1,2372.46676115985,0.0827922468698078
"3561","SSBP2",0.643743503808182,0.991166968341338,0.213934267153906,1,2372.46676115985,-0.0699743757479944
"4515","SYNE1",0.643865708653169,0.991166968341338,0.213776600497983,1,2372.46676115985,0.0928182794746378
"4102","NOTCH4",0.643898005680391,0.991166968341338,0.213734943197657,1,2372.46676115985,-0.398761065515656
"9744","CHRNE",0.64394844282856,0.991166968341338,0.213669898290177,1,2372.46676115985,0.229129636666859
"12553","MAGEH1",0.643953112533441,0.991166968341338,0.213663876738938,1,2372.46676115985,0.257000480152621
"5193","XKR6",0.643963155581816,0.991166968341338,0.213650926648389,1,2372.46676115985,-0.107243852764673
"2048","PTPRN",0.644163226007886,0.991166968341338,0.213393043456218,1,2372.46676115985,-0.500553444957053
"3382","CMBL",0.644265042632586,0.991166968341338,0.213261878239347,1,2372.46676115985,-0.123502834290977
"10346","TRIM65",0.644296054610759,0.991166968341338,0.213221936794191,1,2372.46676115985,0.149170740919002
"7768","OSBPL8",0.644337284760447,0.991166968341338,0.213168842025142,1,2372.46676115985,0.0411530082647624
"4470","HECA",0.644463377992748,0.991166968341338,0.213006513268975,1,2372.46676115985,-0.0684834176799685
"671","LRIG2",0.644481945521397,0.991166968341338,0.21298261630871,1,2372.46676115985,-0.0910766172012796
"12032","ZBTB21",0.644538721477044,0.991166968341338,0.212909554057622,1,2372.46676115985,-0.143831423823401
"184","GALE",0.64454545543759,0.991166968341338,0.212900889455686,1,2372.46676115985,0.125109708647458
"5295","ASH2L",0.644788464006862,0.991166968341338,0.212588352876256,1,2372.46676115985,-0.0983819866792069
"3190","CYP2U1",0.644901406589435,0.991166968341338,0.212443190661579,1,2372.46676115985,0.213732469032655
"11526","KMT5C",0.645018989878338,0.991166968341338,0.212292127730155,1,2372.46676115985,0.18597280553543
"3623","CCDC112",0.645143777565304,0.991166968341338,0.212131880323376,1,2372.46676115985,0.0782879333859919
"1989","KLF7",0.645149023882585,0.991166968341338,0.212125144817022,1,2372.46676115985,0.0644887668191701
"9862","LRRC75A",0.645218683096535,0.991166968341338,0.212035724830324,1,2372.46676115985,-0.253264205519668
"1007","RALGPS2",0.645282568677226,0.991166968341338,0.211953736414991,1,2372.46676115985,0.111239292497808
"10626","ADNP2",0.645315283411803,0.991166968341338,0.211911758961799,1,2372.46676115985,0.111294086967038
"8887","PIF1",0.645389315250396,0.991166968341338,0.211816784646482,1,2372.46676115985,-0.400656349597706
"821","HAX1",0.645414027971569,0.991166968341338,0.211785086816978,1,2372.46676115985,-0.0782535319845139
"10334","CASKIN2",0.645641182483622,0.991166968341338,0.211493861168331,1,2372.46676115985,-0.239682326551619
"12211","DEPDC5",0.645662425821007,0.991166968341338,0.21146663835448,1,2372.46676115985,0.0818129985713982
"11609","SLC27A5",0.64569968493679,0.991166968341338,0.211418896841436,1,2372.46676115985,-0.249035249824179
"1415","DPY30",0.64581267117713,0.991166968341338,0.211274163221486,1,2372.46676115985,-0.0778432032366509
"9849","CDRT4",0.645861305624963,0.991166968341338,0.211211881730041,1,2372.46676115985,0.105121445352642
"9395","RNF40",0.645915299978222,0.991166968341338,0.211142749346457,1,2372.46676115985,0.098311668235335
"8070","FLT1",0.645945469233596,0.991166968341338,0.211104127710184,1,2372.46676115985,-0.486784232060912
"12033","ABCG1",0.64598487937304,0.991166968341338,0.211053682658993,1,2372.46676115985,-0.0992693950950078
"1554","FAM136A",0.645986116256284,0.991166968341338,0.211052099564316,1,2372.46676115985,0.108679247490521
"12175","RASL10A",0.646142371543678,0.991166968341338,0.210852165262559,1,2372.46676115985,0.274625328318406
"8060","RNF6",0.64618727684787,0.991166968341338,0.210794728522082,1,2372.46676115985,-0.0982842791213691
"10332","GRB2",0.646209790610233,0.991166968341338,0.210765935553478,1,2372.46676115985,-0.025595133401527
"12296","CHADL",0.646225082524804,0.991166968341338,0.210746380001801,1,2372.46676115985,0.527806274470134
"3439","ZNF131",0.646280033847987,0.991166968341338,0.210676116412663,1,2372.46676115985,-0.0556280584321951
"5851","ERP44",0.64641246237824,0.991166968341338,0.210506844753988,1,2372.46676115985,0.0501004786436658
"5434","RAD54B",0.646448285900601,0.991166968341338,0.210461068871001,1,2372.46676115985,0.376742054322302
"12088","TMEM191B",0.646577868510651,0.991166968341338,0.210295536405956,1,2372.46676115985,0.384347785679085
"4466","CCDC28A",0.646647247394654,0.991166968341338,0.210206942268552,1,2372.46676115985,0.0759333284580435
"8170","PCDH9",0.646675173267738,0.991166968341338,0.210171288390812,1,2372.46676115985,0.627160465405017
"12387","P2RY8",0.646700513504999,0.991166968341338,0.210138938846161,1,2372.46676115985,0.101999711168772
"5645","RRAGA",0.646815746563875,0.991166968341338,0.209991869426887,1,2372.46676115985,-0.0978167046916676
"10778","ZNF557",0.646880622772505,0.991166968341338,0.209909096757134,1,2372.46676115985,0.135516418494208
"5505","C8orf76",0.646906192517973,0.991166968341338,0.209876478879836,1,2372.46676115985,0.0821276070936354
"1552","PCYOX1",0.64692380474117,0.991166968341338,0.209854013746907,1,2372.46676115985,0.0794600164702884
"10853","TMED1",0.646934648981797,0.991166968341338,0.209840182184617,1,2372.46676115985,-0.130082794039282
"8138","RCBTB2",0.647043576052879,0.991166968341338,0.209701278974181,1,2372.46676115985,0.0422159897139047
"3584","TTC37",0.647133319638209,0.991166968341338,0.209586880239647,1,2372.46676115985,0.0513104291078227
"38","MORN1",0.647136412922364,0.991166968341338,0.209582937814321,1,2372.46676115985,0.272613701993069
"11797","BLCAP",0.647226535737737,0.991166968341338,0.209468094964994,1,2372.46676115985,0.0756792458984102
"11757","TP53INP2",0.64725484892445,0.991166968341338,0.209432023535037,1,2372.46676115985,-0.217869594877233
"7825","DRAM1",0.647272906836014,0.991166968341338,0.209409019443521,1,2372.46676115985,0.050086983206094
"8531","ZC2HC1C",0.647347524641807,0.991166968341338,0.209313979535604,1,2372.46676115985,0.382032794968103
"387","HYI",0.647428769666392,0.991166968341338,0.209210528274837,1,2372.46676115985,-0.216920238548119
"5614","PUM3",0.64745023989153,0.991166968341338,0.20918319488194,1,2372.46676115985,-0.0968312460083477
"6136","PFKFB3",0.647650997231165,0.991239249964639,0.208927718468909,1,2372.46676115985,-0.0569027436294507
"4748","COBL",0.647693055570428,0.991239249964639,0.208874220482458,1,2372.46676115985,-0.675435507506223
"6665","TRIM22",0.647729035624428,0.991239249964639,0.208828460615503,1,2372.46676115985,-0.0482219617264
"11835","DNTTIP1",0.648031487706104,0.991239357244575,0.208444037941311,1,2372.46676115985,-0.0851634486148752
"9780","ACADVL",0.648080619644078,0.991239357244575,0.208381630671911,1,2372.46676115985,0.0565297559785606
"7042","TMEM134",0.64811489924117,0.991239357244575,0.208338095497304,1,2372.46676115985,0.0715818921131611
"570","GBP2",0.64820590582642,0.991239357244575,0.208222543567128,1,2372.46676115985,-0.066025830267088
"11699","DTD1",0.648247025463082,0.991239357244575,0.208170346274756,1,2372.46676115985,-0.106272018298162
"7649","PPP1R1A",0.648263159274973,0.991239357244575,0.208149868163398,1,2372.46676115985,-0.673547687009644
"6602","SIRT3",0.648536683975999,0.991239357244575,0.207802877525334,1,2372.46676115985,-0.150463258469277
"1481","FBXO11",0.648594489885546,0.991239357244575,0.207729590292547,1,2372.46676115985,0.0381602992344712
"9282","ERI2",0.648605287406017,0.991239357244575,0.207715902758239,1,2372.46676115985,0.148506394276936
"8991","MORF4L1",0.648695385719876,0.991239357244575,0.207601710383881,1,2372.46676115985,-0.0354525850266293
"5961","ZNF79",0.648751416668554,0.991239357244575,0.20753071477983,1,2372.46676115985,0.179231116433021
"3175","CISD2",0.648795619576375,0.991239357244575,0.207474716576581,1,2372.46676115985,0.0563896102354775
"11402","SCAF1",0.648854818974179,0.991239357244575,0.20739973444709,1,2372.46676115985,-0.115428798399446
"1996","PIKFYVE",0.649118611503432,0.991239357244575,0.207065812936786,1,2372.46676115985,-0.0557435111231797
"7646","GTSF1",0.649156465785959,0.991239357244575,0.207017921776123,1,2372.46676115985,-0.675752525804466
"1657","ARID5A",0.649242549002964,0.991239357244575,0.206909038902882,1,2372.46676115985,0.0829041018410493
"9670","VPS9D1",0.649401930216792,0.991239357244575,0.206707535863042,1,2372.46676115985,-0.122081394058317
"1621","C2orf68",0.649451540772742,0.991239357244575,0.206644838231408,1,2372.46676115985,0.112982834351707
"4066","PRRC2A",0.649486873508531,0.991239357244575,0.206600191851405,1,2372.46676115985,0.077870182407807
"2744","LXN",0.649529100302513,0.991239357244575,0.206546841786625,1,2372.46676115985,-0.100299814177807
"5136","GIMAP4",0.64953746680572,0.991239357244575,0.206536272387844,1,2372.46676115985,0.0542359186306549
"2753","B3GALNT1",0.649550157156152,0.991239357244575,0.206520241298139,1,2372.46676115985,0.252864455299823
"3931","FAM50B",0.649654301906959,0.991239357244575,0.20638870876257,1,2372.46676115985,-0.239608698617882
"8705","PGBD4",0.649740911692232,0.991239357244575,0.20627936100183,1,2372.46676115985,-0.310387639978593
"9836","GAS7",0.649794534387641,0.991239357244575,0.206211678068289,1,2372.46676115985,-0.0339468678514923
"1459","THADA",0.649817483117045,0.991239357244575,0.206182716118217,1,2372.46676115985,-0.060810330088425
"6752","LGR4",0.649850376283113,0.991239357244575,0.206141208284347,1,2372.46676115985,-0.191884799544701
"10420","MCRIP1",0.649890518545446,0.991239357244575,0.206090559655977,1,2372.46676115985,-0.091919687793188
"4553","RPS6KA2",0.650252563241154,0.991251818065806,0.205634096646741,1,2372.46676115985,0.0481015311857597
"11721","NINL",0.650424278988164,0.991251818065806,0.205417812138868,1,2372.46676115985,0.22952342147479
"12343","SMC1B",0.650443094075641,0.991251818065806,0.205394121941685,1,2372.46676115985,0.445574838157018
"4786","BCL7B",0.650444527232397,0.991251818065806,0.20539231751233,1,2372.46676115985,-0.103357943644728
"1049","PLA2G4A",0.650475509339259,0.991251818065806,0.205353311538134,1,2372.46676115985,-0.0831240973729176
"3281","FHDC1",0.650599924744066,0.991251818065806,0.20519671950767,1,2372.46676115985,-0.665979426770792
"9873","RAI1",0.650622286020574,0.991251818065806,0.205168582733333,1,2372.46676115985,0.134857418577309
"8849","ZNF280D",0.65066743152253,0.991251818065806,0.205111784081531,1,2372.46676115985,-0.0662726054430513
"11897","PMEPA1",0.650881374403643,0.991251818065806,0.204842746194315,1,2372.46676115985,-0.193425301389071
"4385","GTF3C6",0.650920044321481,0.991251818065806,0.204794140621767,1,2372.46676115985,-0.0638945268956902
"5852","INVS",0.651045382039951,0.991251818065806,0.204636647016035,1,2372.46676115985,-0.0538537695714425
"809","DENND4B",0.651048723387922,0.991251818065806,0.204632449430808,1,2372.46676115985,-0.0756718196841801
"1033","NCF2",0.651102085364632,0.991251818065806,0.204565420206436,1,2372.46676115985,-0.0448610789790546
"1620","USP39",0.65119446665649,0.991251818065806,0.204449409177715,1,2372.46676115985,0.091681773877521
"3421","WDR70",0.651251726247508,0.991251818065806,0.204377523345291,1,2372.46676115985,0.0463418621692741
"565","GTF2B",0.651349909377826,0.991251818065806,0.204254296002053,1,2372.46676115985,0.0618399392847275
"11995","DNAJC28",0.65139472746195,0.991251818065806,0.204198060752864,1,2372.46676115985,-0.302584209796937
"5500","MTBP",0.651623458607871,0.991251818065806,0.203911206776121,1,2372.46676115985,0.19882181480531
"6183","MALRD1",0.651795101219365,0.991251818065806,0.203696107506907,1,2372.46676115985,0.496259947660034
"11767","EIF6",0.651808797475463,0.991251818065806,0.203678949504912,1,2372.46676115985,-0.0761379522987616
"3596","RIOK2",0.651909195368217,0.991251818065806,0.20355320247696,1,2372.46676115985,0.111039860949424
"6109","PNPLA7",0.652172858110149,0.991251818065806,0.203223190879922,1,2372.46676115985,0.146577220920063
"10256","TACO1",0.652264504932222,0.991251818065806,0.203108557235819,1,2372.46676115985,0.132958533054766
"1292","ZNF692",0.652306714520861,0.991251818065806,0.203055773741056,1,2372.46676115985,0.226717976947598
"7612","SLC4A8",0.652329201685405,0.991251818065806,0.203027656695968,1,2372.46676115985,-0.0922988863163984
"6673","ARFIP2",0.652393116753606,0.991251818065806,0.202947752657168,1,2372.46676115985,-0.146736459900494
"9668","CDK10",0.65242035076925,0.991251818065806,0.202913711538107,1,2372.46676115985,-0.14016156306582
"7164","SMCO4",0.652474996950797,0.991251818065806,0.202845416981273,1,2372.46676115985,-0.0793987178155837
"1913","OSGEPL1",0.65253751004569,0.991251818065806,0.202767307634561,1,2372.46676115985,-0.192821490005962
"6240","ALOX5",0.652803598604516,0.991251818065806,0.20243503560531,1,2372.46676115985,0.104961067188074
"20","AURKAIP1",0.652864918155871,0.991251818065806,0.202358510663649,1,2372.46676115985,-0.0563774077604353
"11121","TMEM147",0.652906328097403,0.991251818065806,0.202306842151588,1,2372.46676115985,-0.093251382480665
"12520","WDR45",0.652935000769774,0.991251818065806,0.202271070986334,1,2372.46676115985,-0.120907248412871
"12103","ARVCF",0.65299571309592,0.991251818065806,0.202195340661025,1,2372.46676115985,0.364451662115335
"10454","THOC1",0.6530239312905,0.991251818065806,0.202160148124659,1,2372.46676115985,0.0740458448882571
"6346","COMTD1",0.653097437014782,0.991251818065806,0.202068492189101,1,2372.46676115985,0.195122731305821
"5980","C9orf16",0.653158586088945,0.991251818065806,0.201992263073418,1,2372.46676115985,-0.0393026264705606
"9387","ZNF785",0.653249408694357,0.991251818065806,0.201879074507536,1,2372.46676115985,-0.140372798970613
"10052","CCR7",0.653283758044121,0.991251818065806,0.201836276229182,1,2372.46676115985,-10
"1312","ADAM17",0.653315576484162,0.991251818065806,0.201796636254977,1,2372.46676115985,0.0611900479698362
"3825","HMMR",0.653505949279401,0.991251818065806,0.201559564194489,1,2372.46676115985,-0.677638518529939
"6721","PSMA1",0.653594090895297,0.991251818065806,0.201449857765135,1,2372.46676115985,0.0490078753019015
"9623","MBTPS1",0.653663303560182,0.991251818065806,0.201363736612103,1,2372.46676115985,0.0592645343052435
"3469","DEPDC1B",0.653693527619362,0.991251818065806,0.201326135826869,1,2372.46676115985,-0.706688598731129
"6632","MOB2",0.653814431077378,0.991251818065806,0.201175765883177,1,2372.46676115985,-0.117061630749045
"6888","TMEM258",0.653841409726095,0.991251818065806,0.201142221230638,1,2372.46676115985,0.0493259762001027
"10804","RAB11B",0.653845119603635,0.991251818065806,0.201137608714073,1,2372.46676115985,-0.0934472803554789
"6556","FAM24B",0.653933601949582,0.991251818065806,0.20102761682268,1,2372.46676115985,0.209548850603569
"3705","KDM3B",0.653969151070297,0.991251818065806,0.200983436091086,1,2372.46676115985,-0.0571198355969315
"3733","WDR55",0.654001733665321,0.991251818065806,0.200942947303214,1,2372.46676115985,0.120451339520611
"7934","PEBP1",0.654170451242178,0.991251818065806,0.200733368617294,1,2372.46676115985,0.0447559985810717
"12015","PIGP",0.654182994965394,0.991251818065806,0.200717792218585,1,2372.46676115985,-0.0927872649912369
"1658","KANSL3",0.654220831107666,0.991251818065806,0.200670812889722,1,2372.46676115985,0.0761987544849922
"10119","GPATCH8",0.654270713825933,0.991251818065806,0.200608885993198,1,2372.46676115985,-0.0436474973473802
"4320","SLC35A1",0.654272379437161,0.991251818065806,0.200606818418244,1,2372.46676115985,-0.0828379632285857
"7405","USP5",0.654345126090163,0.991251818065806,0.200516528218583,1,2372.46676115985,-0.146553773414159
"10","SDF4",0.654381990629255,0.991251818065806,0.200470782760854,1,2372.46676115985,-0.0658488896565838
"11951","FP565260.3",0.654388486557888,0.991251818065806,0.20046272256803,1,2372.46676115985,0.517966348765914
"11997","SON",0.65447117829015,0.991251818065806,0.20036013509803,1,2372.46676115985,0.0339343052386943
"706","FCGR1B",0.654631524961875,0.991251818065806,0.200161298615618,1,2372.46676115985,0.251220754165361
"920","PFDN2",0.654658568047379,0.991251818065806,0.20012777575059,1,2372.46676115985,-0.0634324517804703
"10526","RNF125",0.65474617182919,0.991251818065806,0.200019204407935,1,2372.46676115985,0.124021901467436
"3065","GRSF1",0.654825198758163,0.991251818065806,0.199921293077194,1,2372.46676115985,0.0675776863786695
"3375","SRD5A1",0.654887678735403,0.991251818065806,0.19984390314397,1,2372.46676115985,0.0949545150564935
"3020","ATP8A1",0.654932622959219,0.991251818065806,0.199788244738227,1,2372.46676115985,0.072706287543217
"6065","UBAC1",0.655084664593453,0.991251818065806,0.19960002708596,1,2372.46676115985,-0.0554662245702042
"8506","ACOT2",0.655296823074925,0.991251818065806,0.199337566503748,1,2372.46676115985,0.196859733518158
"4822","SPDYE16",0.655310933625634,0.991251818065806,0.199320117731773,1,2372.46676115985,-0.624648086877789
"7513","PPFIBP1",0.655335574868502,0.991251818065806,0.199289649152344,1,2372.46676115985,0.0956830516195905
"2688","ATP1B3",0.65538314653901,0.991251818065806,0.199230835295785,1,2372.46676115985,0.0528654504197138
"546","RPF1",0.655556670350292,0.991251818065806,0.199016392384573,1,2372.46676115985,-0.10587860079932
"9712","MNT",0.655583293349542,0.991251818065806,0.198983503598047,1,2372.46676115985,0.1314392648232
"2206","ANKRD28",0.655583699918938,0.991251818065806,0.198983001366822,1,2372.46676115985,-0.0945738959389422
"5588","CPSF1",0.655611065402453,0.991251818065806,0.198949198797993,1,2372.46676115985,-0.154645366553581
"11153","ZNF382",0.656013218429477,0.991264117816103,0.198452845682915,1,2372.46676115985,0.206177830141139
"4498","PPIL4",0.656023477818742,0.991264117816103,0.19844019286017,1,2372.46676115985,-0.071422994668718
"12172","RHBDD3",0.656133814885769,0.991264117816103,0.198304145593184,1,2372.46676115985,-0.120536818110147
"1654","ITPRIPL1",0.656135666122038,0.991264117816103,0.198301863467831,1,2372.46676115985,-0.625614191381369
"3531","POC5",0.656247938115008,0.991264117816103,0.198163488743689,1,2372.46676115985,0.12272316984602
"9411","PRSS36",0.656328881891169,0.991264117816103,0.198063761804213,1,2372.46676115985,0.225142491651032
"6085","MAMDC4",0.656334412632397,0.991264117816103,0.198056948741193,1,2372.46676115985,-0.45113672220806
"11369","DBP",0.656391599879218,0.991264117816103,0.197986510660877,1,2372.46676115985,0.09791812576151
"2691","XRN1",0.656516930451288,0.991264117816103,0.197832192279529,1,2372.46676115985,-0.0429438154415508
"7892","CUX2",0.656733411948694,0.991264117816103,0.197565810332248,1,2372.46676115985,0.256105939461252
"11577","ZNF211",0.6567654986622,0.991264117816103,0.197526345703621,1,2372.46676115985,0.232442786944357
"6916","POLR2G",0.656845366024498,0.991264117816103,0.197428134397309,1,2372.46676115985,-0.0947706661367394
"10146","ITGB3",0.656855749944784,0.991264117816103,0.197415367645451,1,2372.46676115985,0.33903335511314
"12555","RRAGB",0.656915440152142,0.991264117816103,0.197341989721557,1,2372.46676115985,0.0941718299001582
"9962","NF1",0.656968754928408,0.991264117816103,0.19727646300366,1,2372.46676115985,-0.0375137600845915
"2627","RPN1",0.657019999077043,0.991264117816103,0.197213493476598,1,2372.46676115985,0.0527118224168019
"3934","ECI2",0.657305902140928,0.991264117816103,0.196862392616197,1,2372.46676115985,-0.0814122714524266
"10364","ST6GALNAC2",0.657328433619345,0.991264117816103,0.196834738939532,1,2372.46676115985,-0.21828302079954
"8450","SYNE2",0.657330251638123,0.991264117816103,0.196832507722447,1,2372.46676115985,-0.695434617653727
"3871","MXD3",0.657404656976646,0.991264117816103,0.196741204564894,1,2372.46676115985,-0.290400923275091
"2900","UVSSA",0.657466544949768,0.991264117816103,0.196665280838753,1,2372.46676115985,0.0929795552996108
"6196","THNSL1",0.657500314156494,0.991264117816103,0.196623860409969,1,2372.46676115985,-0.620117774488749
"4058","MICA",0.657502312333336,0.991264117816103,0.196621409661925,1,2372.46676115985,-0.177017769834718
"12664","RAB9B",0.65754407358979,0.991264117816103,0.196570193994803,1,2372.46676115985,-0.622546247333991
"12240","CYTH4",0.657583937835271,0.991264117816103,0.196521312253666,1,2372.46676115985,0.0581136998110655
"5166","NOM1",0.657688584171976,0.991264117816103,0.19639302898687,1,2372.46676115985,0.121501918558362
"5695","DNAJB5",0.657843503590144,0.991264117816103,0.196203209232207,1,2372.46676115985,-0.373626034442038
"3164","TRMT10A",0.657848178396491,0.991264117816103,0.196197482989296,1,2372.46676115985,-0.277798929129816
"236","PPP1R8",0.657948085159805,0.991264117816103,0.196075129537467,1,2372.46676115985,0.108159273861146
"9101","RAB40C",0.657948387515903,0.991264117816103,0.196074759318385,1,2372.46676115985,0.126391350542693
"2104","RBM44",0.658032018515659,0.991264117816103,0.195972373622855,1,2372.46676115985,0.342335763888933
"8618","GSKIP",0.658114429955516,0.991264117816103,0.195871512262817,1,2372.46676115985,0.126929197320633
"4902","CYP3A5",0.658296834563832,0.991264117816103,0.195648382091231,1,2372.46676115985,-0.621152256502364
"7292","NECTIN1",0.65842821458073,0.991264117816103,0.195487762988586,1,2372.46676115985,-0.371319498331085
"8146","ARL11",0.658430724318134,0.991264117816103,0.195484695467868,1,2372.46676115985,-0.0937587635932605
"2573","LRRC58",0.658587529109274,0.991264117816103,0.195293098228289,1,2372.46676115985,0.0634855054054965
"4383","CDK19",0.658608204780142,0.991264117816103,0.195267843339639,1,2372.46676115985,0.0478586461380429
"7760","CAPS2",0.658680473701472,0.991264117816103,0.195179583737206,1,2372.46676115985,-0.0829730774170606
"769","PRUNE1",0.658694705780939,0.991264117816103,0.195162205387774,1,2372.46676115985,0.144241113648194
"1825","CD302",0.658707010149117,0.991264117816103,0.195147181651961,1,2372.46676115985,0.0532813079577257
"10624","TXNL4A",0.658924811381284,0.991434338073496,0.194881358920164,1,2372.46676115985,-0.0641364283023264
"12083","BID",0.659087528013686,0.991434338073496,0.194682907284735,1,2372.46676115985,0.0515801641937168
"11226","NUMBL",0.659113315124571,0.991434338073496,0.194651468026695,1,2372.46676115985,0.249508736986479
"3140","ABCG2",0.659142816648814,0.991434338073496,0.194615503931551,1,2372.46676115985,0.32655367728111
"9119","UBE2I",0.659206166067402,0.991434338073496,0.194538290673443,1,2372.46676115985,0.0591686455142554
"5122","ZNF783",0.659345210048269,0.99144010536977,0.194368881476155,1,2372.46676115985,0.142394008397585
"3904","RNF130",0.659364418647912,0.99144010536977,0.194345484922671,1,2372.46676115985,-0.0257893156814748
"5827","CDC14B",0.659715750440986,0.991545894708715,0.19391785068663,1,2372.46676115985,-0.326543934410729
"5663","LRRC19",0.659790396596932,0.991545894708715,0.19382706526933,1,2372.46676115985,0.58459255502676
"10597","BCL2",0.659994260251394,0.991545894708715,0.19357925348872,1,2372.46676115985,0.114883567476329
"5997","ZER1",0.659998895814646,0.991545894708715,0.193573620809134,1,2372.46676115985,-0.0957183243356094
"10959","TPM4",0.660065351593108,0.991545894708715,0.193492881049607,1,2372.46676115985,-0.039939476353921
"11844","ZNF335",0.660102986805205,0.991545894708715,0.193447165453908,1,2372.46676115985,0.141774652706753
"11741","SNTA1",0.660292589050174,0.991545894708715,0.193216953114934,1,2372.46676115985,-0.229519211259619
"10058","P3H4",0.660430676311446,0.991545894708715,0.193049392461474,1,2372.46676115985,-0.376609804913925
"5200","LONRF1",0.660442971510138,0.991545894708715,0.193034477176117,1,2372.46676115985,0.221131268972228
"12027","BACE2",0.660530651914793,0.991545894708715,0.192928132151985,1,2372.46676115985,-0.182414490829309
"4961","FAM185A",0.660630584979926,0.991545894708715,0.192806968853166,1,2372.46676115985,-0.139804483745266
"7569","ADCY6",0.660638338454711,0.991545894708715,0.192797570092867,1,2372.46676115985,0.242499712665147
"3028","NIPAL1",0.660674682523151,0.991545894708715,0.192753517464239,1,2372.46676115985,0.732833219677877
"11255","CIC",0.66069335383746,0.991545894708715,0.192730888307261,1,2372.46676115985,0.123356289631135
"8251","CCNB1IP1",0.660721064304591,0.991545894708715,0.192697306848276,1,2372.46676115985,0.165631545070259
"9150","TRAF7",0.660826372738716,0.991545894708715,0.192569718640493,1,2372.46676115985,0.122791799609676
"5445","MTERF3",0.660858973694198,0.991545894708715,0.192530230618377,1,2372.46676115985,0.158787746618825
"7005","CATSPER1",0.660956464656701,0.991545894708715,0.192412173156896,1,2372.46676115985,0.315086505809537
"2037","SLC23A3",0.66095878043151,0.991545894708715,0.192409369375834,1,2372.46676115985,0.57064270583137
"3800","MFAP3",0.661085668886744,0.991545894708715,0.192255778782304,1,2372.46676115985,0.108397746589965
"11672","TMX4",0.661094159550922,0.991545894708715,0.192245503970842,1,2372.46676115985,0.0752936781267578
"6223","ZNF248",0.66113355272144,0.991545894708715,0.192197837377517,1,2372.46676115985,0.0993345501908527
"4903","TRIM4",0.661222548999685,0.991554390097421,0.19209017588479,1,2372.46676115985,0.0733572250266096
"5904","ZNF618",0.661328133101303,0.991554390097421,0.191962494232689,1,2372.46676115985,-0.0902155314370586
"12378","RABL2B",0.66137087074094,0.991554390097421,0.191910826477386,1,2372.46676115985,0.14595059532469
"6966","VPS51",0.661718867138247,0.991606893693407,0.191490424004702,1,2372.46676115985,0.0974924578152044
"11690","MGME1",0.66186264873759,0.991606893693407,0.191316886748441,1,2372.46676115985,0.0732363122505309
"1820","PKP4",0.661995874375844,0.991606893693407,0.191156173663142,1,2372.46676115985,-0.117336373790855
"4008","BTN3A3",0.662157993629792,0.991606893693407,0.190960714053724,1,2372.46676115985,-0.116168524637023
"4112","PSMB9",0.662215970254469,0.991606893693407,0.190890843252836,1,2372.46676115985,-0.0556892385246867
"5180","CSMD1",0.6623469155454,0.991606893693407,0.190733089947998,1,2372.46676115985,0.334884498898953
"10805","HNRNPM",0.662349379262629,0.991606893693407,0.190730122586032,1,2372.46676115985,0.0470969033504342
"8180","UCHL3",0.662390999898744,0.991606893693407,0.190679997816752,1,2372.46676115985,0.114518758200961
"8086","KL",0.662436481608892,0.991606893693407,0.190625232028677,1,2372.46676115985,0.202347084073125
"10930","CC2D1A",0.662465375928333,0.991606893693407,0.190590444442572,1,2372.46676115985,0.10931790788573
"466","TMEM59",0.662691767951376,0.991606893693407,0.190318008455002,1,2372.46676115985,-0.043954677559473
"8701","RYR3",0.662813615709582,0.991606893693407,0.190171475117993,1,2372.46676115985,0.550385850566184
"11071","ZNF91",0.662819678845241,0.991606893693407,0.190164185384031,1,2372.46676115985,-0.0717142151417036
"11328","IRF2BP1",0.662927913400271,0.991606893693407,0.190034082494082,1,2372.46676115985,0.259396233965061
"1344","WDCP",0.662938392187434,0.991606893693407,0.190021489325397,1,2372.46676115985,-0.265069201891513
"4810","HIP1",0.662939493106391,0.991606893693407,0.190020166294798,1,2372.46676115985,0.0871796969895762
"7088","FCHSD2",0.663063477999575,0.991606893693407,0.189871202375205,1,2372.46676115985,-0.0452057299960276
"7326","FAM118B",0.663089540889939,0.991606893693407,0.189839897479644,1,2372.46676115985,-0.108578007285509
"12036","WDR4",0.663116478960311,0.991606893693407,0.189807544607314,1,2372.46676115985,-0.206272066895039
"1252","ERO1B",0.663127383124782,0.991606893693407,0.189794449537379,1,2372.46676115985,0.0719320789555289
"4446","RPS12",0.663185061015711,0.991606893693407,0.189725191729792,1,2372.46676115985,0.0285724272166576
"10101","NBR1",0.663192328910607,0.991606893693407,0.189716465735705,1,2372.46676115985,0.0631989878077144
"3376","TENT4A",0.663441009574234,0.991606893693407,0.189418038094661,1,2372.46676115985,-0.0766809707114407
"3679","SKP1",0.663465136913651,0.991606893693407,0.189389099104903,1,2372.46676115985,0.0392285782511442
"2167","FANCD2",0.663576676829736,0.991606893693407,0.18925534925944,1,2372.46676115985,-0.23078718876889
"9598","GABARAPL2",0.663587909212703,0.991606893693407,0.189241883388319,1,2372.46676115985,-0.0552388444998534
"723","LIX1L",0.663688051484645,0.991606893693407,0.189121853642862,1,2372.46676115985,-0.113506657785213
"5538","AGO2",0.663729728372101,0.991606893693407,0.189071913394577,1,2372.46676115985,0.0691240535739365
"1567","SMYD5",0.663734371699165,0.991606893693407,0.189066349911169,1,2372.46676115985,-0.36314976004402
"10007","GGNBP2",0.663737156178302,0.991606893693407,0.189063013685552,1,2372.46676115985,-0.053998625345038
"10305","RPL38",0.663917519160813,0.991606893693407,0.1888469862066,1,2372.46676115985,0.0344194028366899
"498","JAK1",0.663933075251267,0.991606893693407,0.1888283609738,1,2372.46676115985,-0.0416720237903138
"7600","METTL7A",0.663978136989279,0.991606893693407,0.188774414933098,1,2372.46676115985,-0.0614989047331588
"6159","FAM107B",0.664031436715957,0.991606893693407,0.188710618542207,1,2372.46676115985,-0.0422567827835405
"5053","CEP41",0.664236291538864,0.991699364859181,0.188465539599819,1,2372.46676115985,-0.18441569363607
"5800","SPTLC1",0.664616101120993,0.991699364859181,0.188011653416594,1,2372.46676115985,0.0675333712024442
"7770","CSRP2",0.664698576149484,0.991699364859181,0.187913178689923,1,2372.46676115985,0.379612934806152
"2856","ZDHHC19",0.664724575145858,0.991699364859181,0.18788214238516,1,2372.46676115985,-0.340569633274535
"10579","TXNL1",0.664766830159444,0.991699364859181,0.187831706953936,1,2372.46676115985,-0.0570251504170882
"5677","CHMP5",0.664848707332512,0.991699364859181,0.187734001545775,1,2372.46676115985,0.043744323286428
"11898","RAB22A",0.66502371880828,0.991699364859181,0.187525258634856,1,2372.46676115985,-0.072378153121127
"8207","GPR183",0.665028247836172,0.991699364859181,0.187519858519796,1,2372.46676115985,-0.0555293696093841
"9144","NPW",0.665272482497183,0.991699364859181,0.187228785899263,1,2372.46676115985,-0.665987211137931
"4709","YAE1",0.665419116387727,0.991699364859181,0.187054160326274,1,2372.46676115985,0.132754192707798
"1169","HLX",0.665519490763003,0.991699364859181,0.186934680740494,1,2372.46676115985,0.131285671520906
"117","KAZN",0.665943013911744,0.991699364859181,0.18643104316622,1,2372.46676115985,-0.213874182001837
"12292","XPNPEP3",0.666011521696946,0.991699364859181,0.186349652060044,1,2372.46676115985,-0.105247173746761
"727","NOTCH2NLA",0.666211607956928,0.991699364859181,0.186112059009961,1,2372.46676115985,0.180282565957704
"7021","CTSF",0.666234489122906,0.991699364859181,0.186084900153429,1,2372.46676115985,0.145078371019143
"5591","TONSL",0.666295538137895,0.991699364859181,0.186012449376366,1,2372.46676115985,0.345706668200846
"2692","ATR",0.666426139444187,0.991699364859181,0.185857512618512,1,2372.46676115985,-0.0597155860181775
"8723","GPR176",0.666511067475187,0.991699364859181,0.18575680069163,1,2372.46676115985,-0.582592593870934
"10558","SMAD2",0.666519606120496,0.991699364859181,0.185746676927571,1,2372.46676115985,-0.0465600847270888
"8357","MBIP",0.666593096329899,0.991699364859181,0.185659557479696,1,2372.46676115985,-0.120343839879607
"3743","DIAPH1",0.66666163540749,0.991699364859181,0.185578329219365,1,2372.46676115985,-0.0739973458282377
"6387","HTR7",0.666758730710278,0.991699364859181,0.185463293962258,1,2372.46676115985,0.218537873426582
"6572","MMP21",0.666762364708155,0.991699364859181,0.185458989344357,1,2372.46676115985,-0.603912062560977
"12329","TSPO",0.666823846056719,0.991699364859181,0.185386171169406,1,2372.46676115985,0.0371067301500305
"9761","DHX33",0.666955506337496,0.991699364859181,0.185230290458063,1,2372.46676115985,0.142803177969397
"3213","SYNPO2",0.667035683466108,0.991699364859181,0.185135401889779,1,2372.46676115985,0.345307039151324
"2666","SLC35G2",0.667120553428276,0.991699364859181,0.185034990805642,1,2372.46676115985,-0.18079498201858
"3484","TRIM23",0.667207767406076,0.991699364859181,0.184931840103588,1,2372.46676115985,0.110816966847102
"9094","MRPL28",0.667335424284851,0.991699364859181,0.184780917760805,1,2372.46676115985,-0.0878619569695316
"10232","YPEL2",0.66737984125057,0.991699364859181,0.184728422921427,1,2372.46676115985,0.0734887749024829
"12085","PEX26",0.667436854007315,0.991699364859181,0.184661054511772,1,2372.46676115985,-0.105996866739459
"6451","SCD",0.667492945885506,0.991699364859181,0.184594788451596,1,2372.46676115985,0.127490173409099
"11007","PDE4C",0.667627867009094,0.991699364859181,0.184435452457064,1,2372.46676115985,-0.605044430540477
"7213","NPAT",0.66764740788228,0.991699364859181,0.184412382289268,1,2372.46676115985,-0.0871018201968456
"12125","UBE2L3",0.667726103279573,0.991699364859181,0.184319490946332,1,2372.46676115985,0.0415506705185035
"2828","DNAJB11",0.66777251362869,0.991699364859181,0.184264721577713,1,2372.46676115985,0.0859650174654152
"9288","CRYM",0.667797457306424,0.991699364859181,0.184235289248707,1,2372.46676115985,0.550849825340745
"5954","PBX3",0.667876337398879,0.991699364859181,0.184142232889884,1,2372.46676115985,0.0472125849739481
"11463","ZNF578",0.667997420290205,0.991699364859181,0.18399944323703,1,2372.46676115985,0.49158621112499
"2844","ATP13A4",0.668036610090205,0.991699364859181,0.18395324185367,1,2372.46676115985,-0.603859085247767
"8333","COCH",0.668072399110818,0.991699364859181,0.183911055695346,1,2372.46676115985,-0.436628622422241
"4277","FAM135A",0.668097395600558,0.991699364859181,0.183881594584971,1,2372.46676115985,0.0530995160635312
"6969","FAU",0.668151478025926,0.991699364859181,0.183817862064602,1,2372.46676115985,0.0255275493369773
"12266","GTPBP1",0.668248447097863,0.991699364859181,0.183703623243781,1,2372.46676115985,0.0902168693718855
"1014","TOR1AIP2",0.668372869197496,0.991699364859181,0.183557103702093,1,2372.46676115985,-0.0522037109116078
"12099","GNB1L",0.668509364939814,0.991699364859181,0.183396445808967,1,2372.46676115985,0.179026325466627
"10218","DYNLL2",0.668545677363342,0.991699364859181,0.183353719465088,1,2372.46676115985,0.0996949488993079
"7271","ARCN1",0.668674656751024,0.991699364859181,0.183202005861622,1,2372.46676115985,0.0634147146196498
"6116","DIP2C",0.668713341380241,0.991699364859181,0.183156517071198,1,2372.46676115985,0.173625072731428
"7195","DCUN1D5",0.668814454237045,0.991699364859181,0.18303765123849,1,2372.46676115985,-0.0917157741707977
"10657","PWWP3A",0.668819760511737,0.991699364859181,0.183031414570755,1,2372.46676115985,-0.104404463466993
"1707","LIMS1",0.668924856307352,0.991699364859181,0.182907917358718,1,2372.46676115985,-0.0302719606021441
"4088","NELFE",0.668941140633189,0.991699364859181,0.182888786191886,1,2372.46676115985,0.0858374303650035
"8794","SORD",0.668965539734383,0.991699364859181,0.182860123832383,1,2372.46676115985,0.0991932003527853
"8855","LIPC",0.669005120901988,0.991699364859181,0.182813632293149,1,2372.46676115985,0.491442500826576
"2561","B4GALT4",0.669142620603709,0.991699364859181,0.182652181208654,1,2372.46676115985,-0.137292163050311
"6172","TRDMT1",0.669166549283325,0.991699364859181,0.182624092955927,1,2372.46676115985,0.153000558661969
"4701","ELMO1",0.669188450746744,0.991699364859181,0.182598386553665,1,2372.46676115985,-0.0311269657464662
"12291","ST13",0.669264752116607,0.991699364859181,0.182508846067715,1,2372.46676115985,0.043042883899698
"369","RIMKLA",0.669334003014348,0.991699364859181,0.182427601866425,1,2372.46676115985,0.382970621042603
"3393","BASP1",0.669376168272109,0.991699364859181,0.182378144641214,1,2372.46676115985,-0.036384467711057
"961","CREG1",0.669497973149587,0.991699364859181,0.182235319622477,1,2372.46676115985,-0.0293354147733996
"9519","ATP6V0D1",0.66955117777452,0.991699364859181,0.182172954111997,1,2372.46676115985,0.0486886282181936
"9294","UQCRC2",0.669611773664245,0.991699364859181,0.182101940062093,1,2372.46676115985,0.0564646005323745
"8688","AC091057.6",0.669707699007402,0.991699364859181,0.181989555877055,1,2372.46676115985,-0.442617432396497
"9522","ACD",0.669710396814539,0.991699364859181,0.181986395773807,1,2372.46676115985,0.214320800603059
"6511","DUSP5",0.669817392955671,0.991699364859181,0.181861090926229,1,2372.46676115985,-0.321394403467134
"10621","CTDP1",0.669829050002621,0.991699364859181,0.181847442258093,1,2372.46676115985,-0.123505057098154
"11802","KIAA1755",0.669903403627184,0.991699364859181,0.181760399467062,1,2372.46676115985,-10
"10827","SHFL",0.670031042192152,0.991699364859181,0.18161103556006,1,2372.46676115985,-0.0657913759960026
"8126","ZC3H13",0.670197019463389,0.991699364859181,0.181416915820594,1,2372.46676115985,-0.0528356296651115
"797","S100A12",0.670204077104309,0.991699364859181,0.181408664231514,1,2372.46676115985,0.346071004778855
"4461","TNFAIP3",0.670257589718846,0.991699364859181,0.181346106048133,1,2372.46676115985,0.126971847956344
"1285","ZNF124",0.670282410130264,0.991699364859181,0.18131709441552,1,2372.46676115985,0.0572779518584297
"10419","SLC25A10",0.670388258762368,0.991699364859181,0.181193402760752,1,2372.46676115985,0.3395360821403
"5428","SLC26A7",0.670399717401925,0.991699364859181,0.18118001551611,1,2372.46676115985,0.511617446085304
"2040","ZFAND2B",0.670426039180072,0.991699364859181,0.181149265728426,1,2372.46676115985,-0.127390680817668
"1077","ARL8A",0.670439377642672,0.991699364859181,0.181133684565372,1,2372.46676115985,0.0606605440532413
"3007","SMIM14",0.670551132909844,0.991699364859181,0.181003170103384,1,2372.46676115985,-0.0610290334650326
"633","SORT1",0.670607545621619,0.991699364859181,0.180937309075188,1,2372.46676115985,-0.102044004450938
"4564","PSMB1",0.670655740167623,0.991699364859181,0.180881053847846,1,2372.46676115985,-0.0450325317757659
"7426","FOXJ2",0.670752682815099,0.991699364859181,0.180767928536623,1,2372.46676115985,0.111754053605926
"10739","MYDGF",0.670798915905051,0.991699364859181,0.180713992459256,1,2372.46676115985,0.058611806850188
"4124","VPS52",0.670816935194231,0.991699364859181,0.180692973513855,1,2372.46676115985,0.123474678024915
"5901","ALAD",0.670880808704696,0.991699364859181,0.180618478658663,1,2372.46676115985,0.111117570283597
"12146","ADORA2A",0.67094686925124,0.991699364859181,0.180541452167055,1,2372.46676115985,-0.626329726171555
"1299","ADI1",0.670995419366867,0.991699364859181,0.180484855174333,1,2372.46676115985,-0.0586570399829862
"2305","KIF15",0.671015947903971,0.991699364859181,0.180460927311772,1,2372.46676115985,-0.596209185617266
"12114","KLHL22",0.671043103799153,0.991699364859181,0.180429277542216,1,2372.46676115985,-0.0839769095529011
"11849","SLC35C2",0.671127082496595,0.991699364859181,0.18033142242171,1,2372.46676115985,0.0866619264476825
"8671","CRIP1",0.671170263068562,0.991699364859181,0.180281119000037,1,2372.46676115985,0.104968048829537
"5252","DOCK5",0.671277048583329,0.991699364859181,0.180156754250124,1,2372.46676115985,-0.0452504334353305
"9610","CENPN",0.671330402920968,0.991699364859181,0.180094635592421,1,2372.46676115985,-0.244507237936503
"5973","ST6GALNAC6",0.671423414331962,0.991699364859181,0.179986375764795,1,2372.46676115985,0.111810390677878
"12160","TFIP11",0.67143012834559,0.991699364859181,0.179978562533042,1,2372.46676115985,0.118099480457181
"11374","HSD17B14",0.671546046560339,0.991756501883992,0.1798436977432,1,2372.46676115985,-0.0935867719857675
"2730","PLCH1",0.671832990942973,0.991758962126343,0.179510109442369,1,2372.46676115985,-0.595749040494099
"12734","MOSPD1",0.671905045794528,0.991758962126343,0.179426399174825,1,2372.46676115985,0.0981395222497537
"5216","NAT1",0.67200567425604,0.991758962126343,0.179309531832259,1,2372.46676115985,-0.192998759626298
"6465","FBXW4",0.672125161549372,0.991758962126343,0.179170820629334,1,2372.46676115985,0.0698547754100001
"6651","CHRNA10",0.672281404760363,0.991758962126343,0.17898953545601,1,2372.46676115985,-0.594390967549269
"8234","ATP11A",0.672453166829708,0.991758962126343,0.178790368959037,1,2372.46676115985,0.046515674836065
"10331","SLC25A19",0.672530569879433,0.991758962126343,0.17870065906678,1,2372.46676115985,0.069605948136062
"9097","RAB11FIP3",0.672542217237028,0.991758962126343,0.178687162112793,1,2372.46676115985,-0.10951842734809
"5579","HGH1",0.672586993704626,0.991758962126343,0.178635280752077,1,2372.46676115985,-0.253683588304762
"12819","TMSB4Y",0.672603177842273,0.991758962126343,0.17861653078564,1,2372.46676115985,0.391956503298958
"11228","ITPKC",0.672664833833804,0.991758962126343,0.178545110496036,1,2372.46676115985,-0.189660814849762
"1107","NUCKS1",0.672683550738067,0.991758962126343,0.178523432775104,1,2372.46676115985,-0.0376462361907195
"1187","LBR",0.672689032590819,0.991758962126343,0.178517084044785,1,2372.46676115985,0.0634457184435803
"4351","HACE1",0.672765944090118,0.991758962126343,0.17842802410627,1,2372.46676115985,0.126630811451338
"6132","FBH1",0.672846597207277,0.991758962126343,0.178334659676134,1,2372.46676115985,-0.0773124053451446
"5542","TSNARE1",0.672877691516024,0.991758962126343,0.178298672446986,1,2372.46676115985,-0.162481523864679
"7647","NCKAP1L",0.672989742251446,0.991758962126343,0.178169025187297,1,2372.46676115985,0.0310261919133039
"568","GBP3",0.673074148355919,0.991758962126343,0.178071400576218,1,2372.46676115985,-0.080993710196839
"4518","RGS17",0.673085733745359,0.991758962126343,0.178058003304711,1,2372.46676115985,0.363821770322128
"11004","IFI30",0.673092388048523,0.991758962126343,0.178050308578831,1,2372.46676115985,0.0230699976010957
"4292","TMEM30A",0.673508312866498,0.992110021399481,0.177569741156858,1,2372.46676115985,0.0390931685948208
"814","RAB13",0.6735592371083,0.992110021399481,0.177510954873299,1,2372.46676115985,-0.0399232030674448
"7896","BRAP",0.673562430228228,0.992110021399481,0.177507269158957,1,2372.46676115985,-0.0877987395205309
"10448","FN3KRP",0.673814487900734,0.992146630054064,0.17721646933364,1,2372.46676115985,-0.148441457096322
"9925","ALDOC",0.673847505382294,0.992146630054064,0.1771783977388,1,2372.46676115985,0.203159005277114
"1872","WIPF1",0.673916748542283,0.992146630054064,0.177098570897255,1,2372.46676115985,-0.0288459543951185
"11719","ABHD12",0.673964429486815,0.992146630054064,0.177043614323249,1,2372.46676115985,-0.0384537891506859
"658","C1orf162",0.673973604389191,0.992146630054064,0.177033040575331,1,2372.46676115985,-0.0449086376304774
"7445","CLEC2B",0.674102061603638,0.992221982238917,0.176885037243136,1,2372.46676115985,-0.0605209829181099
"1203","SNAP47",0.67429186390705,0.992245987315019,0.176666487836609,1,2372.46676115985,-0.167863669122461
"7780","C12orf29",0.674414462355802,0.992245987315019,0.176525405355943,1,2372.46676115985,0.165407441906135
"12055","SUMO3",0.674420193549627,0.992245987315019,0.176518811698714,1,2372.46676115985,0.0382785378708705
"2920","NOP14",0.674462486875023,0.992245987315019,0.176470158307232,1,2372.46676115985,-0.142354562262719
"8733","IVD",0.674504728858563,0.992245987315019,0.176421571853686,1,2372.46676115985,-0.0859357797606353
"7864","SSH1",0.674845238903272,0.992495141023081,0.176030206767635,1,2372.46676115985,-0.0480368369843925
"8882","CSNK1G1",0.674850233423904,0.992495141023081,0.176024470120794,1,2372.46676115985,-0.0469795769004434
"3165","DAPP1",0.675023667648844,0.992495141023081,0.175825333820817,1,2372.46676115985,0.0569942651690646
"4968","PSMC2",0.675092474205837,0.992495141023081,0.175746367197742,1,2372.46676115985,0.0532661240493242
"4452","HBS1L",0.675170693193649,0.992495141023081,0.175656623620242,1,2372.46676115985,0.0728265113446229
"6645","SLC22A18AS",0.675190130542919,0.992495141023081,0.175634326600723,1,2372.46676115985,0.196936043104476
"11536","ZNF524",0.675347770348834,0.992495141023081,0.175453555902794,1,2372.46676115985,0.0965249772583836
"3506","SMN2",0.67534933129411,0.992495141023081,0.1754517664631,1,2372.46676115985,0.392498762298
"2297","ZNF852",0.675513291683173,0.992495141023081,0.175263864943374,1,2372.46676115985,-0.241434660214552
"10070","GHDC",0.675572563262605,0.992495141023081,0.175195967777196,1,2372.46676115985,0.119371277567678
"2144","ARL8B",0.675669270790625,0.992495141023081,0.175085219926633,1,2372.46676115985,-0.0394108271907523
"4493","SASH1",0.675757080701221,0.992495141023081,0.174984697120766,1,2372.46676115985,-0.0794032496959019
"9384","ZNF747",0.675780682117802,0.992495141023081,0.174957684534508,1,2372.46676115985,0.188306800326714
"6676","RRP8",0.67578655900742,0.992495141023081,0.174950958624856,1,2372.46676115985,-0.143774424429037
"11847","NCOA5",0.675964696835816,0.992495141023081,0.174747157735752,1,2372.46676115985,0.0862393587889147
"11146","ZNF565",0.675984500297746,0.992495141023081,0.174724509947089,1,2372.46676115985,-0.154258929065597
"4095","PPT2",0.676069571002302,0.992495141023081,0.174627240339855,1,2372.46676115985,0.336839332219219
"6281","HERC4",0.676099106534786,0.992495141023081,0.174593476934071,1,2372.46676115985,-0.0371245485450909
"2496","CGGBP1",0.67615944417041,0.992495141023081,0.174524514165665,1,2372.46676115985,0.0609827834753348
"12129","YPEL1",0.676241856344133,0.992495141023081,0.174430347203488,1,2372.46676115985,-0.204667089837446
"5979","PTGES2",0.676297210805386,0.992495141023081,0.174367114062171,1,2372.46676115985,-0.0916708669048453
"10252","TANC2",0.67638226479482,0.992506532079794,0.174269980450594,1,2372.46676115985,0.0441401862763366
"8040","ZMYM5",0.676558430206327,0.992651599894817,0.174068896568071,1,2372.46676115985,0.068826802472179
"9508","NOL3",0.676865863337202,0.992960568504853,0.173718303640753,1,2372.46676115985,-0.132906554543374
"7945","COX6A1",0.676930737422492,0.992960568504853,0.173644375044152,1,2372.46676115985,-0.0459205081077911
"10562","DYM",0.677000995036211,0.992960568504853,0.173564332365784,1,2372.46676115985,-0.0427352840276502
"10475","MTCL1",0.677154935582261,0.99302335845875,0.173389027593491,1,2372.46676115985,0.477223571889744
"64","KLHL21",0.677237032515998,0.99302335845875,0.173295579551634,1,2372.46676115985,-0.168804210393833
"3586","RFESD",0.677713246309311,0.99302335845875,0.172754104959099,1,2372.46676115985,-0.308586512690026
"10435","FASN",0.677865439717026,0.99302335845875,0.172581264342378,1,2372.46676115985,0.297185403090839
"9953","NSRP1",0.677880203437022,0.99302335845875,0.172564503110528,1,2372.46676115985,-0.0457778573870222
"5481","OXR1",0.678022742741004,0.99302335845875,0.172402727514671,1,2372.46676115985,0.0570005194613404
"9870","NT5M",0.678085829223661,0.99302335845875,0.172331155635554,1,2372.46676115985,-0.428891577570169
"1015","TOR1AIP1",0.678111194360495,0.99302335845875,0.172302383691772,1,2372.46676115985,0.0606023788058204
"1001","MRPS14",0.678255465907128,0.99302335845875,0.172138788500553,1,2372.46676115985,-0.103406835681251
"8903","DIS3L",0.678265838987229,0.99302335845875,0.172127029566124,1,2372.46676115985,0.105327567747366
"11560","ZNF543",0.678308079841822,0.99302335845875,0.172079150151268,1,2372.46676115985,0.249581350209445
"3523","HEXB",0.678338446764205,0.99302335845875,0.172044734494901,1,2372.46676115985,-0.0410211890419789
"1734","RABL2A",0.67843948008189,0.99302335845875,0.171930259734825,1,2372.46676115985,0.152763416435534
"3770","CSNK1A1",0.678466305544018,0.99302335845875,0.171899872922469,1,2372.46676115985,-0.0284099901661771
"11063","ZNF738",0.678514500791056,0.99302335845875,0.171845287177613,1,2372.46676115985,-0.194618909003363
"10188","RSAD1",0.678580918358713,0.99302335845875,0.171770079549648,1,2372.46676115985,-0.156697834737422
"1819","CCDC148",0.678756565432254,0.99302335845875,0.171571279340477,1,2372.46676115985,0.529091426695594
"3768","GRPEL2",0.678782550283751,0.99302335845875,0.171541880715393,1,2372.46676115985,-0.252699722647738
"3954","C6orf52",0.678871681842394,0.99302335845875,0.171441061872911,1,2372.46676115985,-0.4317043116307
"4219","SRF",0.678879066939315,0.99302335845875,0.17143270997024,1,2372.46676115985,0.155748116657465
"6","AGRN",0.678935888031206,0.99302335845875,0.171368458225286,1,2372.46676115985,0.12677436910648
"4573","COX19",0.679051058284874,0.99302335845875,0.17123827010776,1,2372.46676115985,-0.0918812491111598
"3977","ATXN1",0.679058759260215,0.99302335845875,0.171229567014609,1,2372.46676115985,-0.0326230082128939
"6895","FTH1",0.679254476795942,0.99302335845875,0.171008467955304,1,2372.46676115985,-0.0299297798486233
"9422","VPS35",0.67926217511414,0.99302335845875,0.170999774704069,1,2372.46676115985,-0.0489647490335417
"7377","DYRK4",0.679295532424044,0.99302335845875,0.170962109274844,1,2372.46676115985,0.0915938136502981
"10940","ADGRE5",0.679352251294529,0.99302335845875,0.170898076276344,1,2372.46676115985,-0.0715339684741798
"10637","AZU1",0.679365533942941,0.99302335845875,0.170883082806218,1,2372.46676115985,0.196444851139637
"2431","RFT1",0.679391115987548,0.99302335845875,0.170854207932378,1,2372.46676115985,-0.131893509068256
"2242","GLB1",0.679498175541176,0.99302335845875,0.170733399047914,1,2372.46676115985,0.0501948961352795
"4176","CMTR1",0.679512996514039,0.99302335845875,0.170716678604781,1,2372.46676115985,0.0710014084648332
"12505","WDR13",0.679818603528059,0.99302335845875,0.170372118328549,1,2372.46676115985,-0.0968791741341308
"4072","LY6G5B",0.679876859241898,0.99302335845875,0.170306483459043,1,2372.46676115985,-0.232805835660881
"4539","SOD2",0.67987743997692,0.99302335845875,0.17030582923777,1,2372.46676115985,-0.0466124854909493
"10014","SYNRG",0.679928397764714,0.99302335845875,0.170248428973939,1,2372.46676115985,0.0473854833297275
"256","PTPRU",0.679953972335455,0.99302335845875,0.17021962533614,1,2372.46676115985,0.475742076205774
"12144","CABIN1",0.679979387268087,0.99302335845875,0.170191004317531,1,2372.46676115985,-0.0821233320624475
"7124","ACER3",0.679982430568319,0.99302335845875,0.170187577294701,1,2372.46676115985,-0.0490385391744886
"9103","MCRIP2",0.680269969581602,0.993065056688132,0.169863965260328,1,2372.46676115985,-0.0671608806769905
"4409","SLC35F1",0.680325380288476,0.993065056688132,0.169801644444963,1,2372.46676115985,-0.106108013130257
"12427","SYAP1",0.680428716886893,0.993065056688132,0.169685456771727,1,2372.46676115985,-0.06419810556331
"10051","IGFBP4",0.680450132099736,0.993065056688132,0.169661384153546,1,2372.46676115985,0.16560979443839
"4153","DEF6",0.680474464791011,0.993065056688132,0.169634034452364,1,2372.46676115985,-0.0793420728747816
"6893","RAB3IL1",0.680611255569492,0.993065056688132,0.169480330979526,1,2372.46676115985,0.119139361487923
"3559","CKMT2",0.680628860297957,0.993065056688132,0.169460555535338,1,2372.46676115985,-0.607458875760222
"4992","LAMB1",0.680750752896334,0.993065056688132,0.16932367022773,1,2372.46676115985,0.32832170992361
"9454","NUDT21",0.680833631829453,0.993065056688132,0.169230634177207,1,2372.46676115985,-0.0908463356095625
"2401","RRP9",0.680932220944905,0.993065056688132,0.169120001533664,1,2372.46676115985,-0.273155135331358
"1328","DDX1",0.680956426453335,0.993065056688132,0.169092845576086,1,2372.46676115985,-0.0770948632895277
"1425","CRIM1",0.681034280877575,0.993065056688132,0.169005518633301,1,2372.46676115985,-0.166162834937571
"6104","NELFB",0.681159713797314,0.993065056688132,0.16886487979787,1,2372.46676115985,-0.0896971359858561
"12567","AMER1",0.681161311311921,0.993065056688132,0.168863089061927,1,2372.46676115985,-0.417821016313231
"10308","CD300A",0.681324990046827,0.993065056688132,0.168679672003443,1,2372.46676115985,-0.0842532666541191
"3219","EXOSC9",0.681381438919233,0.993065056688132,0.168616442869537,1,2372.46676115985,-0.108775227949736
"5276","DCTN6",0.681434800186893,0.993065056688132,0.168556684938814,1,2372.46676115985,0.0792010959282739
"2241","CNOT10",0.6814486322046,0.993065056688132,0.16854119683282,1,2372.46676115985,0.0784845739279852
"3336","CDKN2AIP",0.681513186381539,0.993065056688132,0.168468924670261,1,2372.46676115985,0.107627727753175
"12164","PITPNB",0.681557693683709,0.993065056688132,0.168419106699679,1,2372.46676115985,0.0496890644242314
"11752","ITCH",0.681785471744195,0.993163016180868,0.168164284605066,1,2372.46676115985,0.0385577411189083
"736","NBPF14",0.681818371982892,0.993163016180868,0.168127496756739,1,2372.46676115985,-0.0989080454315999
"1271","C1orf100",0.68187735290475,0.993163016180868,0.168061558206535,1,2372.46676115985,0.48937034272213
"4517","MTRF1L",0.681934297458665,0.993163016180868,0.167997910575814,1,2372.46676115985,-0.101340913181692
"4945","FIS1",0.682156620124026,0.993194984146881,0.167749552566563,1,2372.46676115985,0.0432519660765458
"3797","G3BP1",0.682204945036024,0.993194984146881,0.16769559689696,1,2372.46676115985,0.0499016285825184
"9034","DET1",0.682267265864893,0.993194984146881,0.167626029485768,1,2372.46676115985,-0.165048841589848
"1232","TSNAX",0.682417120986657,0.993194984146881,0.167458818388827,1,2372.46676115985,0.0606069756494009
"10275","LRRC37A3",0.682528748247906,0.993194984146881,0.167334325947963,1,2372.46676115985,-0.0879983487956305
"9477","ZNF319",0.682576817005427,0.993194984146881,0.16728073385263,1,2372.46676115985,-0.268962535255198
"7376","RAD51AP1",0.682589440145388,0.993194984146881,0.167266661912594,1,2372.46676115985,0.149511260947795
"5783","GOLM1",0.682722475914884,0.993194984146881,0.167118399191156,1,2372.46676115985,0.183071955233541
"6154","PHYH",0.682831556241207,0.993194984146881,0.166996891039168,1,2372.46676115985,-0.115154953511731
"5433","GEM",0.682841648555227,0.993194984146881,0.166985651486153,1,2372.46676115985,-0.296530728156574
"10250","TLK2",0.682919157112012,0.993194984146881,0.166899346893518,1,2372.46676115985,-0.0474707311167707
"5264","ELP3",0.683118029416588,0.993194984146881,0.166678024699686,1,2372.46676115985,0.0767711845042366
"10383","TIMP2",0.683526590468852,0.993194984146881,0.166223880237987,1,2372.46676115985,-0.0254993875927813
"12666","FAM199X",0.683591441796706,0.993194984146881,0.166151859857248,1,2372.46676115985,0.0785026693966497
"906","COPA",0.683667394869009,0.993194984146881,0.166067533617358,1,2372.46676115985,0.0394511188099955
"9800","TNFSF12",0.683763580237738,0.993194984146881,0.165960780462689,1,2372.46676115985,0.0844459088778841
"8213","TPP2",0.683807949374997,0.993194984146881,0.165911550023139,1,2372.46676115985,0.0571280567267943
"3933","FAM217A",0.683870295536544,0.993194984146881,0.165842387295924,1,2372.46676115985,-0.574614492208239
"12836","AC011043.1",0.684039637101056,0.993194984146881,0.165654615744481,1,2372.46676115985,0.374996142242857
"2330","ELP6",0.68404327076784,0.993194984146881,0.165650587972847,1,2372.46676115985,-0.119165155926657
"9154","E4F1",0.684047960010328,0.993194984146881,0.1656453902229,1,2372.46676115985,0.131109974535245
"2638","PLXND1",0.68416620693608,0.993194984146881,0.165514351868831,1,2372.46676115985,0.0453780055256617
"4631","ARL4A",0.684229300995545,0.993194984146881,0.165444457300095,1,2372.46676115985,-0.145630856600868
"1900","NUP35",0.684242007506463,0.993194984146881,0.165430383316019,1,2372.46676115985,-0.201385770413534
"2962","FBXL5",0.684273299722519,0.993194984146881,0.165395726410322,1,2372.46676115985,0.044956508457295
"10649","GPX4",0.684323814070318,0.993194984146881,0.165339789444943,1,2372.46676115985,0.0306185772844425
"11956","KCNE1B",0.684383916483702,0.993194984146881,0.165273249516159,1,2372.46676115985,-0.600696436755701
"4265","DST",0.684410249415037,0.993194984146881,0.165244101004869,1,2372.46676115985,-0.0647687481348707
"9407","PRSS53",0.684497994943337,0.993194984146881,0.165146995134819,1,2372.46676115985,-0.35592315577486
"5442","PLEKHF2",0.684529273759254,0.993194984146881,0.165112387660216,1,2372.46676115985,-0.0956241827778691
"4261","FBXO9",0.68456858960139,0.993194984146881,0.165068893860916,1,2372.46676115985,0.0587609393448121
"4360","BEND3",0.684619335339807,0.993194984146881,0.165012765418366,1,2372.46676115985,-0.414194803140059
"8384","L2HGDH",0.684711070985422,0.993194984146881,0.164911327404302,1,2372.46676115985,-0.154021686575538
"4817","YWHAG",0.685001948740792,0.993194984146881,0.164589925335083,1,2372.46676115985,-0.0474194737450299
"7710","CYP27B1",0.685228778189587,0.993194984146881,0.164339546061802,1,2372.46676115985,-0.27527032373495
"362","NFYC",0.685332476747658,0.993194984146881,0.164225155255118,1,2372.46676115985,-0.0654093987144031
"2866","PIGX",0.685554084057337,0.993194984146881,0.163980853653628,1,2372.46676115985,-0.082544067663153
"1991","METTL21A",0.685588704287198,0.993194984146881,0.163942707163743,1,2372.46676115985,-0.0933753691025939
"11873","RIPOR3",0.68567566871037,0.993194984146881,0.163846907720011,1,2372.46676115985,-0.572546382630105
"2808","ALG3",0.685744277031764,0.993194984146881,0.163771352233589,1,2372.46676115985,-0.104385215249861
"1341","ATAD2B",0.685776160639168,0.993194984146881,0.163736247046694,1,2372.46676115985,-0.0470512791907533
"649","CD53",0.68587473783274,0.993194984146881,0.163627737127433,1,2372.46676115985,0.0316378617093227
"8476","ZFYVE26",0.68588761136692,0.993194984146881,0.163613569534391,1,2372.46676115985,-0.0562381358887559
"10407","SLC38A10",0.685918185736184,0.993194984146881,0.163579924663448,1,2372.46676115985,-0.0730180815063071
"8992","CTSH",0.685999369046602,0.993194984146881,0.163490607867137,1,2372.46676115985,-0.0426648321547436
"11372","MAMSTR",0.686016988687118,0.993194984146881,0.163471226721542,1,2372.46676115985,-0.572868599557666
"2066","MFF",0.686131455115478,0.993194984146881,0.16334534917953,1,2372.46676115985,-0.0629870225955786
"8866","ICE2",0.686275644832259,0.993194984146881,0.163186865516801,1,2372.46676115985,0.0731815908276382
"5257","DPYSL2",0.686279331954895,0.993194984146881,0.163182814052278,1,2372.46676115985,0.0649821288242361
"10701","TLE6",0.686304115470091,0.993194984146881,0.16315558307988,1,2372.46676115985,-0.57119007618777
"7317","TMEM218",0.686320763534045,0.993194984146881,0.163137292446526,1,2372.46676115985,-0.13978891893422
"3280","ARFIP1",0.686432622615967,0.993194984146881,0.163014427792895,1,2372.46676115985,0.0565835016995963
"5510","TMEM65",0.686448736405216,0.993194984146881,0.162996733038918,1,2372.46676115985,0.0583251428472398
"1384","EIF2B4",0.686498707953699,0.993194984146881,0.162941865758141,1,2372.46676115985,0.100740606067247
"11217","PLD3",0.686524024834719,0.993194984146881,0.162914072671793,1,2372.46676115985,0.0233930403287794
"6213","ARHGAP12",0.686550827751145,0.993194984146881,0.162884651207504,1,2372.46676115985,0.0474337866215277
"6396","KIF11",0.686677219525464,0.993194984146881,0.162745953050671,1,2372.46676115985,-0.371532125130636
"3920","WRNIP1",0.686917976161013,0.993194984146881,0.162481944699085,1,2372.46676115985,-0.0925045082658311
"1083","KLHL12",0.686946452888498,0.993194984146881,0.162450734233041,1,2372.46676115985,-0.08512422685501
"1969","SUMO1",0.687068539546796,0.993194984146881,0.162316966867861,1,2372.46676115985,-0.0506907732738572
"415","AKR1A1",0.68713442109521,0.993194984146881,0.162244808670519,1,2372.46676115985,0.0399853915684878
"6186","DNAJC1",0.687141797123899,0.993194984146881,0.162236731075513,1,2372.46676115985,0.0475135778242758
"7149","TMEM126A",0.687203767614704,0.993194984146881,0.16216887553067,1,2372.46676115985,0.0981330713794049
"7289","CBL",0.687365913604326,0.993194984146881,0.161991409316606,1,2372.46676115985,-0.0378205548039531
"11630","SIRPB2",0.687436231706567,0.993194984146881,0.161914482365522,1,2372.46676115985,-0.0729120499486286
"1093","SNRPE",0.687544436453604,0.993194984146881,0.161796149457257,1,2372.46676115985,0.0688329107807157
"12408","TLR7",0.6875558549884,0.993194984146881,0.161783665058471,1,2372.46676115985,-0.252474394852912
"7157","PRSS23",0.687691564486234,0.993194984146881,0.161635330593934,1,2372.46676115985,0.489443394808748
"114","DHRS3",0.68783751035493,0.993194984146881,0.161475895668545,1,2372.46676115985,0.0423606532560954
"6877","VPS37C",0.687947613544219,0.993194984146881,0.161355676653476,1,2372.46676115985,0.0776776178271176
"4768","VKORC1L1",0.687949122240414,0.993194984146881,0.161354029705627,1,2372.46676115985,0.0785117251250638
"12716","UTP14A",0.68803514147991,0.993194984146881,0.161260144107476,1,2372.46676115985,0.134057389239651
"766","CERS2",0.688204907810152,0.993194984146881,0.161074945940351,1,2372.46676115985,0.0811571693998088
"2136","IL5RA",0.688358953036697,0.993194984146881,0.160907004842648,1,2372.46676115985,0.662253699289115
"3790","CCDC69",0.688422228214228,0.993194984146881,0.160838051301226,1,2372.46676115985,-0.0603553951032023
"2458","PDHB",0.688611483758659,0.993194984146881,0.160631914194702,1,2372.46676115985,0.0795947037879578
"10293","ABCA9",0.688614283577685,0.993194984146881,0.160628865783967,1,2372.46676115985,0.718898570831453
"7593","COX14",0.688627815121737,0.993194984146881,0.160614133267759,1,2372.46676115985,-0.0466780897606674
"6200","ANKRD26",0.688660030086188,0.993194984146881,0.160579062267656,1,2372.46676115985,0.0561131636885921
"5278","GTF2E2",0.688667779630023,0.993194984146881,0.160570626346866,1,2372.46676115985,0.0643594538100384
"925","PPOX",0.688696376555132,0.993194984146881,0.1605394988182,1,2372.46676115985,-0.247764136810445
"12035","PDE9A",0.688700198101639,0.993194984146881,0.160535339360068,1,2372.46676115985,-0.272110682615453
"8319","RABGGTA",0.688782395925379,0.993194984146881,0.160445888517382,1,2372.46676115985,0.146306016949119
"12226","APOL1",0.689024126484157,0.993194984146881,0.160182995607916,1,2372.46676115985,0.0984131131515653
"567","RBMXL1",0.689145964587038,0.993194984146881,0.160050585952547,1,2372.46676115985,0.127153089588751
"8391","PYGL",0.689420126454413,0.993194984146881,0.159752868046238,1,2372.46676115985,-0.059590918080783
"6149","NUDT5",0.689506960560787,0.993194984146881,0.159658640164587,1,2372.46676115985,0.0699944008655869
"10666","MBD3",0.689736378040823,0.993194984146881,0.159409843255981,1,2372.46676115985,0.0821537025056554
"2495","CHMP2B",0.689788997112162,0.993194984146881,0.159352811041483,1,2372.46676115985,0.0625064635598089
"12159","SRRD",0.689852317000906,0.993194984146881,0.15928419621942,1,2372.46676115985,-0.118022626107928
"3438","ANXA2R",0.690016941155846,0.993194984146881,0.159105886022303,1,2372.46676115985,0.238960751642751
"4139","UQCC2",0.690072269014643,0.993194984146881,0.159045984466304,1,2372.46676115985,-0.0743481865337641
"11274","LYPD5",0.690151879494353,0.993194984146881,0.158959815894583,1,2372.46676115985,0.456156303207297
"956","POGK",0.690202023899028,0.993194984146881,0.158905554622485,1,2372.46676115985,0.0852651887265346
"449","CC2D1B",0.690213650554016,0.993194984146881,0.158892974949486,1,2372.46676115985,0.113406056042924
"12181","ZMAT5",0.690274618858883,0.993194984146881,0.158827018619013,1,2372.46676115985,-0.10599579975502
"6275","NRBF2",0.69033162484148,0.993194984146881,0.158765363135673,1,2372.46676115985,0.0559341306622735
"11851","ZNF334",0.690383525417913,0.993194984146881,0.158709241526125,1,2372.46676115985,0.346428557097669
"5995","PKN3",0.690435855552894,0.993194984146881,0.158652667061156,1,2372.46676115985,-0.589436844137188
"3016","LIMCH1",0.690514825224093,0.993194984146881,0.158567314534678,1,2372.46676115985,-0.234150031525187
"5684","KIF24",0.69059313165953,0.993194984146881,0.158482705123862,1,2372.46676115985,-0.336550812729033
"8919","ITGA11",0.690594721762736,0.993194984146881,0.158480987302403,1,2372.46676115985,0.199918842669484
"6841","RTN4RL2",0.690609647148257,0.993194984146881,0.158464863624758,1,2372.46676115985,-0.342272906968472
"6803","PEX16",0.690617657298141,0.993194984146881,0.158456210767783,1,2372.46676115985,-0.107245529365702
"3315","SH3RF1",0.690634656191844,0.993194984146881,0.158437848847578,1,2372.46676115985,-0.0644273582037197
"2216","KAT2B",0.690808609757966,0.993194984146881,0.158250017955506,1,2372.46676115985,-0.0664755308287269
"12610","MAGT1",0.69082109009293,0.993194984146881,0.158236546950089,1,2372.46676115985,0.050053053272944
"9267","SMG1",0.690850241848207,0.993194984146881,0.158205083759193,1,2372.46676115985,0.0420428281348102
"10955","AKAP8",0.69101551849824,0.993194984146881,0.158026770862511,1,2372.46676115985,0.0890777821393266
"2936","MAN2B2",0.691104345557441,0.993194984146881,0.157930985646247,1,2372.46676115985,-0.0849488563203272
"2346","PRKAR2A",0.691155292660276,0.993194984146881,0.157876062839124,1,2372.46676115985,-0.0520537891619031
"6576","FANK1",0.691223713099124,0.993194984146881,0.157802320548197,1,2372.46676115985,0.213466575398269
"10280","HELZ",0.691249190192629,0.993194984146881,0.157774866901426,1,2372.46676115985,-0.0339785253176712
"667","CAPZA1",0.691299076826261,0.993194984146881,0.1577211179921,1,2372.46676115985,0.035663420481962
"2164","CRELD1",0.691391751898891,0.993194984146881,0.157621296057114,1,2372.46676115985,0.132918598541773
"10772","TNFSF14",0.691435049821214,0.993194984146881,0.157574671648374,1,2372.46676115985,-0.4254772958803
"2649","DNAJC13",0.691539465604683,0.993194984146881,0.157462266665021,1,2372.46676115985,-0.0451999686241154
"1929","DNAH7",0.691588221621503,0.993194984146881,0.157409796061876,1,2372.46676115985,-0.442652520744027
"11573","ZNF416",0.691598044438515,0.993194984146881,0.157399226096441,1,2372.46676115985,0.315707586005904
"12536","GPR173",0.691676515975311,0.993194984146881,0.157314800562867,1,2372.46676115985,-0.446867813233525
"5340","LYPLA1",0.691729239885482,0.993194984146881,0.157258090968837,1,2372.46676115985,-0.0466638547314372
"280","TSSK3",0.691805860790207,0.993194984146881,0.157175698967859,1,2372.46676115985,-0.333838797311928
"10769","DENND1C",0.691850933095172,0.993194984146881,0.157127243482063,1,2372.46676115985,-0.103668124945414
"2739","VEPH1",0.692017002807408,0.993194984146881,0.156948782974616,1,2372.46676115985,-0.582352507664731
"12393","ARSD",0.692017337552746,0.993194984146881,0.15694842337174,1,2372.46676115985,-0.121744919107361
"965","MPC2",0.69208379937872,0.993194984146881,0.156877035661279,1,2372.46676115985,0.0524319011224591
"5270","INTS9",0.692143605855888,0.993194984146881,0.156812812626542,1,2372.46676115985,-0.074910554169094
"10496","CEP192",0.692146297145323,0.993194984146881,0.156809922949823,1,2372.46676115985,-0.0536452646069813
"6756","ARL14EP",0.692174731927745,0.993194984146881,0.156779393991087,1,2372.46676115985,-0.0781963247497483
"68","CAMTA1",0.692262134715481,0.993194984146881,0.156685575653222,1,2372.46676115985,0.0408049985145071
"3802","SAP30L",0.692357177310172,0.993194984146881,0.156583593591662,1,2372.46676115985,0.0975085348868049
"987","EEF1AKNMT",0.692377110485158,0.993194984146881,0.156562209881491,1,2372.46676115985,0.1249041546089
"5597","LRRC14",0.692560091342016,0.993194984146881,0.156365992428448,1,2372.46676115985,-0.220768017748012
"3922","SERPINB9",0.69258567558814,0.993194984146881,0.156338568789016,1,2372.46676115985,-0.0795063002478
"11671","BMP2",0.69265916441935,0.993194984146881,0.156259811905187,1,2372.46676115985,-0.346326238399685
"3709","HSPA9",0.692665670091948,0.993194984146881,0.156252840978413,1,2372.46676115985,-0.052862262432642
"1172","MIA3",0.692787673950837,0.993194984146881,0.156122145294999,1,2372.46676115985,0.0609796442421672
"926","B4GALT3",0.692816070933775,0.993194984146881,0.156091734318399,1,2372.46676115985,-0.1385488388161
"9133","EME2",0.692904860010388,0.993194984146881,0.155996670164693,1,2372.46676115985,0.186806123897905
"11925","SLC17A9",0.692928126937669,0.993194984146881,0.155971764406644,1,2372.46676115985,-0.194462571910758
"1583","RTKN",0.69297427910356,0.993194984146881,0.155922368265415,1,2372.46676115985,-0.402512428740671
"12726","RAP2C",0.693035798555148,0.993194984146881,0.155856538752977,1,2372.46676115985,-0.0874637687237164
"5033","IMPDH1",0.693051429477108,0.993194984146881,0.155839815286254,1,2372.46676115985,0.0822859602826832
"7862","SELPLG",0.693132332963667,0.993194984146881,0.155753273514887,1,2372.46676115985,0.113249752388915
"12308","MEI1",0.693489729953536,0.993194984146881,0.155371301355544,1,2372.46676115985,0.196095862781829
"9895","B9D1",0.693524941185497,0.993194984146881,0.155333698266636,1,2372.46676115985,0.324436356017551
"3994","GPLD1",0.693562457293236,0.993194984146881,0.155293639519996,1,2372.46676115985,-0.57672127498121
"2902","SLBP",0.693680723942981,0.993194984146881,0.155167396458108,1,2372.46676115985,0.0702861193184421
"4802","NCF1",0.693730331023807,0.993194984146881,0.155114461315917,1,2372.46676115985,0.0619800561120787
"6076","SEC16A",0.693809637847836,0.993194984146881,0.155029855590843,1,2372.46676115985,0.0762674409716157
"8280","LRP10",0.693851534595043,0.993194984146881,0.154985170266076,1,2372.46676115985,0.064404750390927
"4007","BTN3A1",0.693908211538098,0.993194984146881,0.154924732839079,1,2372.46676115985,0.0926617896373944
"3137","SPARCL1",0.693923746688442,0.993194984146881,0.154908169317087,1,2372.46676115985,0.481066956945825
"9197","CORO7",0.694046030018833,0.993194984146881,0.154777826970255,1,2372.46676115985,0.0624694193681188
"1106","SLC45A3",0.694085524424636,0.993194984146881,0.154735743241967,1,2372.46676115985,0.238039404999512
"10339","SAP30BP",0.694217896171899,0.993194984146881,0.154594741154646,1,2372.46676115985,-0.0727716792544314
"11964","C21orf91",0.694222105346243,0.993194984146881,0.154590258769056,1,2372.46676115985,-0.148599122402131
"5675","B4GALT1",0.69435784376394,0.993194984146881,0.154445749993706,1,2372.46676115985,-0.0456846989124185
"5064","AGBL3",0.694374202349543,0.993194984146881,0.15442833971145,1,2372.46676115985,0.177530353391382
"10278","CEP112",0.69449905402074,0.993194984146881,0.154295498620314,1,2372.46676115985,-0.206448250547262
"12247","PDXP",0.69452040772499,0.993194984146881,0.154272785072621,1,2372.46676115985,-0.169190715514232
"1517","WDPCP",0.694594395070987,0.993194984146881,0.154194101002928,1,2372.46676115985,0.0551156738700804
"10545","SETBP1",0.694594723924971,0.993194984146881,0.154193751324976,1,2372.46676115985,-0.492327160854467
"3236","SCLT1",0.694650253350755,0.993194984146881,0.154134712181268,1,2372.46676115985,-0.0418778432197337
"3102","FRAS1",0.695058754780047,0.993194984146881,0.153700792515173,1,2372.46676115985,0.856335959409381
"8317","TINF2",0.695138109683102,0.993194984146881,0.153616581760128,1,2372.46676115985,-0.102263380104225
"12438","MAP3K15",0.695184203308632,0.993194984146881,0.153567679814997,1,2372.46676115985,-0.595325900129969
"6804","PHF21A",0.695406798745952,0.993194984146881,0.153331648823808,1,2372.46676115985,-0.0344560478989655
"6782","SLC1A2",0.695576244805508,0.993194984146881,0.153152115573751,1,2372.46676115985,-0.666958892646999
"2063","DOCK10",0.695595887031873,0.993194984146881,0.153131311882263,1,2372.46676115985,-0.0328270091677732
"7915","IQCD",0.695639577932078,0.993194984146881,0.153085043337292,1,2372.46676115985,-0.158107618004747
"10318","CDR2L",0.695653955295573,0.993194984146881,0.153069819511202,1,2372.46676115985,-0.349727088975476
"6040","GTF3C5",0.695813379305138,0.993194984146881,0.152901067965037,1,2372.46676115985,-0.13335717593896
"1211","TRIM11",0.695837347211204,0.993194984146881,0.152875707030279,1,2372.46676115985,0.157055121994089
"1829","TANK",0.695915383234951,0.993194984146881,0.152793152308078,1,2372.46676115985,0.0353419008674702
"2002","LANCL1",0.695923160929303,0.993194984146881,0.152784925652713,1,2372.46676115985,-0.126825741623436
"10861","DOCK6",0.696063587945493,0.993194984146881,0.152636436519628,1,2372.46676115985,-0.414182409138895
"6173","VIM",0.696145863799444,0.993194984146881,0.152549475749922,1,2372.46676115985,0.0262259352231525
"9833","PIK3R5",0.69627071171405,0.993194984146881,0.152417573346481,1,2372.46676115985,-0.0380672226200877
"6461","SFXN3",0.696391651837529,0.993194984146881,0.152289862231948,1,2372.46676115985,-0.0634686215759875
"1353","PTRHD1",0.696448208348903,0.993194984146881,0.152230160496791,1,2372.46676115985,-0.0989096825286552
"8276","OXA1L",0.696453332843152,0.993194984146881,0.152224751685278,1,2372.46676115985,-0.0637290604481524
"12746","HTATSF1",0.696491096780029,0.993194984146881,0.152184895943491,1,2372.46676115985,0.0851664961537033
"8420","PELI2",0.696569698825146,0.993194984146881,0.15210195928591,1,2372.46676115985,0.0831637273552968
"9533","PSKH1",0.696663391848885,0.993194984146881,0.152003133461661,1,2372.46676115985,-0.128280712568869
"6624","CRACR2B",0.69676733561791,0.993194984146881,0.151893538613955,1,2372.46676115985,-0.398338644926459
"9902","SPECC1",0.696799707001306,0.993194984146881,0.151859416603004,1,2372.46676115985,0.0580679142499535
"2286","NKTR",0.696875671752042,0.993194984146881,0.151779361055425,1,2372.46676115985,-0.0476886796597216
"6912","BSCL2",0.696893878266717,0.993194984146881,0.15176017770881,1,2372.46676115985,0.0610744072653168
"10392","GAA",0.697095758974215,0.993194984146881,0.151547559096241,1,2372.46676115985,-0.0478643726302043
"5554","ZC3H3",0.697160361410658,0.993194984146881,0.151479556748176,1,2372.46676115985,0.111069009667632
"7936","SUDS3",0.697191218815937,0.993194984146881,0.151447081573806,1,2372.46676115985,-0.0735661496599537
"625","AKNAD1",0.697215914241376,0.993194984146881,0.151421094322981,1,2372.46676115985,0.124985364867464
"3071","CXCL8",0.697254967702109,0.993194984146881,0.151380003204169,1,2372.46676115985,-0.171316100298162
"4726","DBNL",0.697307196590003,0.993194984146881,0.151325059250427,1,2372.46676115985,0.0520158208956455
"4423","TPD52L1",0.697350531673914,0.993194984146881,0.151279480151946,1,2372.46676115985,-0.60645795611127
"2960","C1QTNF7",0.697384582263408,0.993194984146881,0.151243671870864,1,2372.46676115985,0.427247646889743
"7786","GALNT4",0.697390746845808,0.993194984146881,0.15123718959438,1,2372.46676115985,-0.121276525517256
"722","RBM8A",0.697429294782559,0.993194984146881,0.151196658701943,1,2372.46676115985,-0.0491429956530268
"4422","RNF217",0.697443521284255,0.993194984146881,0.151181701950404,1,2372.46676115985,0.0531247880151485
"8035","ZNF10",0.697502715289819,0.993194984146881,0.151119478646027,1,2372.46676115985,-0.17225899304965
"5407","LRRCC1",0.69765451260723,0.993300986405304,0.150959980360833,1,2372.46676115985,-0.164794864496637
"3131","C4orf36",0.697813801884968,0.993417630820939,0.15079271425225,1,2372.46676115985,-0.299795033594722
"3958","MAK",0.698023268825663,0.993587888011152,0.150572920100885,1,2372.46676115985,-0.146048801385063
"1261","FH",0.698247951951592,0.993587888011152,0.150337364578532,1,2372.46676115985,-0.126708702579504
"6182","ARL5B",0.698308269191271,0.993587888011152,0.150274164709584,1,2372.46676115985,0.108795731610751
"1535","PPP3R1",0.698342327155788,0.993587888011152,0.150238485827915,1,2372.46676115985,-0.0396227064578855
"3264","MMAA",0.698463708628663,0.993587888011152,0.150111367085397,1,2372.46676115985,-0.142989650315434
"10001","CCL4",0.698472016967175,0.993587888011152,0.150102668304109,1,2372.46676115985,-0.234718513931152
"2489","EBLN2",0.698482262610627,0.993587888011152,0.150091941575177,1,2372.46676115985,0.193058383843201
"4676","CHN2",0.698552406585521,0.993587888011152,0.15001851582097,1,2372.46676115985,-0.121146219396086
"5545","PSCA",0.698690265342487,0.993657798165374,0.149874267358661,1,2372.46676115985,-0.548975939111834
"10683","OAZ1",0.698756320958907,0.993657798165374,0.149805178360636,1,2372.46676115985,0.0188681314690639
"11069","ZNF730",0.698884852094051,0.993730526601673,0.149670797352366,1,2372.46676115985,-0.548092426750509
"5972","AK1",0.699002291530031,0.993787469612171,0.149548073471115,1,2372.46676115985,-0.126675917780829
"12025","SH3BGR",0.699317013231328,0.994090096028712,0.149219475440967,1,2372.46676115985,-0.236396304312032
"3625","TICAM2",0.699521110786158,0.994090096028712,0.149006601062048,1,2372.46676115985,0.0781410230636173
"11765","MMP24OS",0.699613401834608,0.994090096028712,0.148910398539077,1,2372.46676115985,0.0436186923103788
"2139","SUMF1",0.699794054753124,0.994090096028712,0.148722192499464,1,2372.46676115985,0.0377500511593776
"7842","ALDH1L2",0.699824759612426,0.994090096028712,0.148690217459575,1,2372.46676115985,-0.163415928624781
"1468","PRKCE",0.699889201369428,0.994090096028712,0.148623122754444,1,2372.46676115985,-0.0480863546572351
"1652","CIAO1",0.700050369848471,0.994090096028712,0.148455395403121,1,2372.46676115985,-0.0561944880799785
"2515","TBC1D23",0.700110766820191,0.994090096028712,0.14839256854623,1,2372.46676115985,0.0561916244093252
"3483","PPWD1",0.700121967045717,0.994090096028712,0.148380919392838,1,2372.46676115985,-0.0833636326258704
"1215","CCSAP",0.700475605910278,0.994090096028712,0.148013375952405,1,2372.46676115985,0.0719468739490328
"7053","CHKA",0.700573368520078,0.994090096028712,0.147911861775546,1,2372.46676115985,-0.0530783260128283
"12235","TST",0.700601932237556,0.994090096028712,0.147882209493002,1,2372.46676115985,0.0940031067476199
"6485","ARL3",0.700747039707221,0.994090096028712,0.147731624662798,1,2372.46676115985,-0.071210546684501
"973","BLZF1",0.700863534435598,0.994090096028712,0.147610796327424,1,2372.46676115985,-0.066250261268124
"5176","DLGAP2",0.700986715871076,0.994090096028712,0.147483094245056,1,2372.46676115985,0.402451270685763
"5826","HABP4",0.701047045700593,0.994090096028712,0.147420573500379,1,2372.46676115985,-0.220736448686466
"5127","ZNF862",0.701115773718265,0.994090096028712,0.147349368113994,1,2372.46676115985,-0.107468516712828
"7885","FAM216A",0.70114029437936,0.994090096028712,0.147323968358402,1,2372.46676115985,0.161961743957356
"7731","MSRB3",0.701210250551428,0.994090096028712,0.147251517981256,1,2372.46676115985,-0.384664321021953
"8196","ABCC4",0.701225371825477,0.994090096028712,0.147235860263057,1,2372.46676115985,0.10498063502193
"7640","CBX5",0.701363446566453,0.994090096028712,0.147092931341193,1,2372.46676115985,-0.0787175982697289
"9690","ABR",0.701471109164235,0.994090096028712,0.146981538980898,1,2372.46676115985,-0.031575781333933
"11490","PRPF31",0.701553484936976,0.994090096028712,0.146896342139694,1,2372.46676115985,0.0803263731953864
"3849","BOD1",0.701561608957928,0.994090096028712,0.146887941435458,1,2372.46676115985,0.118421066469517
"5391","CRISPLD1",0.70165007032892,0.994090096028712,0.146796485129929,1,2372.46676115985,-0.459729746833641
"7262","TMPRSS13",0.701699370112339,0.994090096028712,0.146745530434183,1,2372.46676115985,0.180564108164124
"11046","ATP13A1",0.701720892371127,0.994090096028712,0.146723288889372,1,2372.46676115985,0.0682350412069563
"1423","RASGRP3",0.701748912000375,0.994090096028712,0.146694335724787,1,2372.46676115985,0.0509410080973962
"8364","FBXO33",0.701848035871162,0.994090096028712,0.146591935619576,1,2372.46676115985,0.0664497268926914
"2885","ZNF721",0.701849964695469,0.994090096028712,0.146589943450547,1,2372.46676115985,-0.0686830895899347
"7620","SPRYD3",0.701889520122005,0.994090096028712,0.146549092403073,1,2372.46676115985,0.134845944334834
"5233","SORBS3",0.701918031820634,0.994090096028712,0.146519650864215,1,2372.46676115985,0.0808059004505768
"4347","TSTD3",0.701924006354017,0.994090096028712,0.146513481915607,1,2372.46676115985,-0.10727788118484
"10166","ATP5MC1",0.701939624523504,0.994090096028712,0.146497356224064,1,2372.46676115985,-0.0685707910527662
"9222","CARHSP1",0.70232778271303,0.994090096028712,0.146096911406381,1,2372.46676115985,-0.0712895761839096
"4021","PGBD1",0.702400095694111,0.994090096028712,0.146022378866478,1,2372.46676115985,-0.132221530306991
"6659","TRIM68",0.702415679616827,0.994090096028712,0.146006319468761,1,2372.46676115985,0.232169465743412
"3343","CASP3",0.702420289033689,0.994090096028712,0.146001569609735,1,2372.46676115985,-0.0694643057249013
"12642","ARMCX6",0.702466590792034,0.994090096028712,0.145953862016668,1,2372.46676115985,0.0944437515362309
"5266","ZNF395",0.702861717062318,0.994090096028712,0.145547102081742,1,2372.46676115985,0.107949989419932
"921","NIT1",0.702898784008848,0.994090096028712,0.145508977138056,1,2372.46676115985,-0.0956843525691569
"11448","ZNF649",0.702997116462616,0.994090096028712,0.145407865710434,1,2372.46676115985,-0.140047870539947
"1120","FCMR",0.703120491568552,0.994090096028712,0.145281060833537,1,2372.46676115985,0.142346236302363
"9845","ELAC2",0.703198665216146,0.994090096028712,0.145200746782716,1,2372.46676115985,-0.121478256886405
"4544","IGF2R",0.703251160237679,0.994090096028712,0.14514682871392,1,2372.46676115985,0.0329721474210449
"5069","NUP205",0.703374952534921,0.994090096028712,0.145019726025485,1,2372.46676115985,-0.0803904718136894
"7997","EIF2B1",0.703403438109052,0.994090096028712,0.144990487727234,1,2372.46676115985,0.104280882826584
"4504","LRP11",0.703444434857818,0.994090096028712,0.144948413574138,1,2372.46676115985,-0.256265407910092
"9472","COQ9",0.70352553274744,0.994090096028712,0.144865205004101,1,2372.46676115985,-0.106395255007944
"11050","ZNF253",0.703615872737721,0.994090096028712,0.144772545999355,1,2372.46676115985,0.12654858806228
"4639","TWIST1",0.703758782243375,0.994090096028712,0.144626037324658,1,2372.46676115985,0.507503871722745
"9794","NLGN2",0.703764017635852,0.994090096028712,0.144620671691217,1,2372.46676115985,-0.571450587293734
"7011","CD248",0.703773324036477,0.994090096028712,0.144611134056347,1,2372.46676115985,-0.538438355302225
"8628","WDR25",0.703851409203371,0.994090096028712,0.144531122905143,1,2372.46676115985,0.126316948818842
"841","TRIM46",0.703935801911514,0.994090096028712,0.144444677129845,1,2372.46676115985,0.622547548504891
"4562","DLL1",0.704091339364481,0.994090096028712,0.144285433365149,1,2372.46676115985,-0.31190744258596
"8220","LIG4",0.704121984471569,0.994090096028712,0.14425406986576,1,2372.46676115985,-0.117715423713655
"2563","TMEM39A",0.704211027864025,0.994090096028712,0.14416296122416,1,2372.46676115985,-0.108017892307663
"5263","ESCO2",0.704388361521729,0.994090096028712,0.143981612624071,1,2372.46676115985,-0.568108596040431
"7184","CCDC82",0.704465064302688,0.994090096028712,0.143903213697285,1,2372.46676115985,-0.0628821010233306
"9043","MESP1",0.704565101346218,0.994090096028712,0.14380100120909,1,2372.46676115985,-0.228523453544762
"11912","LSM14B",0.704671177944225,0.994090096028712,0.143692663199354,1,2372.46676115985,-0.113847522560932
"11387","TRPM4",0.704745533726516,0.994090096028712,0.143616750086921,1,2372.46676115985,0.120712086286647
"12557","UBQLN2",0.704885525620975,0.994090096028712,0.143473888405604,1,2372.46676115985,-0.111873799401389
"8038","MPHOSPH8",0.704908225553513,0.994090096028712,0.143450730791814,1,2372.46676115985,-0.0450588220645827
"10027","LASP1",0.704961232794032,0.994090096028712,0.143396663129309,1,2372.46676115985,0.0426579020138324
"8053","SACS",0.704999227284093,0.994090096028712,0.143357915720509,1,2372.46676115985,-0.153193780964628
"5128","ATP6V0E2",0.705076975169706,0.994090096028712,0.143278645800115,1,2372.46676115985,0.116597123681383
"576","ZNF326",0.70513240349715,0.994090096028712,0.143222147681395,1,2372.46676115985,-0.0628168941512647
"10775","TRIP10",0.705180814267239,0.994090096028712,0.143172812982565,1,2372.46676115985,0.142867808600635
"2427","ITIH4",0.705203039182685,0.994090096028712,0.14315016715439,1,2372.46676115985,0.139520836551589
"8959","RPP25",0.705291563680754,0.994090096028712,0.143059986430119,1,2372.46676115985,0.16766137279211
"6380","LIPA",0.705392232762411,0.994090096028712,0.142957473375093,1,2372.46676115985,0.0316106519715683
"5015","TSPAN12",0.705403861666529,0.994090096028712,0.142945634168149,1,2372.46676115985,0.362068318497117
"2142","ITPR1",0.70540625326007,0.994090096028712,0.142943199393326,1,2372.46676115985,-0.0347511526373233
"1965","STRADB",0.70542970673229,0.994090096028712,0.142919323714115,1,2372.46676115985,-0.0974435834785126
"2645","NEK11",0.705477247767264,0.994090096028712,0.142870933842734,1,2372.46676115985,0.129797240978416
"6331","MYOZ1",0.705501176619644,0.994090096028712,0.142846581287955,1,2372.46676115985,-0.548485620271484
"188","PNRC2",0.70561905691988,0.994090096028712,0.142726648335598,1,2372.46676115985,0.0420230053977387
"3986","RNF144B",0.705664476591233,0.994090096028712,0.142680453132046,1,2372.46676115985,0.0637028145055737
"6716","ARNTL",0.705717037754957,0.994090096028712,0.142627005161227,1,2372.46676115985,-0.0848413980914926
"10852","DNM2",0.705735256317745,0.994090096028712,0.142608481886675,1,2372.46676115985,0.0410475285845228
"8503","NUMB",0.705816690148176,0.994090096028712,0.142525702849294,1,2372.46676115985,-0.0311583559838026
"405","EIF2B3",0.70587254812246,0.994090096028712,0.142468938032653,1,2372.46676115985,-0.0664727673899462
"2895","IDUA",0.705906833202546,0.994090096028712,0.14243410273916,1,2372.46676115985,0.198845221635928
"8751","ITPKA",0.705943501000016,0.994090096028712,0.142396851875149,1,2372.46676115985,-0.534739811390128
"2135","CNTN4",0.706129267493489,0.994090096028712,0.142208216963419,1,2372.46676115985,0.454716296883666
"9326","CLN3",0.706186426205191,0.994090096028712,0.142150204395743,1,2372.46676115985,-0.0588206108347691
"8130","LRCH1",0.706215342159232,0.994090096028712,0.14212086163463,1,2372.46676115985,-0.0487449657608387
"3765","ADRB2",0.706221235112234,0.994090096028712,0.142114882124441,1,2372.46676115985,0.265210095374323
"3435","GHR",0.706269438941149,0.994090096028712,0.14206597565965,1,2372.46676115985,0.455998782744019
"8640","CDC42BPB",0.706337359720113,0.994090096028712,0.141997081157865,1,2372.46676115985,-0.0539008622129667
"5253","GNRH1",0.706491250946507,0.994139329515437,0.141841054316342,1,2372.46676115985,-0.384928379900326
"3759","TCERG1",0.706527180216329,0.994139329515437,0.141804640542653,1,2372.46676115985,-0.0573477353873072
"4240","AARS2",0.7068282448494,0.994453981824384,0.141499725792956,1,2372.46676115985,0.143975022774569
"8652","ATP5MPL",0.707244695825508,0.994671597042377,0.141078566472463,1,2372.46676115985,0.0385261147477194
"4704","NME8",0.707276167254336,0.994671597042377,0.141046768342995,1,2372.46676115985,0.25443944797785
"2988","TBC1D19",0.707392948561781,0.994671597042377,0.140928810485622,1,2372.46676115985,-0.11864881219787
"11105","ZNF302",0.70746512818608,0.994671597042377,0.140855931817539,1,2372.46676115985,-0.0786485773264265
"7723","SRGAP1",0.707538526034171,0.994671597042377,0.140781845178812,1,2372.46676115985,-0.0852206102576696
"7043","AIP",0.70758594582798,0.994671597042377,0.140733992203476,1,2372.46676115985,-0.0660241457154249
"12607","ZDHHC15",0.707652990334819,0.994671597042377,0.140666351076517,1,2372.46676115985,0.45021768928072
"4089","SKIV2L",0.707721879622627,0.994671597042377,0.140596868071039,1,2372.46676115985,-0.141162603740657
"12725","STK26",0.7078053779442,0.994671597042377,0.140512676371287,1,2372.46676115985,-0.146829395447119
"2354","QRICH1",0.707883209324944,0.994671597042377,0.140434224568182,1,2372.46676115985,-0.0618091538966298
"6310","CDH23",0.707925295296459,0.994671597042377,0.140391813521459,1,2372.46676115985,0.101995755653536
"4187","TREML1",0.707985492236909,0.994671597042377,0.140331164310898,1,2372.46676115985,0.109674245059416
"7515","MRPS35",0.708066606243226,0.994671597042377,0.140249464512698,1,2372.46676115985,0.0769398497947393
"3491","MAST4",0.708067367694445,0.994671597042377,0.140248697690928,1,2372.46676115985,0.152748048676356
"8423","AP5M1",0.708403278166367,0.994983721508271,0.139910651105278,1,2372.46676115985,-0.0730973606201469
"1111","FAM72A",0.708444526575043,0.994983721508271,0.139869172446026,1,2372.46676115985,-0.150222386908438
"12215","SYN3",0.708544293602267,0.995015012483236,0.139768877494069,1,2372.46676115985,-0.337613582095064
"9117","TPSAB1",0.70865688918545,0.995064309899438,0.139655735348556,1,2372.46676115985,-0.168940148311345
"9172","TNFRSF12A",0.708873033271803,0.995105977752319,0.139438688354874,1,2372.46676115985,-0.20913094395677
"2511","ST3GAL6",0.708930908274033,0.995105977752319,0.139380604234176,1,2372.46676115985,-0.0551343465457916
"8463","FUT8",0.708937591814344,0.995105977752319,0.139373897432411,1,2372.46676115985,-0.0564529840012121
"8330","PRKD1",0.709086894340882,0.995105977752319,0.139224123197215,1,2372.46676115985,0.454777704819662
"1406","CLIP4",0.709223346463608,0.995105977752319,0.139087320189704,1,2372.46676115985,-0.0439369157054432
"4632","CRPPA",0.709229886452671,0.995105977752319,0.139080765306862,1,2372.46676115985,0.218205216280944
"175","KDM1A",0.709434776315016,0.995105977752319,0.138875497933652,1,2372.46676115985,0.061525249536285
"12312","WBP2NL",0.709471985963154,0.995105977752319,0.138838238250664,1,2372.46676115985,0.117850639323092
"9373","NPIPB13",0.709590120725752,0.995105977752319,0.138719982363354,1,2372.46676115985,0.426498577983313
"2262","OXSR1",0.709654059678136,0.995105977752319,0.138656001783818,1,2372.46676115985,-0.0528170342042623
"5415","WWP1",0.709685491747662,0.995105977752319,0.138624555411753,1,2372.46676115985,0.0385219022495875
"4186","NFYA",0.709747688828212,0.995105977752319,0.138562341997376,1,2372.46676115985,0.105855135175462
"11517","EPS8L1",0.709752002172547,0.995105977752319,0.138558028109828,1,2372.46676115985,-0.31326473575742
"244","SESN2",0.709846711621254,0.995105977752319,0.13846332600392,1,2372.46676115985,-0.0797107857584391
"9309","PLK1",0.709874109170178,0.995105977752319,0.138435937452617,1,2372.46676115985,-0.382248829270148
"11993","IFNGR2",0.709933764219864,0.995105977752319,0.138376312662764,1,2372.46676115985,0.0382081633919608
"6455","SLF2",0.710084462517379,0.995105977752319,0.13822575591969,1,2372.46676115985,0.053939096531784
"650","LRIF1",0.71012862379887,0.995105977752319,0.138181653792734,1,2372.46676115985,-0.0760753132365772
"11120","FFAR2",0.710158958034596,0.995105977752319,0.138151364830339,1,2372.46676115985,-0.336723661571128
"5790","SPIN1",0.710332191962327,0.995166336136449,0.137978461854289,1,2372.46676115985,0.04535062672636
"501","LEPROT",0.71037150816693,0.995166336136449,0.137939237915235,1,2372.46676115985,0.0418081614792857
"12800","F8",0.710434530282909,0.995166336136449,0.137876376934247,1,2372.46676115985,0.162440546158076
"7705","PIP4K2C",0.710617257903417,0.99523881276848,0.13769420866132,1,2372.46676115985,0.131617369606316
"8136","RB1",0.710738708969985,0.99523881276848,0.137573205161128,1,2372.46676115985,-0.0310155827537035
"8033","ZNF140",0.710916311317803,0.99523881276848,0.137396366239882,1,2372.46676115985,-0.132160401602924
"12237","KCTD17",0.710985426657299,0.99523881276848,0.137327582959342,1,2372.46676115985,0.13341274775347
"10917","GADD45GIP1",0.711039252367458,0.99523881276848,0.137274029416969,1,2372.46676115985,-0.0407305118943783
"8605","BTBD7",0.711170960806731,0.99523881276848,0.137143037046926,1,2372.46676115985,-0.0440331736328731
"2544","CCDC80",0.711275599573404,0.99523881276848,0.137039017862788,1,2372.46676115985,0.443437492262355
"6584","PPP2R2D",0.711278637706981,0.99523881276848,0.137035998388826,1,2372.46676115985,-0.0572752026360112
"9548","TANGO6",0.71129960336047,0.99523881276848,0.137015162533385,1,2372.46676115985,0.0656173066833079
"9921","SLC46A1",0.711308796158833,0.99523881276848,0.137006027215549,1,2372.46676115985,-0.12546841020265
"8519","SYNDIG1L",0.71150680906533,0.99523881276848,0.136809336494403,1,2372.46676115985,0.393711828345234
"4169","PPIL1",0.711598575820611,0.99523881276848,0.136718236958075,1,2372.46676115985,0.161308193355429
"7163","SLC36A4",0.711618259532891,0.99523881276848,0.136698700854924,1,2372.46676115985,-0.0482907239655811
"9019","TM6SF1",0.711655001190263,0.99523881276848,0.136662238970221,1,2372.46676115985,-0.0776338857971065
"497","RAVER2",0.711755900960618,0.99523881276848,0.136562135945649,1,2372.46676115985,0.302443302244492
"9394","CCDC189",0.711786594647922,0.99523881276848,0.136531692897314,1,2372.46676115985,0.260426150167791
"8024","POLE",0.711917724504926,0.99523881276848,0.136401677258109,1,2372.46676115985,-0.193931383887796
"8662","CDCA4",0.712184109150391,0.99523881276848,0.136137772793418,1,2372.46676115985,-0.182688389191383
"3872","PRELID1",0.712320916699984,0.99523881276848,0.136002351834522,1,2372.46676115985,0.0400815595131869
"5466","ZNF706",0.712328676139032,0.99523881276848,0.135994673334213,1,2372.46676115985,-0.0373086667051617
"1786","CXCR4",0.712341892736051,0.99523881276848,0.135981595166503,1,2372.46676115985,0.0670778811940344
"5940","STRBP",0.712424917105892,0.99523881276848,0.13589945672465,1,2372.46676115985,0.0919713581483332
"9746","RNF167",0.712457766600018,0.99523881276848,0.135866965540459,1,2372.46676115985,0.0841060625710817
"10783","ZNF358",0.712479521893525,0.99523881276848,0.135845449974284,1,2372.46676115985,0.081734725082197
"4390","TRAF3IP2",0.712607059880332,0.99523881276848,0.135719356286601,1,2372.46676115985,0.0956986119637836
"12441","EIF1AX",0.712607091181546,0.99523881276848,0.135719325348018,1,2372.46676115985,-0.0496447230341149
"7920","SDSL",0.712783246674406,0.99523881276848,0.135545274085485,1,2372.46676115985,0.064482402777563
"2235","OSBPL10",0.712894724578693,0.99523881276848,0.13543519333769,1,2372.46676115985,-0.287640028892423
"10747","PTPRS",0.712948184183315,0.99523881276848,0.135382421757554,1,2372.46676115985,0.297835440279891
"5595","MFSD3",0.712993713301408,0.99523881276848,0.135337487804624,1,2372.46676115985,0.191326314671166
"9488","BEAN1",0.713272740356558,0.99523881276848,0.135062293182269,1,2372.46676115985,0.224995977186795
"5671","NDUFB6",0.713358119957818,0.99523881276848,0.134978149790385,1,2372.46676115985,0.0673956686213473
"4285","DDX43",0.713420530053565,0.99523881276848,0.134916662155402,1,2372.46676115985,-0.313575449702363
"2239","CMTM6",0.71376760437672,0.99523881276848,0.13457500780821,1,2372.46676115985,-0.0342337961008116
"959","POU2F1",0.713786600426465,0.99523881276848,0.134556322589834,1,2372.46676115985,-0.0461884329817622
"2834","BCL6",0.714090809410225,0.99523881276848,0.134257291850542,1,2372.46676115985,-0.0694389705993713
"9","TNFRSF4",0.714154573392593,0.99523881276848,0.134194661091501,1,2372.46676115985,-0.289260313117424
"6044","MED22",0.714312501447364,0.99523881276848,0.134039611110259,1,2372.46676115985,-0.132610419066732
"12026","DSCAM",0.714355261805636,0.99523881276848,0.133997647500683,1,2372.46676115985,0.59858183048525
"11098","PEPD",0.714373596884826,0.99523881276848,0.133979656339076,1,2372.46676115985,0.0493729718057306
"4380","METTL24",0.714395159328664,0.99523881276848,0.133958500102263,1,2372.46676115985,0.598271190341903
"3576","LYSMD3",0.714407569024373,0.99523881276848,0.133946325047136,1,2372.46676115985,-0.102357908782204
"2639","TMCC1",0.714444020781079,0.99523881276848,0.133910566142773,1,2372.46676115985,0.0310502463355989
"7480","ARHGDIB",0.714495842699592,0.99523881276848,0.133859738541223,1,2372.46676115985,0.0341965648810104
"2244","CRTAP",0.714508726290039,0.99523881276848,0.133847103848658,1,2372.46676115985,-0.0538594905756268
"12024","LCA5L",0.714571591002586,0.99523881276848,0.133785463316967,1,2372.46676115985,0.342862690632714
"8408","CNIH1",0.714944009024732,0.99523881276848,0.133420627557235,1,2372.46676115985,0.0562321930589159
"3296","C4orf46",0.71507186969509,0.99523881276848,0.133295500269604,1,2372.46676115985,0.259819004885129
"4023","ZKSCAN3",0.715150276494167,0.99523881276848,0.133218802543779,1,2372.46676115985,-0.186558600333636
"703","NOTCH2",0.715188032653255,0.99523881276848,0.133181878297626,1,2372.46676115985,0.0397612719529994
"7671","ZC3H10",0.715264056271319,0.99523881276848,0.133107547366602,1,2372.46676115985,-0.157637066645889
"8593","ATXN3",0.715274746286464,0.99523881276848,0.133097097253072,1,2372.46676115985,-0.0558925152041087
"9152","BRICD5",0.715334501807735,0.99523881276848,0.133038691305841,1,2372.46676115985,-0.24037748458463
"1179","TP53BP2",0.715566317348236,0.99523881276848,0.13281224874332,1,2372.46676115985,-0.0719911899517016
"12148","SNRPD3",0.715582937893809,0.99523881276848,0.132796021820442,1,2372.46676115985,0.0633936992236537
"28","MIB2",0.715584253293914,0.99523881276848,0.132794737620782,1,2372.46676115985,0.120797098968424
"8610","IFI27",0.71559030960592,0.99523881276848,0.132788825051358,1,2372.46676115985,-0.0856876356878245
"6195","PRTFDC1",0.715777143101894,0.99523881276848,0.132606499172028,1,2372.46676115985,-0.198670370466862
"3762","DPYSL3",0.715906480117572,0.99523881276848,0.132480365687101,1,2372.46676115985,0.460839187770416
"6433","MARVELD1",0.715973695456783,0.99523881276848,0.132414842035347,1,2372.46676115985,0.141121609908292
"12762","VMA21",0.71599169697722,0.99523881276848,0.132397296696448,1,2372.46676115985,-0.0596530902998287
"7548","IRAK4",0.716001475248884,0.99523881276848,0.13238776677044,1,2372.46676115985,-0.0637877009004512
"6585","BNIP3",0.716058605198088,0.99523881276848,0.132332095554599,1,2372.46676115985,0.0526710448281155
"4551","SFT2D1",0.716098288332617,0.99523881276848,0.132293433476069,1,2372.46676115985,0.0484521266759322
"1446","ARHGEF33",0.716152189842924,0.99523881276848,0.13224092910773,1,2372.46676115985,0.594424836022393
"11946","PRPF6",0.716180876438211,0.99523881276848,0.132212990887777,1,2372.46676115985,-0.0615725129771273
"2552","NAA50",0.716185520015967,0.99523881276848,0.132208468765853,1,2372.46676115985,0.0487696288374227
"4371","CD164",0.716312881042747,0.99523881276848,0.132084473084685,1,2372.46676115985,0.0325214648783158
"6609","PTDSS2",0.716375183319597,0.99523881276848,0.132023841050873,1,2372.46676115985,-0.136353610756239
"1145","NENF",0.716392266897268,0.99523881276848,0.132007218214536,1,2372.46676115985,-0.0345247277465261
"9659","TRAPPC2L",0.716448636367431,0.99523881276848,0.131952377423679,1,2372.46676115985,0.0592816767092479
"6691","TRIM66",0.716499967824097,0.99523881276848,0.131902449240778,1,2372.46676115985,-0.0822372692138759
"441","RNF11",0.71652913633263,0.99523881276848,0.131874082891374,1,2372.46676115985,-0.0635180534338119
"6929","SPINDOC",0.71656114971515,0.99523881276848,0.131842953878914,1,2372.46676115985,0.158650552603512
"11180","SPRED3",0.716717715847635,0.99523881276848,0.131690772791747,1,2372.46676115985,0.593386608372626
"1382","MPV17",0.716731875069989,0.99523881276848,0.131677015039536,1,2372.46676115985,0.0685370996531227
"1581","DCTN1",0.71675766453052,0.99523881276848,0.131651958902346,1,2372.46676115985,0.0734864417615323
"3387","OTULINL",0.716785692120515,0.99523881276848,0.131624731336374,1,2372.46676115985,-0.0676226590103275
"10151","OSBPL7",0.716873242792486,0.99523881276848,0.131539700247719,1,2372.46676115985,-0.167619209797835
"10267","ERN1",0.716914418869165,0.99523881276848,0.131499719908902,1,2372.46676115985,-0.0770511715137639
"2240","DYNC1LI1",0.716947190008613,0.99523881276848,0.131467905345049,1,2372.46676115985,0.0582552834220232
"10571","ELAC1",0.716996838489134,0.99523881276848,0.131419714379543,1,2372.46676115985,0.127911007167596
"7228","C11orf1",0.717039997696373,0.99523881276848,0.13137783030475,1,2372.46676115985,-0.142746093313282
"10633","POLRMT",0.717063901419914,0.99523881276848,0.131354636063113,1,2372.46676115985,0.140201224604964
"8273","METTL3",0.717188077651126,0.99523881276848,0.131234182757159,1,2372.46676115985,0.134287868626192
"11304","CLPTM1",0.717208965504493,0.99523881276848,0.131213927283712,1,2372.46676115985,-0.0563380246174951
"338","RRAGC",0.717290358484397,0.99523881276848,0.131135015348164,1,2372.46676115985,-0.0654136875653804
"9971","RHOT1",0.717306690458086,0.99523881276848,0.131119184444714,1,2372.46676115985,-0.0378453384174204
"4156","RPL10A",0.717699497644342,0.995548325304691,0.130738754288721,1,2372.46676115985,0.0365607770947973
"3847","CREBRF",0.717831451958972,0.995548325304691,0.130611097977943,1,2372.46676115985,-0.037709635690607
"3087","NAAA",0.718028063479315,0.995548325304691,0.130421021238603,1,2372.46676115985,0.0596621051321479
"11056","ZNF626",0.718060015706562,0.995548325304691,0.130390145788539,1,2372.46676115985,0.164251337353179
"8469","TMEM229B",0.718082037894437,0.995548325304691,0.130368868144766,1,2372.46676115985,0.136492530251615
"4342","MMS22L",0.718221338052198,0.995548325304691,0.130234323028444,1,2372.46676115985,0.0915569461020899
"4251","CD2AP",0.718276201562526,0.995548325304691,0.130181353846428,1,2372.46676115985,-0.034097858178288
"10557","IER3IP1",0.718332262295991,0.995548325304691,0.130127241357324,1,2372.46676115985,0.0552424679353684
"4200","GUCA1B",0.718433491278011,0.995548325304691,0.130029562526411,1,2372.46676115985,-0.240391238183364
"7967","TMEM120B",0.718489322165982,0.995548325304691,0.12997570738793,1,2372.46676115985,-0.115149880634
"1693","RFX8",0.718517545698227,0.995548325304691,0.129948487429851,1,2372.46676115985,-0.426462593569577
"7478","C12orf60",0.718582208125681,0.995548325304691,0.129886136416495,1,2372.46676115985,0.210320947882121
"718","PIAS3",0.718601542516385,0.995548325304691,0.129867496433445,1,2372.46676115985,-0.161680634086643
"7470","HEBP1",0.718833909254565,0.995548325304691,0.12964359352096,1,2372.46676115985,-0.04787676496854
"3331","NEIL3",0.718860104549146,0.995548325304691,0.129618366062991,1,2372.46676115985,-0.512757897839462
"11565","ZNF17",0.719062155687723,0.995548325304691,0.129423873274711,1,2372.46676115985,-0.216909242017751
"3301","RAPGEF2",0.719193541744032,0.995548325304691,0.12929749061278,1,2372.46676115985,0.0409642656187797
"3291","CTSO",0.719239052541489,0.995548325304691,0.129253729198518,1,2372.46676115985,0.075115224233356
"2947","AFAP1",0.719379544041243,0.995548325304691,0.129118690793887,1,2372.46676115985,-0.277622572141449
"4755","PSPH",0.719405236044965,0.995548325304691,0.129094004629729,1,2372.46676115985,-0.121778415078459
"4483","PLAGL1",0.71945246792315,0.995548325304691,0.129048628827778,1,2372.46676115985,-0.0482263645810141
"11615","C20orf96",0.719509140187487,0.995548325304691,0.128994195504859,1,2372.46676115985,-0.119197822412131
"6356","EIF5AL1",0.719571816459079,0.995548325304691,0.128934010470723,1,2372.46676115985,-0.511200659987764
"12182","UQCR10",0.719596693312016,0.995548325304691,0.128910126810742,1,2372.46676115985,0.0261090149130521
"3848","BNIP1",0.719647336186607,0.995548325304691,0.128861513538919,1,2372.46676115985,-0.181410095474409
"9876","DRC3",0.719680921394225,0.995548325304691,0.128829280025654,1,2372.46676115985,0.329606737264666
"8785","MFAP1",0.719727343191353,0.995548325304691,0.128784734046825,1,2372.46676115985,0.0661648508702775
"8099","LHFPL6",0.719997013026402,0.995548325304691,0.128526133008471,1,2372.46676115985,-0.183572902375376
"2141","SETMAR",0.720069209899319,0.995548325304691,0.128456949283958,1,2372.46676115985,0.193151225706237
"11792","RBL1",0.720169483866284,0.995548325304691,0.128360895135083,1,2372.46676115985,0.0829571739975501
"3265","ZNF827",0.720243193427884,0.995548325304691,0.128290313336136,1,2372.46676115985,0.393155169748228
"11419","ZNF473",0.720343040301076,0.995548325304691,0.12819473825265,1,2372.46676115985,0.233619545475309
"1746","TMEM177",0.720388572376005,0.995548325304691,0.128151167534755,1,2372.46676115985,0.253112809529087
"5847","ALG2",0.720403943888208,0.995548325304691,0.12813646005811,1,2372.46676115985,-0.0960672839527268
"470","SSBP3",0.720417923802216,0.995548325304691,0.128123084890657,1,2372.46676115985,0.0511875557101019
"12482","SLC9A7",0.720471567280937,0.995548325304691,0.128071769243661,1,2372.46676115985,0.0644100211059945
"1876","LNPK",0.720542478662454,0.995548325304691,0.12800395282012,1,2372.46676115985,-0.0560387488335442
"12264","TOMM22",0.720549383130258,0.995548325304691,0.127997350783157,1,2372.46676115985,-0.0786149327745393
"9929","SDF2",0.720605121239702,0.995548325304691,0.127944061158488,1,2372.46676115985,-0.0778312987533096
"5581","BOP1",0.720748597263105,0.995548325304691,0.127806945372141,1,2372.46676115985,-0.242803313461843
"6992","MUS81",0.720857649863036,0.995548325304691,0.127702782487999,1,2372.46676115985,0.13395263434785
"8877","DAPK2",0.720880870933985,0.995548325304691,0.127680608790907,1,2372.46676115985,0.200750335211604
"10986","ANO8",0.720891074232226,0.995548325304691,0.127670866393506,1,2372.46676115985,0.18159444294733
"6718","FAR1",0.720974491091676,0.995548325304691,0.127591233340762,1,2372.46676115985,0.0379138732578992
"1846","FASTKD1",0.721044437885805,0.995548325304691,0.127524480941075,1,2372.46676115985,0.0652829495890509
"5642","CNTLN",0.721490647970459,0.995548325304691,0.127099112217774,1,2372.46676115985,0.0465093345457153
"258","SDC3",0.721616595462071,0.995548325304691,0.12697919236374,1,2372.46676115985,0.0588193601753964
"6231","RASGEF1A",0.721757332183889,0.995548325304691,0.126845266527045,1,2372.46676115985,-0.36533348073425
"5701","UNC13B",0.72180644975539,0.995548325304691,0.12679854472147,1,2372.46676115985,-0.0736699180655874
"10828","ANGPTL6",0.721911288276424,0.995548325304691,0.126698852258716,1,2372.46676115985,0.149413981955238
"9063","RCCD1",0.722008201571581,0.995548325304691,0.126606735298031,1,2372.46676115985,-0.237174123848362
"6111","DPH7",0.722201777389689,0.995548325304691,0.126422852708101,1,2372.46676115985,-0.145413240482313
"4225","POLR1C",0.722292911836665,0.995548325304691,0.126336333896277,1,2372.46676115985,-0.146938110484512
"646","RBM15",0.722384988057126,0.995548325304691,0.126248954883828,1,2372.46676115985,-0.113424593290643
"9403","STX1B",0.722408197346369,0.995548325304691,0.126226934973667,1,2372.46676115985,0.250768772553552
"10436","CCDC57",0.722474959824535,0.995548325304691,0.126163605852855,1,2372.46676115985,-0.0649694242238281
"12197","OSBP2",0.722516285137729,0.995548325304691,0.126124414720816,1,2372.46676115985,-0.21982034309305
"12480","ZNF674",0.722609613130259,0.995548325304691,0.126035931731278,1,2372.46676115985,-0.187977120139211
"11563","TRAPPC2B",0.72275956423157,0.995548325304691,0.125893838360566,1,2372.46676115985,0.114818825587419
"5910","TEX53",0.722794303328739,0.995548325304691,0.125860932534003,1,2372.46676115985,0.404956372685467
"11368","SPHK2",0.722840366768132,0.995548325304691,0.12581730744708,1,2372.46676115985,0.108619143747605
"5118","ZNF425",0.722852046284596,0.995548325304691,0.125806247534827,1,2372.46676115985,0.175730179695146
"11688","SNX5",0.722993492879523,0.995548325304691,0.125672348199741,1,2372.46676115985,0.0386583984602827
"4960","POLR2J2",0.723039764888775,0.995548325304691,0.125628562578554,1,2372.46676115985,-0.50797438453464
"2883","ZNF718",0.723118114994651,0.995548325304691,0.125554442131553,1,2372.46676115985,-0.103295946855667
"4211","PPP2R5D",0.723121898227771,0.995548325304691,0.125550863755901,1,2372.46676115985,0.0975840625541489
"6226","ZNF37A",0.723351238527854,0.995548325304691,0.125334049142827,1,2372.46676115985,-0.0590585652802645
"7487","PLEKHA5",0.723480580175765,0.995548325304691,0.12521186462967,1,2372.46676115985,-0.0735419907755193
"8304","DCAF11",0.723519694778989,0.995548325304691,0.125174927641686,1,2372.46676115985,0.0733559694797826
"10249","METTL2A",0.723521293375556,0.995548325304691,0.125173418173704,1,2372.46676115985,-0.146322702007869
"5815","FAM120A",0.723597391577503,0.995548325304691,0.125101574618008,1,2372.46676115985,0.0368626740475518
"54","NPHP4",0.723690539908188,0.995548325304691,0.125013665789084,1,2372.46676115985,-0.128791924034233
"12661","TCEAL3",0.723858647502491,0.995548325304691,0.124855102051366,1,2372.46676115985,-0.0571905263466321
"5116","PDIA4",0.723920152094513,0.995548325304691,0.124797117498565,1,2372.46676115985,0.0596858841191941
"7395","LPAR5",0.723926215764842,0.995548325304691,0.124791401685428,1,2372.46676115985,-0.365232611390511
"12685","WDR44",0.724012322825952,0.995548325304691,0.124710250255459,1,2372.46676115985,0.0543225484575277
"6395","IDE",0.724031697411171,0.995548325304691,0.124691994807283,1,2372.46676115985,0.0620284352841707
"6036","GTF3C4",0.724154104122957,0.995548325304691,0.124576693432972,1,2372.46676115985,-0.133558851269273
"6171","CUBN",0.724213866425568,0.995548325304691,0.124520421940503,1,2372.46676115985,0.179775347959574
"12644","ARMCX2",0.724255295674646,0.995548325304691,0.124481421028876,1,2372.46676115985,0.211040383887339
"5198","CTSB",0.724262011829766,0.995548325304691,0.124475099182098,1,2372.46676115985,0.0215376688132336
"6453","NDUFB8",0.724269894380846,0.995548325304691,0.124467679649236,1,2372.46676115985,0.0335050660846405
"1476","TTC7A",0.724306982546198,0.995548325304691,0.124432773366812,1,2372.46676115985,0.0459718433244204
"807","SLC27A3",0.724472437809067,0.995548325304691,0.124277118823986,1,2372.46676115985,0.170387362384243
"4218","PTK7",0.724520704116469,0.995548325304691,0.124231732200458,1,2372.46676115985,0.576515400172084
"5029","SND1",0.724662422592953,0.995548325304691,0.124098522838179,1,2372.46676115985,0.0311337082508703
"8883","PCLAF",0.724692951884424,0.995548325304691,0.124069837113901,1,2372.46676115985,0.531160904133816
"5084","TBXAS1",0.72475205327072,0.995548325304691,0.124014315264978,1,2372.46676115985,0.0296622236380601
"12084","MICAL3",0.72482050362338,0.995548325304691,0.123950028135468,1,2372.46676115985,0.109311583449129
"9762","DERL2",0.72487037604766,0.995548325304691,0.123903200801736,1,2372.46676115985,-0.0741371735837447
"5313","ANK1",0.724979331279551,0.995548325304691,0.123800932704704,1,2372.46676115985,-0.524421751120834
"10519","ZNF521",0.725076201447521,0.995548325304691,0.123710047797172,1,2372.46676115985,-0.295939218402145
"7194","MMP12",0.725215279387334,0.995548325304691,0.123579628553196,1,2372.46676115985,0.520106259271499
"8823","CYP19A1",0.725223965591483,0.995548325304691,0.123571485697815,1,2372.46676115985,-0.179954148670738
"5615","RFX3",0.725240671940099,0.995548325304691,0.123555825230084,1,2372.46676115985,0.0481891895232127
"1076","RNPEP",0.725247933109619,0.995548325304691,0.123549018985004,1,2372.46676115985,-0.0479382589657287
"4819","ZP3",0.72534737621715,0.995548325304691,0.123455827349744,1,2372.46676115985,0.128845565461395
"12609","ATRX",0.725456627709049,0.995548325304691,0.123353489468737,1,2372.46676115985,-0.0285643885668575
"8464","GPHN",0.725504249620537,0.995548325304691,0.123308896066726,1,2372.46676115985,0.0565796381047211
"3283","TMEM131L",0.725618585138669,0.995548325304691,0.123201868672975,1,2372.46676115985,-0.12333891664891
"9674","TCF25",0.72579181205944,0.995548325304691,0.123039813547646,1,2372.46676115985,-0.0292541663305706
"10507","RBBP8",0.725828187013279,0.995548325304691,0.123005799713205,1,2372.46676115985,0.0905402069203701
"2887","PDE6B",0.72586710637054,0.995548325304691,0.12296941248168,1,2372.46676115985,0.195451393779386
"10325","JPT1",0.725907257792919,0.995548325304691,0.122931879679115,1,2372.46676115985,0.0387543373786599
"1739","CCDC93",0.72595616771903,0.995548325304691,0.122886168281354,1,2372.46676115985,0.0491577885430723
"78","H6PD",0.725977956223503,0.995548325304691,0.122865807737779,1,2372.46676115985,-0.0655986383947113
"4621","C1GALT1",0.725978136180073,0.995548325304691,0.122865639582974,1,2372.46676115985,-0.0475801951313808
"4585","EIF3B",0.726383540766431,0.995548325304691,0.122487149854999,1,2372.46676115985,-0.0660945977822848
"8386","CDKL1",0.726398356630933,0.995548325304691,0.122473330032038,1,2372.46676115985,-0.151935676480589
"2220","NKIRAS1",0.726523549376861,0.995548325304691,0.122356588688984,1,2372.46676115985,0.0943516055031067
"10032","MED1",0.726543886157915,0.995548325304691,0.122337630684655,1,2372.46676115985,0.063622451232731
"10229","PRR11",0.726561915668587,0.995548325304691,0.122320824902845,1,2372.46676115985,-0.135757135733565
"3791","GM2A",0.726679028436922,0.995548325304691,0.122211692546542,1,2372.46676115985,0.0347194484720814
"2812","FAM131A",0.72681472191189,0.995548325304691,0.122085313978809,1,2372.46676115985,-0.11998109617888
"5365","RRS1",0.726923194221334,0.995548325304691,0.121984340694139,1,2372.46676115985,-0.232490967638514
"586","MTF2",0.727058186965386,0.995548325304691,0.121858745870863,1,2372.46676115985,-0.0445048730899127
"4973","SRPK2",0.727144692888404,0.995548325304691,0.121778300468563,1,2372.46676115985,-0.0296740064017372
"6112","ZMYND19",0.7272231428022,0.995548325304691,0.121705372442934,1,2372.46676115985,-0.210927336502215
"1287","NLRP3",0.72736618872621,0.995548325304691,0.12157245822254,1,2372.46676115985,0.0689978963207611
"12540","IQSEC2",0.727510035460105,0.995548325304691,0.121438882040914,1,2372.46676115985,-0.0749629718929764
"732","BCL9",0.727622896067553,0.995548325304691,0.121334137242823,1,2372.46676115985,0.245203273962292
"6615","IRF7",0.727638685471059,0.995548325304691,0.121319487296667,1,2372.46676115985,-0.0467949987062889
"8929","UACA",0.72780249878545,0.995548325304691,0.12116755424455,1,2372.46676115985,0.0694085582468317
"1356","DNAJC27",0.727884370659956,0.995548325304691,0.121091659980202,1,2372.46676115985,0.117927591102203
"6075","INPP5E",0.728085020065812,0.995548325304691,0.120905773045782,1,2372.46676115985,-0.229851743336043
"857","SYT11",0.728101575732572,0.995548325304691,0.120890442584843,1,2372.46676115985,-0.133178771070632
"10608","FBXO15",0.728141191470072,0.995548325304691,0.120853763041602,1,2372.46676115985,-0.336935022211242
"10157","COPZ2",0.728144087207965,0.995548325304691,0.120851082171381,1,2372.46676115985,-0.158255959307956
"9075","LRRC28",0.728197600595421,0.995548325304691,0.120801545548752,1,2372.46676115985,0.0546717396942211
"6685","SYT9",0.728213468217876,0.995548325304691,0.120786859291959,1,2372.46676115985,-0.305068740410407
"7841","C12orf45",0.728270987174866,0.995548325304691,0.120733631085833,1,2372.46676115985,-0.062473505662729
"2093","DGKD",0.728324505767112,0.995548325304691,0.120684116636195,1,2372.46676115985,-0.0712585080861591
"3546","DMGDH",0.72837510009405,0.995548325304691,0.120637318130123,1,2372.46676115985,0.183400934477372
"4872","CASD1",0.728597339132201,0.995548325304691,0.12043187293734,1,2372.46676115985,0.0658750615409383
"10851","QTRT1",0.728663737539038,0.995548325304691,0.120370530093066,1,2372.46676115985,-0.184708384610766
"10150","TBKBP1",0.728745988866721,0.995548325304691,0.120294565643183,1,2372.46676115985,0.129552543567712
"6233","ZNF487",0.728791434471188,0.995548325304691,0.120252605193585,1,2372.46676115985,0.137801019662857
"12040","HSF2BP",0.728801308426748,0.995548325304691,0.120243489541135,1,2372.46676115985,0.257778279695563
"4783","TRIM50",0.728839286233511,0.995548325304691,0.120208431973264,1,2372.46676115985,-0.500661459860334
"8057","CENPJ",0.728880931900342,0.995548325304691,0.120169995161285,1,2372.46676115985,-0.128128323360781
"3176","SLC9B1",0.728902683255006,0.995548325304691,0.120149922514912,1,2372.46676115985,0.133777844357419
"6252","ERCC6",0.729191806124059,0.995548325304691,0.119883291697893,1,2372.46676115985,0.0634974533285127
"2189","TMEM43",0.729206919196145,0.995548325304691,0.11986936345619,1,2372.46676115985,0.0975346529330574
"4860","ANKIB1",0.729296474355784,0.995548325304691,0.119786847810349,1,2372.46676115985,-0.0405107953105246
"3251","TBC1D9",0.729317571737826,0.995548325304691,0.119767413425561,1,2372.46676115985,0.0480857890348896
"3466","PLK2",0.729432916477034,0.995548325304691,0.119661191925618,1,2372.46676115985,-0.39974577650159
"1458","ZFP36L2",0.72943466095679,0.995548325304691,0.119659585831258,1,2372.46676115985,0.0341391380953229
"3123","ABRAXAS1",0.729498986493725,0.995548325304691,0.119600371511935,1,2372.46676115985,-0.0905485168280827
"10875","ACP5",0.729543229524931,0.995548325304691,0.119559653494146,1,2372.46676115985,0.0358751879347464
"8457","PPP1R36",0.729556961098746,0.995548325304691,0.119547017546215,1,2372.46676115985,0.418803707701951
"10790","TRAPPC5",0.729776413649258,0.995548325304691,0.119345176290108,1,2372.46676115985,-0.0355929119826196
"7824","GNPTAB",0.729822404256052,0.995548325304691,0.11930290067229,1,2372.46676115985,0.0349559933204601
"6887","DAGLA",0.729922532082815,0.995548325304691,0.119210889873954,1,2372.46676115985,-0.113286346033223
"5497","TAF2",0.729987094786921,0.995548325304691,0.11915158211912,1,2372.46676115985,0.0578937562839463
"6990","CFL1",0.730042552493913,0.995548325304691,0.119100651464507,1,2372.46676115985,0.0230031131723891
"4652","NUP42",0.730144352349122,0.995548325304691,0.119007193314006,1,2372.46676115985,0.0661531163742278
"8244","GAS6",0.730158074132679,0.995548325304691,0.118994599063176,1,2372.46676115985,-0.233230233417141
"9517","ZDHHC1",0.730201842020318,0.995548325304691,0.118954432609824,1,2372.46676115985,-0.25528776132333
"2252","MLH1",0.730313210982308,0.995548325304691,0.118852261839221,1,2372.46676115985,0.0832451105198511
"3585","ARSK",0.730314538945417,0.995548325304691,0.118851043851637,1,2372.46676115985,0.106305220475679
"9828","KRBA2",0.730416370771054,0.995548325304691,0.118757666045774,1,2372.46676115985,-0.141667956589434
"7632","PCBP2",0.730548513762394,0.995548325304691,0.118636554691919,1,2372.46676115985,-0.0328058542822181
"2807","ABCF3",0.73067694337662,0.995548325304691,0.118518912943079,1,2372.46676115985,0.104026084972689
"3314","CBR4",0.730697238273832,0.995548325304691,0.118500328754684,1,2372.46676115985,-0.0525796929676905
"4407","GOPC",0.730946065379785,0.995548325304691,0.118272608398618,1,2372.46676115985,0.0539108101171598
"10438","CSNK1D",0.730972506528615,0.995548325304691,0.118248424515641,1,2372.46676115985,0.0494865220497558
"9970","LRRC37B",0.731059614756909,0.995548325304691,0.118168772227384,1,2372.46676115985,-0.0734962510196754
"739","NOTCH2NLC",0.731071370420346,0.995548325304691,0.118158025076138,1,2372.46676115985,0.0815386232992465
"3109","HNRNPD",0.731127532511194,0.995548325304691,0.118106688643498,1,2372.46676115985,-0.0367589499034173
"10049","WIPF2",0.731444996428812,0.995548325304691,0.117816736892504,1,2372.46676115985,0.0490928767382917
"2584","SLC15A2",0.731454061662264,0.995548325304691,0.117808463123533,1,2372.46676115985,-0.0907865777640016
"6151","CAMK1D",0.731519250410784,0.995548325304691,0.117748975417671,1,2372.46676115985,0.0581756638730817
"3554","ZFYVE16",0.731609305331599,0.995548325304691,0.117666823817013,1,2372.46676115985,-0.03262564596659
"9724","NCBP3",0.731656373841556,0.995548325304691,0.117623898842086,1,2372.46676115985,-0.0558848619662745
"2449","DNAH12",0.731678529768375,0.995548325304691,0.117603696375386,1,2372.46676115985,-0.20545302789549
"3312","DDX60L",0.731793290956404,0.995548325304691,0.117499084570749,1,2372.46676115985,-0.0321192713332407
"7556","PCED1B",0.731906475493858,0.995548325304691,0.117395960929003,1,2372.46676115985,-0.187024466051667
"10990","BST2",0.732214744091357,0.995548325304691,0.117115350604888,1,2372.46676115985,0.0255436011827915
"10946","NDUFB7",0.73222589699752,0.995548325304691,0.117105205383771,1,2372.46676115985,0.0368362934626736
"6769","CSTF3",0.732290101216726,0.995548325304691,0.117046811677946,1,2372.46676115985,0.0581438906220633
"5163","RBM33",0.732310320602116,0.995548325304691,0.117028425525048,1,2372.46676115985,0.0384248373138281
"1651","TMEM127",0.732324107843806,0.995548325304691,0.11701588925729,1,2372.46676115985,-0.0525898708444659
"5654","IFNB1",0.73238249636791,0.995548325304691,0.116962806881937,1,2372.46676115985,0.506660259497898
"6952","PYGM",0.73242702255743,0.995548325304691,0.11692233612,1,2372.46676115985,0.55819867563354
"8673","NIPA1",0.732581541845248,0.995548325304691,0.116781951055021,1,2372.46676115985,-0.110004844083478
"3050","PAICS",0.732635274971083,0.995548325304691,0.116733155087152,1,2372.46676115985,-0.131398222124415
"12759","MTMR1",0.732731953375121,0.995548325304691,0.116645388454211,1,2372.46676115985,0.0726200734825471
"8532","NEK9",0.732774238197165,0.995548325304691,0.116607013013377,1,2372.46676115985,-0.0650963980224448
"10351","CDK3",0.732808170697116,0.995548325304691,0.116576222791678,1,2372.46676115985,0.273816651247995
"1291","ZNF672",0.73281501899057,0.995548325304691,0.116570009226751,1,2372.46676115985,-0.118674083105696
"11475","ZNF415",0.732860572363063,0.995548325304691,0.116528682637264,1,2372.46676115985,0.556573290058899
"11566","ZNF749",0.73291113102938,0.995548325304691,0.116482824761109,1,2372.46676115985,0.223127892107061
"7843","WASHC4",0.732943184800168,0.995548325304691,0.116453756471256,1,2372.46676115985,-0.0279835338411468
"5411","CA1",0.733078378636338,0.995548325304691,0.116331199119349,1,2372.46676115985,0.407241537339957
"6141","TAF3",0.733168777418507,0.995548325304691,0.116249290040264,1,2372.46676115985,-0.0460805547020746
"10686","LSM7",0.733198731390314,0.995548325304691,0.116222156265733,1,2372.46676115985,0.0564403467269802
"2973","SLIT2",0.733416093259099,0.995548325304691,0.116025365132397,1,2372.46676115985,0.363856706484154
"12554","USP51",0.733696004202511,0.995548325304691,0.115772218557062,1,2372.46676115985,0.159784714460038
"10918","NFIX",0.733841795992831,0.995548325304691,0.115640489177776,1,2372.46676115985,0.231300791522295
"2794","MCCC1",0.734044413150615,0.995548325304691,0.115457554460702,1,2372.46676115985,-0.0701837970808626
"10041","GSDMA",0.734082932194285,0.995548325304691,0.115422795470381,1,2372.46676115985,-0.260561303470857
"12641","ARMCX1",0.734121287612138,0.995548325304691,0.115388189933416,1,2372.46676115985,-0.090613232290824
"9217","TMEM114",0.734207789643188,0.995548325304691,0.115310166159533,1,2372.46676115985,-0.374323878031189
"3987","MBOAT1",0.73423467275703,0.995548325304691,0.115285923914465,1,2372.46676115985,0.0714730206260059
"5967","TOR2A",0.734251995579309,0.995548325304691,0.11527030430948,1,2372.46676115985,-0.0978917545099694
"623","PRPF38B",0.734402536394555,0.995548325304691,0.11513461468209,1,2372.46676115985,0.0418062895096535
"8080","B3GLCT",0.734492173961037,0.995548325304691,0.115053862388785,1,2372.46676115985,-0.106687166887844
"9860","UBB",0.73451772064829,0.995548325304691,0.115030853786837,1,2372.46676115985,0.0288965512620309
"8310","REC8",0.734655473774135,0.995548325304691,0.114906830765425,1,2372.46676115985,0.188497884233482
"2494","CADM2",0.734704825633202,0.995548325304691,0.114862416042678,1,2372.46676115985,-0.463076556273435
"5941","DENND1A",0.734714708149683,0.995548325304691,0.11485352331869,1,2372.46676115985,-0.0311780748293285
"9054","ZNF774",0.734756184717013,0.995548325304691,0.114816205060568,1,2372.46676115985,-0.225271312388784
"4923","PPP1R35",0.734781418034645,0.995548325304691,0.11479350486278,1,2372.46676115985,-0.0876953893927308
"3412","SPEF2",0.734975538053461,0.995548325304691,0.114618955796246,1,2372.46676115985,-0.165945840754218
"2229","CMC1",0.734997228419916,0.995548325304691,0.114599461421694,1,2372.46676115985,0.0440554748234805
"6241","ZFAND4",0.735193184950562,0.995548325304691,0.114423427819111,1,2372.46676115985,0.0976402725236829
"5143","AOC1",0.735199232873754,0.995548325304691,0.114417997187984,1,2372.46676115985,0.630002365211004
"2057","ACSL3",0.735222846309709,0.995548325304691,0.114396795274577,1,2372.46676115985,0.0408093065393749
"855","DAP3",0.735363141790922,0.995548325304691,0.114270872614411,1,2372.46676115985,0.046303586454278
"10286","KPNA2",0.735535356007092,0.995548325304691,0.114116406821829,1,2372.46676115985,-0.0970074069388639
"3381","CCT5",0.735800446210366,0.995548325304691,0.113878864309392,1,2372.46676115985,-0.0510134582337537
"250","RAB42",0.736047407448283,0.995548325304691,0.113657814854835,1,2372.46676115985,0.0896209577122456
"6374","RNLS",0.73623486078371,0.995548325304691,0.113490189237909,1,2372.46676115985,-0.0942380320497858
"575","LRRC8D",0.736403822506009,0.995548325304691,0.113339217323514,1,2372.46676115985,-0.0373761705887334
"2469","PRICKLE2",0.736456785841129,0.995548325304691,0.113291916167519,1,2372.46676115985,-0.542052706568084
"7973","MLXIP",0.736470209448941,0.995548325304691,0.113279929390311,1,2372.46676115985,-0.0474118224370971
"12700","NDUFA1",0.736526711080688,0.995548325304691,0.113229483296812,1,2372.46676115985,-0.0345085009608995
"8621","SETD3",0.736631338224222,0.995548325304691,0.11313610254541,1,2372.46676115985,-0.0400690900539885
"9937","FAM222B",0.736698089269068,0.995548325304691,0.113076548988852,1,2372.46676115985,-0.0481030497632726
"7777","CCDC59",0.736704814061169,0.995548325304691,0.113070550270841,1,2372.46676115985,-0.0752669692124919
"11238","TMEM91",0.736877919408856,0.995548325304691,0.112916196018292,1,2372.46676115985,-0.0637649598958525
"10183","MRPL27",0.736895136092254,0.995548325304691,0.112900850693677,1,2372.46676115985,-0.0512389186733813
"5970","FPGS",0.736909219112787,0.995548325304691,0.112888299282936,1,2372.46676115985,0.0715372571870483
"2886","PIGG",0.737025900606364,0.995548325304691,0.11278433744251,1,2372.46676115985,-0.0860908991712897
"8031","ZNF26",0.737099213698573,0.995548325304691,0.112719043601349,1,2372.46676115985,-0.0921145411956843
"8328","SDR39U1",0.737165360807576,0.995548325304691,0.112660149955232,1,2372.46676115985,-0.129673331608805
"7226","ALG9",0.737355471783913,0.995548325304691,0.112490981211888,1,2372.46676115985,0.0936802507843146
"3341","ENPP6",0.737551142158497,0.995548325304691,0.112317013142164,1,2372.46676115985,-0.351835887937006
"11547","EDDM13",0.737590655248923,0.995548325304691,0.112281900723873,1,2372.46676115985,0.23568240972843
"11486","CACNG8",0.737643510474865,0.995548325304691,0.112234941663472,1,2372.46676115985,0.456900020968733
"5173","ZNF596",0.737739022182543,0.995548325304691,0.112150112290862,1,2372.46676115985,0.179109412851196
"10321","ATP5PD",0.737784217449062,0.995548325304691,0.1121099842395,1,2372.46676115985,-0.0394945961104479
"10630","CDC34",0.737837485354106,0.995548325304691,0.112062698892184,1,2372.46676115985,0.0924958255375727
"3766","ABLIM3",0.737860104320942,0.995548325304691,0.1120426236332,1,2372.46676115985,-0.149467883185879
"3478","RNF180",0.73787269635429,0.995548325304691,0.112031448554715,1,2372.46676115985,0.433457446869409
"927","NDUFS2",0.73803242184907,0.995548325304691,0.111889750419978,1,2372.46676115985,0.0469891333358723
"5580","MROH1",0.738168343853118,0.995548325304691,0.111769247722073,1,2372.46676115985,-0.05388964421372
"936","FCGR2B",0.738182304957282,0.995548325304691,0.111756874485761,1,2372.46676115985,-0.097924750740553
"7403","CD4",0.738358807102822,0.995548325304691,0.111600512494799,1,2372.46676115985,-0.0289543253427976
"6014","TOR1B",0.738553500100312,0.995548325304691,0.111428176485365,1,2372.46676115985,-0.0604463769894771
"1555","TGFA",0.738750617080874,0.995548325304691,0.111253845615451,1,2372.46676115985,-0.137536624434585
"9977","MYO1D",0.738762691162697,0.995548325304691,0.11124317218967,1,2372.46676115985,0.0895647885262308
"10856","YIPF2",0.738800524064248,0.995548325304691,0.111209731785312,1,2372.46676115985,0.10071025701066
"5884","GNG10",0.738801955931923,0.995548325304691,0.11120846627087,1,2372.46676115985,0.0380131749239356
"5909","TMEM268",0.738952395415862,0.995548325304691,0.111075549305079,1,2372.46676115985,-0.055096612195311
"6542","RGS10",0.738957192642387,0.995548325304691,0.111071312290988,1,2372.46676115985,0.0331847912190828
"10744","ARRDC5",0.739148789400278,0.995548325304691,0.110902163296023,1,2372.46676115985,-0.116611168430555
"11247","ARHGEF1",0.739311541545225,0.995548325304691,0.110758591909853,1,2372.46676115985,0.0812682096849777
"5102","TRPV5",0.739330245929861,0.995548325304691,0.110742098502929,1,2372.46676115985,-0.498892490747516
"7981","CCDC62",0.739343752893373,0.995548325304691,0.110730188997008,1,2372.46676115985,0.262458328519339
"2768","EIF5A2",0.739460114907879,0.995548325304691,0.110627618483595,1,2372.46676115985,0.175134511164663
"6670","APBB1",0.739651103205466,0.995548325304691,0.110459380985503,1,2372.46676115985,-0.473805587238888
"3719","PURA",0.7398598183289,0.995548325304691,0.110275690864604,1,2372.46676115985,-0.0524016413519766
"3424","C9",0.739949899508961,0.995548325304691,0.110196462876953,1,2372.46676115985,-0.148294924489006
"9356","ASPHD1",0.740151227717439,0.995548325304691,0.110019505422166,1,2372.46676115985,-0.131824174794979
"12222","APOL6",0.740208732243917,0.995548325304691,0.109968990792256,1,2372.46676115985,0.0459226537475422
"4109","HLA-DOB",0.740364951962792,0.995548325304691,0.109831825176931,1,2372.46676115985,0.274639615667483
"3723","HBEGF",0.740398005642474,0.995548325304691,0.109802815228321,1,2372.46676115985,-0.0682186319430392
"12639","HNRNPH2",0.740439725451196,0.995548325304691,0.109766205421284,1,2372.46676115985,-0.0553087685004056
"1803","TNFAIP6",0.740599529749883,0.995548325304691,0.109626037230652,1,2372.46676115985,-0.118229976319503
"12347","TTC38",0.740658225526619,0.995548325304691,0.109574578706969,1,2372.46676115985,0.0820697083626662
"6419","LCOR",0.740710829135331,0.995548325304691,0.10952847256976,1,2372.46676115985,0.0335238277709827
"12556","KLF8",0.740758022724038,0.995548325304691,0.109487117381127,1,2372.46676115985,-0.361275873170862
"7014","B4GAT1",0.741032672175065,0.995548325304691,0.109246617190478,1,2372.46676115985,-0.201052917950394
"3037","SGCB",0.741246829607839,0.995548325304691,0.109059291103117,1,2372.46676115985,-0.30050796340726
"1054","UCHL5",0.741330023207078,0.995548325304691,0.108986568738302,1,2372.46676115985,0.0570771916172385
"1183","CNIH4",0.741365377025615,0.995548325304691,0.108955672902888,1,2372.46676115985,-0.0561769365521957
"11850","ELMO2",0.741500466118918,0.995548325304691,0.108837662770274,1,2372.46676115985,0.0815559953912396
"4569","PRKAR1B",0.74151310855332,0.995548325304691,0.108826622314183,1,2372.46676115985,-0.189258924224611
"3621","TRIM36",0.741553936228793,0.995548325304691,0.108790972333174,1,2372.46676115985,0.184274565086425
"5237","BIN3",0.741677428854454,0.995548325304691,0.10868318024098,1,2372.46676115985,-0.0840641250263122
"9754","ZNF232",0.741772807571343,0.995548325304691,0.108599968269451,1,2372.46676115985,-0.16378484327409
"10943","GIPC1",0.741831888485255,0.995548325304691,0.108548441582947,1,2372.46676115985,-0.0792952541172391
"391","DPH2",0.741853293293685,0.995548325304691,0.108529776989572,1,2372.46676115985,-0.282137233859349
"1668","COX5B",0.742026992611082,0.995548325304691,0.108378380216673,1,2372.46676115985,0.0291472355815197
"308","C1orf216",0.742055746558923,0.995548325304691,0.108353329501101,1,2372.46676115985,-0.10699483009805
"237","THEMIS2",0.742198170780479,0.995548325304691,0.108229295464804,1,2372.46676115985,0.0333741835680995
"711","FAM72D",0.742576842749475,0.995548325304691,0.10789990143143,1,2372.46676115985,-0.352241499149338
"4771","CRCP",0.742595063098659,0.995548325304691,0.10788406618699,1,2372.46676115985,0.0580140236714749
"8443","SLC38A6",0.742600741941006,0.995548325304691,0.107879130987301,1,2372.46676115985,0.0328112276943997
"9030","KLHL25",0.742611578259681,0.995548325304691,0.107869714028243,1,2372.46676115985,-0.278157700585975
"2905","LETM1",0.742647171751891,0.995548325304691,0.107838785837101,1,2372.46676115985,-0.101361634658885
"7100","UCP3",0.742692783828494,0.995548325304691,0.107799159396459,1,2372.46676115985,-0.349696532223267
"1375","EMILIN1",0.742729530862571,0.995548325304691,0.107767240513564,1,2372.46676115985,-0.187775714259295
"7544","PPHLN1",0.742731196784515,0.995548325304691,0.107765793599278,1,2372.46676115985,0.0406145137352155
"715","RNF115",0.742764602420807,0.995548325304691,0.107736781850668,1,2372.46676115985,0.0410033645565117
"3047","CEP135",0.742894923961003,0.995548325304691,0.107623643036134,1,2372.46676115985,0.0672274761014916
"2661","EPHB1",0.743112914703701,0.995548325304691,0.107434541240874,1,2372.46676115985,-0.221891691919438
"9470","CCL22",0.743125554446932,0.995548325304691,0.107423582212037,1,2372.46676115985,0.328398513123003
"1383","GTF3C2",0.743174227861936,0.995548325304691,0.107381386712442,1,2372.46676115985,0.0615738584928893
"4045","PPP1R18",0.743201983482289,0.995548325304691,0.107357329180374,1,2372.46676115985,-0.0422978737608357
"4096","EGFL8",0.743248612504888,0.995548325304691,0.107316919609014,1,2372.46676115985,-0.3538309322026
"11102","UBA2",0.74326087579511,0.995548325304691,0.107306293414371,1,2372.46676115985,-0.0498799609593717
"8437","RTN1",0.743264923283674,0.995548325304691,0.10730278637569,1,2372.46676115985,0.0625775790965638
"7587","NCKAP5L",0.743330864281365,0.995548325304691,0.107245659234732,1,2372.46676115985,0.0702516946135389
"4104","HLA-DRB5",0.743397500900916,0.995548325304691,0.107187946560623,1,2372.46676115985,0.0602267418175714
"65","PHF13",0.743507683775705,0.995548325304691,0.107092557052735,1,2372.46676115985,-0.131694721007384
"1505","REL",0.743622978768367,0.995548325304691,0.106992792122826,1,2372.46676115985,-0.0368850572278825
"7293","OAF",0.74377821813731,0.995548325304691,0.10685854456074,1,2372.46676115985,0.135413463997741
"4361","PDSS2",0.743851749442251,0.995548325304691,0.106794988876132,1,2372.46676115985,0.0383005220985418
"452","TUT4",0.744039017146783,0.995548325304691,0.106633221334872,1,2372.46676115985,0.0423532071532698
"9986","RFFL",0.744050153317031,0.995548325304691,0.106623605846687,1,2372.46676115985,-0.0544051369059654
"10893","ZNF443",0.744128809985232,0.995548325304691,0.106555703676998,1,2372.46676115985,-0.337951041074515
"11235","HNRNPUL1",0.744314588604974,0.995548325304691,0.106395421043511,1,2372.46676115985,0.0459774687742568
"3881","FAM193B",0.744346245635118,0.995548325304691,0.106368121888603,1,2372.46676115985,0.0626369108480318
"12147","GUCD1",0.74434768779512,0.995548325304691,0.106366878347206,1,2372.46676115985,-0.0773564304516774
"2593","DTX3L",0.744388265014891,0.995548325304691,0.106331892840509,1,2372.46676115985,0.0384456024886351
"2915","FAM193A",0.744394029867926,0.995548325304691,0.1063269229252,1,2372.46676115985,0.0435055195612031
"12736","RTL8B",0.744402675460431,0.995548325304691,0.106319469747516,1,2372.46676115985,-0.154530400232174
"10843","CDC37",0.744422302945313,0.995548325304691,0.106302550391572,1,2372.46676115985,-0.0430298873733667
"5915","TLR4",0.744512944715268,0.995548325304691,0.106224434365174,1,2372.46676115985,0.0378977099402842
"1710","SH3RF3",0.744514334060856,0.995548325304691,0.106223237259764,1,2372.46676115985,0.0639630168762545
"2251","EPM2AIP1",0.744529390923784,0.995548325304691,0.106210264254916,1,2372.46676115985,-0.0750939525835518
"2917","SH3BP2",0.744589341186036,0.995548325304691,0.106158619753639,1,2372.46676115985,0.0474072160003449
"10478","TWSG1",0.744625263588905,0.995548325304691,0.106127680847549,1,2372.46676115985,0.0699540688246136
"2984","ANAPC4",0.744655102207726,0.995548325304691,0.106101985517413,1,2372.46676115985,0.064329646803725
"6499","STN1",0.744728156327035,0.995548325304691,0.106039089969347,1,2372.46676115985,-0.103055845502215
"12826","MT-ATP8",0.744768363021165,0.995548325304691,0.106004483033374,1,2372.46676115985,-0.0216076403484344
"27","FNDC10",0.744798681831043,0.995548325304691,0.105978390985174,1,2372.46676115985,-0.154775051555544
"11773","RBM12",0.745005588963921,0.995548325304691,0.105800423710569,1,2372.46676115985,-0.0946105076551837
"11580","ZNF671",0.745065584818175,0.995548325304691,0.105748850336182,1,2372.46676115985,-0.171846842464534
"5397","TPD52",0.745168868186205,0.995548325304691,0.105660098905228,1,2372.46676115985,0.0963562264128222
"11661","RASSF2",0.745332110743196,0.995548325304691,0.105519908530726,1,2372.46676115985,0.0396795290448519
"12052","TRPM2",0.745341226968793,0.995548325304691,0.105512082679851,1,2372.46676115985,-0.0567574597014144
"11149","ZFP82",0.745481284393312,0.995548325304691,0.105391890296106,1,2372.46676115985,-0.148186291857005
"3226","SPRY1",0.745649698723293,0.995548325304691,0.105247463266092,1,2372.46676115985,-0.515461402007681
"4092","TNXB",0.745721531415766,0.995548325304691,0.105185895021879,1,2372.46676115985,-0.206621768129111
"9676","TUBB3",0.745838179624329,0.995548325304691,0.105085957534949,1,2372.46676115985,0.330599914977063
"5646","HAUS6",0.74590111591829,0.995548325304691,0.105032059132495,1,2372.46676115985,-0.0859052714081855
"1780","MAP3K19",0.746004512040128,0.995548325304691,0.104943544254564,1,2372.46676115985,-0.594832708392793
"6822","SPI1",0.746293635142577,0.995548325304691,0.104696251881765,1,2372.46676115985,-0.0228897147861565
"11104","SCGB2B2",0.74632876078662,0.995548325304691,0.104666230218695,1,2372.46676115985,-0.103346648602935
"9268","COQ7",0.746336989319376,0.995548325304691,0.104659198031962,1,2372.46676115985,0.114595789166565
"11193","SARS2",0.746424446596449,0.995548325304691,0.104584472291548,1,2372.46676115985,-0.196160259314396
"1028","NPL",0.746619228129373,0.995548325304691,0.104418151880826,1,2372.46676115985,0.0205426878894335
"2238","CMTM7",0.746620503930391,0.995548325304691,0.104417062979404,1,2372.46676115985,-0.0340597443723429
"6152","CCDC3",0.746930817458554,0.995548325304691,0.104152395329825,1,2372.46676115985,-0.497139297464511
"5841","TRIM14",0.746969853744978,0.995548325304691,0.104119127385265,1,2372.46676115985,-0.0346040333396835
"9717","TRPV1",0.746972962618824,0.995548325304691,0.104116478157965,1,2372.46676115985,0.120144581961652
"8580","KCNK13",0.747111450342966,0.995548325304691,0.103998503573035,1,2372.46676115985,-0.0592394010419685
"7588","BCDIN3D",0.747253306808046,0.995548325304691,0.103877735778715,1,2372.46676115985,0.158074242817261
"477","USP24",0.747320515930004,0.995548325304691,0.103820545141653,1,2372.46676115985,-0.0453137555857389
"11720","GINS1",0.747477086292602,0.995548325304691,0.103687381252853,1,2372.46676115985,-0.1822359598333
"9844","ARHGAP44",0.747655030379329,0.995548325304691,0.103536153405656,1,2372.46676115985,-0.525861320778462
"10344","WBP2",0.747730693627636,0.995548325304691,0.103471887019467,1,2372.46676115985,0.0418036047658657
"994","KLHL20",0.747759957750804,0.995548325304691,0.103447036742295,1,2372.46676115985,-0.0506998021635193
"4228","POLH",0.74776354697783,0.995548325304691,0.103443989097544,1,2372.46676115985,0.0855049786791251
"12436","ADGRG2",0.747932769913667,0.995548325304691,0.103300356613195,1,2372.46676115985,0.182971142171925
"2324","NBEAL2",0.747936992840163,0.995548325304691,0.103296773699644,1,2372.46676115985,-0.105386827586724
"1071","CSRP1",0.747993658284832,0.995548325304691,0.10324870291658,1,2372.46676115985,0.0661999925673184
"9301","USP31",0.748013890842809,0.995548325304691,0.103231542097366,1,2372.46676115985,0.0998901373028258
"9842","ZNF18",0.748045985229266,0.995548325304691,0.103204323558843,1,2372.46676115985,0.122442657121771
"10244","PPM1D",0.748057015447076,0.995548325304691,0.103194969989537,1,2372.46676115985,0.0495964682443871
"12132","TOP3B",0.748086651122459,0.995548325304691,0.103169841401738,1,2372.46676115985,-0.124387917313397
"4137","BAK1",0.748180863167465,0.995548325304691,0.103089979845495,1,2372.46676115985,0.0643418219069884
"9451","LPCAT2",0.748359062762387,0.995548325304691,0.102939017090577,1,2372.46676115985,-0.0371848902821791
"8930","LARP6",0.748393342313559,0.995548325304691,0.102909990974809,1,2372.46676115985,-0.365604668338711
"8410","CGRRF1",0.748495806814601,0.995548325304691,0.102823256351954,1,2372.46676115985,0.0752852787307473
"7563","SENP1",0.748562056227883,0.995548325304691,0.102767198709234,1,2372.46676115985,-0.0759428987182493
"6055","VAV2",0.748623387456848,0.995548325304691,0.102715317665704,1,2372.46676115985,0.0713794410725035
"10656","FAM174C",0.748652429984291,0.995548325304691,0.102690755178247,1,2372.46676115985,-0.0580706914255689
"5348","CHCHD7",0.748658882938958,0.995548325304691,0.102685298082748,1,2372.46676115985,-0.0708841246309846
"1592","AUP1",0.748709657014197,0.995548325304691,0.102642365349856,1,2372.46676115985,0.0483407816790932
"8297","NGDN",0.748775433224809,0.995548325304691,0.10258676206809,1,2372.46676115985,0.0886345958735514
"11319","VASP",0.748860547340952,0.995548325304691,0.102514836328351,1,2372.46676115985,0.0495379052808184
"11192","NFKBIB",0.749053110535075,0.995548325304691,0.102352213296395,1,2372.46676115985,0.0967867870832752
"323","CSF3R",0.749172372408046,0.995548325304691,0.102251565888402,1,2372.46676115985,0.0531277048374379
"4427","TRMT11",0.749175007417548,0.995548325304691,0.102249342768989,1,2372.46676115985,-0.0553805192681681
"3834","LCP2",0.74924719418862,0.995548325304691,0.102188450195046,1,2372.46676115985,-0.0348331960414279
"7244","USP28",0.749285722670052,0.995548325304691,0.102155957984725,1,2372.46676115985,-0.0789142725207032
"608","LRRC39",0.74935434529642,0.995548325304691,0.102098100592988,1,2372.46676115985,0.203216416382901
"7329","TIRAP",0.749446966492,0.995548325304691,0.102020038069938,1,2372.46676115985,-0.092240360817957
"3894","ZNF354C",0.749543940474588,0.995548325304691,0.101938342208283,1,2372.46676115985,0.162366189496415
"3057","ADGRL3",0.749613915988178,0.995548325304691,0.101879413641092,1,2372.46676115985,0.4371390390278
"4426","HINT3",0.749614382994362,0.995548325304691,0.101879020423654,1,2372.46676115985,-0.0644434400125952
"305","NCDN",0.749690955835795,0.995548325304691,0.101814557689445,1,2372.46676115985,0.157387935853051
"9465","HERPUD1",0.749697964620698,0.995548325304691,0.101808658477056,1,2372.46676115985,0.0369714729183989
"7175","CWC15",0.749698364834916,0.995548325304691,0.101808321627106,1,2372.46676115985,-0.0456614370886409
"4839","SEMA3A",0.749702122071182,0.995548325304691,0.101805159288524,1,2372.46676115985,0.109224021918638
"7037","PPP1CA",0.749740719675237,0.995548325304691,0.101772676125138,1,2372.46676115985,-0.0429031266498235
"8461","FNTB",0.749802637422942,0.995548325304691,0.101720579007674,1,2372.46676115985,-0.0653367044247038
"5282","PPP2CB",0.749812396830158,0.995548325304691,0.101712368858012,1,2372.46676115985,-0.0464043056321037
"10950","ADGRE2",0.750069922426717,0.995548325304691,0.101495856067702,1,2372.46676115985,-0.0398650440550395
"2353","IMPDH2",0.750087046778091,0.995548325304691,0.101481467903273,1,2372.46676115985,-0.110216067995088
"3060","UBA6",0.750224009096249,0.995548325304691,0.10136643031224,1,2372.46676115985,0.0367046659587288
"5287","MAK16",0.750309046920603,0.995548325304691,0.101295041373818,1,2372.46676115985,0.136788196507387
"3515","ZNF366",0.750446790714388,0.995548325304691,0.101179464728977,1,2372.46676115985,-0.158781607635533
"7855","PWP1",0.750824628330613,0.995548325304691,0.100862805529201,1,2372.46676115985,-0.0705199060043037
"9025","SEC11A",0.75085425328839,0.995548325304691,0.100838000461991,1,2372.46676115985,-0.0315364635095886
"2155","OGG1",0.750869188967731,0.995548325304691,0.100825496045602,1,2372.46676115985,-0.117131864091977
"3017","TMEM33",0.75087039734648,0.995548325304691,0.100824484406743,1,2372.46676115985,-0.0446646771948275
"3024","COMMD8",0.750893925645107,0.995548325304691,0.100804787936826,1,2372.46676115985,-0.058708117888421
"1463","PPM1B",0.750904213616259,0.995548325304691,0.100796176134594,1,2372.46676115985,0.0326029734785945
"8417","FBXO34",0.75096706170806,0.995548325304691,0.100743576368612,1,2372.46676115985,-0.0417468799123943
"4508","MTHFD1L",0.751079185261296,0.995548325304691,0.100649773771962,1,2372.46676115985,0.0729941864393011
"11977","BACH1",0.751179758049148,0.995548325304691,0.100565675460668,1,2372.46676115985,0.0305302983487716
"10589","CCBE1",0.751281972525351,0.995548325304691,0.100480244016059,1,2372.46676115985,0.444005196794816
"8332","SCFD1",0.7514081021045,0.995548325304691,0.100374879255129,1,2372.46676115985,0.0344929492585722
"4826","GSAP",0.751574105085028,0.995548325304691,0.100236298180801,1,2372.46676115985,0.0314563812911922
"5629","KIAA2026",0.75167128567933,0.995548325304691,0.10015521965332,1,2372.46676115985,0.0359905395304935
"499","AK4",0.751773795792596,0.995548325304691,0.100069733779332,1,2372.46676115985,0.10558443413967
"478","PLPP3",0.752013102505122,0.995548325304691,0.0998703258881669,1,2372.46676115985,-0.0768331750840638
"8394","TMX1",0.752069694798358,0.995548325304691,0.0998232010235891,1,2372.46676115985,-0.0440502973480824
"1671","TMEM131",0.752146793747196,0.995548325304691,0.0997590197813337,1,2372.46676115985,0.031390674178725
"8269","SUPT16H",0.752277668489757,0.995548325304691,0.0996501246903785,1,2372.46676115985,-0.0538842875886527
"4913","LAMTOR4",0.752323859717655,0.995548325304691,0.0996117066235965,1,2372.46676115985,0.0294322439692859
"1690","TBC1D8",0.752333971652536,0.995548325304691,0.0996032974340144,1,2372.46676115985,0.031448449392693
"11169","ZNF540",0.752504819253833,0.995548325304691,0.0994612778077778,1,2372.46676115985,-0.14472604168854
"5040","ATP6V1F",0.752706413688772,0.995548325304691,0.0992938426837909,1,2372.46676115985,-0.0239652318200755
"4543","MRPL18",0.752735195023661,0.995548325304691,0.0992699508717844,1,2372.46676115985,-0.0573763639853435
"10213","MSI2",0.752798188330958,0.995548325304691,0.0992176702225142,1,2372.46676115985,0.0621963990838117
"5071","SLC13A4",0.753081353272212,0.995548325304691,0.0989828473146201,1,2372.46676115985,0.207314083332882
"488","USP1",0.753089288764716,0.995548325304691,0.0989762709771617,1,2372.46676115985,-0.0801168408563596
"698","GDAP2",0.753106027204815,0.995548325304691,0.0989624002082651,1,2372.46676115985,-0.0516551854697443
"1967","TMEM237",0.753114815952946,0.995548325304691,0.0989551175980279,1,2372.46676115985,0.180411165641226
"6840","SLC43A3",0.753229302800988,0.995548325304691,0.0988602773964713,1,2372.46676115985,-0.0451084514308451
"7448","CLEC7A",0.753296621894704,0.995548325304691,0.0988045340008195,1,2372.46676115985,0.0337119315008585
"588","CCDC18",0.753418787000783,0.995548325304691,0.0987034196257398,1,2372.46676115985,0.0581098959314414
"1540","ARHGAP25",0.753430879617731,0.995548325304691,0.0986934138269839,1,2372.46676115985,-0.0332777357386457
"11906","PRELID3B",0.753551931564562,0.995548325304691,0.0985932824754741,1,2372.46676115985,-0.0841494922012968
"11175","SPINT2",0.753553116414046,0.995548325304691,0.0985923026714979,1,2372.46676115985,-0.0712473693693415
"11012","GDF15",0.753618560353036,0.995548325304691,0.0985381925160222,1,2372.46676115985,0.118894843975464
"5585","SLC52A2",0.753624658401628,0.995548325304691,0.098533151377357,1,2372.46676115985,0.0883924960453254
"11959","SAMSN1",0.753710272264793,0.995548325304691,0.0984623910103068,1,2372.46676115985,-0.0276615468075099
"12348","TRMU",0.753850951628642,0.995548325304691,0.0983461793083524,1,2372.46676115985,-0.087352079313845
"11306","CLASRP",0.753951774269126,0.995548325304691,0.0982629386122312,1,2372.46676115985,-0.051727070803307
"158","OTUD3",0.753987653176429,0.995548325304691,0.0982333257819421,1,2372.46676115985,0.117756352721051
"6908","LBHD1",0.754078667680322,0.995548325304691,0.0981582285049371,1,2372.46676115985,-0.448158817469594
"6479","CUEDC2",0.754088464072099,0.995548325304691,0.0981501472517383,1,2372.46676115985,-0.0657295485162309
"9948","ABHD15",0.754093363326357,0.995548325304691,0.0981461058891086,1,2372.46676115985,0.10800690680766
"11858","PREX1",0.754105932219801,0.995548325304691,0.0981357383094325,1,2372.46676115985,-0.0332561161168527
"12369","NCAPH2",0.754131350852215,0.995548325304691,0.0981147733296357,1,2372.46676115985,-0.126125693996948
"10026","RPL23",0.754217614049582,0.995548325304691,0.0980436428260807,1,2372.46676115985,-0.0252252944235643
"2565","TIMMDC1",0.754284964505231,0.995548325304691,0.0979881269912868,1,2372.46676115985,0.0502001391938515
"5463","ANKRD46",0.754546140258273,0.995548325304691,0.0977730075120703,1,2372.46676115985,-0.0805572504319963
"1871","GPR155",0.754577336543434,0.995548325304691,0.0977473297949022,1,2372.46676115985,-0.039553937638719
"8803","MYEF2",0.754584907007023,0.995548325304691,0.0977410990912033,1,2372.46676115985,0.199486680066966
"10599","VPS4B",0.754602939770845,0.995548325304691,0.0977262584993066,1,2372.46676115985,0.039771813495076
"3786","ZNF300",0.754648541325361,0.995548325304691,0.0976887348812947,1,2372.46676115985,-0.473460374565913
"8707","EMC4",0.75474605479942,0.995548325304691,0.0976085216480705,1,2372.46676115985,0.0633817104247298
"10291","PRKAR1A",0.754846696093353,0.995548325304691,0.0975257734329352,1,2372.46676115985,0.0319054836465901
"1274","COX20",0.754855385188582,0.995548325304691,0.0975186309835298,1,2372.46676115985,-0.0584684478314986
"5765","VPS13A",0.754918821716171,0.995548325304691,0.0974664947600885,1,2372.46676115985,0.0513392165498673
"2875","BDH1",0.75508820209996,0.995548325304691,0.0973273620110799,1,2372.46676115985,0.209083155081722
"2147","RAD18",0.755089920758898,0.995548325304691,0.097325950825953,1,2372.46676115985,0.083230938762661
"9207","ANKS3",0.7550965216711,0.995548325304691,0.0973205309433069,1,2372.46676115985,-0.106887925728734
"4612","RAC1",0.75514604228855,0.995548325304691,0.0972798757936868,1,2372.46676115985,-0.0211745532252348
"10154","SP2",0.755259989000339,0.995548325304691,0.0971863638761412,1,2372.46676115985,0.0959445618658666
"12717","BCORL1",0.755318453603374,0.995548325304691,0.0971384032566122,1,2372.46676115985,-0.102063471247834
"8963","COMMD4",0.755340169599191,0.995548325304691,0.0971205921509906,1,2372.46676115985,-0.0585385743899495
"632","PSRC1",0.755424013848282,0.995548325304691,0.0970518412778674,1,2372.46676115985,0.191999446798438
"7182","MTMR2",0.755429160763021,0.995548325304691,0.0970476217644296,1,2372.46676115985,0.0655251342253703
"3205","TIFA",0.755573868446604,0.995548325304691,0.0969290295460759,1,2372.46676115985,0.158050443693435
"1691","CNOT11",0.755597421446067,0.995548325304691,0.0969097346939106,1,2372.46676115985,0.0721808685445184
"1703","NCK2",0.755616953755338,0.995548325304691,0.096893735229298,1,2372.46676115985,-0.0746559727771344
"6776","ABTB2",0.755760750385052,0.995548325304691,0.0967759919536507,1,2372.46676115985,0.104949185908477
"2309","CDCP1",0.75576734559618,0.995548325304691,0.0967705935588522,1,2372.46676115985,-0.0643499511326137
"1733","CBWD2",0.755835468207565,0.995548325304691,0.0967148426483884,1,2372.46676115985,-0.0653843303082671
"373","PPIH",0.755842337392654,0.995548325304691,0.0967092219491616,1,2372.46676115985,0.0800651140731466
"12091","ESS2",0.756003629543997,0.995548325304691,0.096577296395745,1,2372.46676115985,-0.120042002167171
"4297","PHIP",0.756080638560721,0.995548325304691,0.0965143433022605,1,2372.46676115985,0.0270490597797891
"9933","RPL23A",0.756124147093231,0.995548325304691,0.0964787860308774,1,2372.46676115985,0.0251988047954449
"4525","ARID1B",0.756203954781566,0.995548325304691,0.09641358201087,1,2372.46676115985,-0.0244333895628291
"9264","NOMO2",0.756247845088453,0.995548325304691,0.0963777333037409,1,2372.46676115985,0.198302050297496
"206","MTFR1L",0.756606546470582,0.995548325304691,0.0960850272299129,1,2372.46676115985,-0.0778169423508119
"6081","CCDC183",0.756804083931836,0.995548325304691,0.0959240418327007,1,2372.46676115985,-0.319567657778421
"5655","KLHL9",0.756955257630156,0.995548325304691,0.0958009410265487,1,2372.46676115985,0.0794284691525256
"3736","ZMAT2",0.757031345927586,0.995548325304691,0.0957390150613123,1,2372.46676115985,0.0434270694304672
"3539","PDE8B",0.757076292566505,0.995548325304691,0.0957024446578379,1,2372.46676115985,0.15723753323692
"6051","ADAMTS13",0.757104934808865,0.995548325304691,0.095679144164102,1,2372.46676115985,-0.269106478069469
"12571","LAS1L",0.757244154975953,0.995548325304691,0.0955659326844216,1,2372.46676115985,0.106848412949233
"6295","HK1",0.757283241085108,0.995548325304691,0.0955341617237649,1,2372.46676115985,-0.0312992361993396
"12460","DMD",0.757402796959755,0.995548325304691,0.0954370172107567,1,2372.46676115985,-0.138281472158038
"3767","AFAP1L1",0.757502834609534,0.995548325304691,0.0953557737285902,1,2372.46676115985,0.181492072859927
"3103","BMP2K",0.757638269432668,0.995548325304691,0.09524584355057,1,2372.46676115985,0.0238105139613064
"7297","TBCEL",0.757860637363935,0.995548325304691,0.0950655018209794,1,2372.46676115985,0.0642000549377776
"4878","SLC25A13",0.75816875232052,0.995548325304691,0.0948159280053305,1,2372.46676115985,-0.0430528802224596
"7735","HELB",0.758169134509377,0.995548325304691,0.094815618654515,1,2372.46676115985,0.073322478951492
"4152","ZNF76",0.758370489004978,0.995548325304691,0.0946527153743489,1,2372.46676115985,-0.073171753841905
"4217","MRPL2",0.758506025910593,0.995548325304691,0.0945431473090436,1,2372.46676115985,-0.0872073707542364
"3487","SGTB",0.758575273576522,0.995548325304691,0.0944871942873944,1,2372.46676115985,-0.0481016556705669
"2089","GIGYF2",0.758680662033964,0.995548325304691,0.0944020738187469,1,2372.46676115985,-0.032213014936946
"832","CKS1B",0.758835274623337,0.995548325304691,0.0942772718213005,1,2372.46676115985,-0.106363917830569
"6765","PRRG4",0.758852920923583,0.995548325304691,0.0942630336179059,1,2372.46676115985,-0.111431226903685
"3498","CDK7",0.758871302113772,0.995548325304691,0.094248203707798,1,2372.46676115985,-0.0837406628058617
"4478","PEX3",0.758923160820692,0.995548325304691,0.0942063710809348,1,2372.46676115985,0.0797420955335065
"9455","OGFOD1",0.758992435673081,0.995548325304691,0.0941505053035946,1,2372.46676115985,0.076895897267431
"8763","CAPN3",0.759101200757093,0.995548325304691,0.0940628297344609,1,2372.46676115985,0.0655594851724463
"3496","CENPH",0.759109667322727,0.995548325304691,0.0940560067077912,1,2372.46676115985,-0.227043848773146
"1868","OLA1",0.759121201025772,0.995548325304691,0.0940467123754188,1,2372.46676115985,-0.0391619927899041
"9979","CCL2",0.759213386024911,0.995548325304691,0.0939724439669117,1,2372.46676115985,0.0698173210006944
"11543","EPN1",0.759250654212445,0.995548325304691,0.0939424281380149,1,2372.46676115985,-0.047593569493139
"5959","GARNL3",0.759314937102133,0.995548325304691,0.0938906669714095,1,2372.46676115985,-0.125885102227094
"12616","GPR174",0.759322783188404,0.995548325304691,0.0938843502999678,1,2372.46676115985,0.525598735218408
"12108","ZDHHC8",0.759331965459278,0.995548325304691,0.0938769581977054,1,2372.46676115985,-0.143241294199662
"10338","RECQL5",0.759410635823722,0.995548325304691,0.093813638395859,1,2372.46676115985,0.104429322395062
"2547","NEPRO",0.759511485246483,0.995548325304691,0.093732501401659,1,2372.46676115985,-0.0648310155600307
"10036","PGAP3",0.759515807183959,0.995548325304691,0.093729025105183,1,2372.46676115985,-0.137828191412287
"5535","COL22A1",0.759562206222082,0.995548325304691,0.0936917090595325,1,2372.46676115985,0.204995586688035
"8818","USP50",0.759638166010025,0.995548325304691,0.0936306365638069,1,2372.46676115985,-0.193650761476369
"11962","CXADR",0.759744564290618,0.995548325304691,0.0935451278013517,1,2372.46676115985,0.212391114648411
"9398","CTF1",0.75980931752671,0.995548325304691,0.0934931086873877,1,2372.46676115985,0.349814187226358
"3302","FSTL5",0.759951797374838,0.995548325304691,0.0933787040778816,1,2372.46676115985,-0.51485525058014
"11862","DDX27",0.760127323508447,0.995548325304691,0.0932378701347139,1,2372.46676115985,0.0581130172824358
"5699","STOML2",0.760410569186272,0.995548325304691,0.093010852088619,1,2372.46676115985,0.0634010995449006
"6629","AP2A2",0.760573532590532,0.995548325304691,0.0928803759174789,1,2372.46676115985,-0.0318434411061742
"873","CCT3",0.760723338490514,0.995548325304691,0.0927605225527432,1,2372.46676115985,0.0430868640588503
"8321","NOP9",0.760750283062404,0.995548325304691,0.0927389743128116,1,2372.46676115985,-0.099914524038286
"7353","CCDC77",0.760822554161898,0.995548325304691,0.0926811908360675,1,2372.46676115985,0.0772488479754398
"11532","NAT14",0.760975441164068,0.995548325304691,0.0925590167344167,1,2372.46676115985,0.174039403015853
"2384","TUSC2",0.76098505425309,0.995548325304691,0.0925513377249823,1,2372.46676115985,-0.0640509844527324
"1146","ATF3",0.760986489266002,0.995548325304691,0.0925501914554879,1,2372.46676115985,-0.0690944046029777
"2311","LARS2",0.761083243898927,0.995548325304691,0.0924729230129553,1,2372.46676115985,-0.0759256871688592
"8537","FLVCR2",0.761116758852825,0.995548325304691,0.0924461661247236,1,2372.46676115985,0.0544599562218799
"1912","ANKAR",0.761142007563286,0.995548325304691,0.0924260114408286,1,2372.46676115985,-0.0582329894185291
"11598","ERVK3-1",0.761163853826123,0.995548325304691,0.0924085746843625,1,2372.46676115985,-0.0621729314468806
"6105","TOR4A",0.76116419701503,0.995548325304691,0.092408300779931,1,2372.46676115985,-0.0865476998978166
"1144","PACC1",0.761216211427154,0.995548325304691,0.092366792391428,1,2372.46676115985,0.0512923351799248
"3482","CENPK",0.761280882134479,0.995548325304691,0.092315198268488,1,2372.46676115985,-0.167536831796413
"9931","PROCA1",0.761467846361067,0.995548325304691,0.0921661272414229,1,2372.46676115985,-0.161644242533484
"3411","PRLR",0.761562987320655,0.995548325304691,0.0920903195978224,1,2372.46676115985,0.0941059378731543
"1352","NCOA1",0.76167152586938,0.995548325304691,0.0920038784432103,1,2372.46676115985,0.0280778826500697
"4770","ASL",0.761678422699592,0.995548325304691,0.091998387238359,1,2372.46676115985,0.079456702658225
"5255","PPP2R2A",0.761883984638244,0.995548325304691,0.0918348025006389,1,2372.46676115985,0.0344596480590228
"9126","TELO2",0.761905516391967,0.995548325304691,0.0918176768793943,1,2372.46676115985,0.120934095765949
"2546","GTPBP8",0.761914766766578,0.995548325304691,0.0918103199829435,1,2372.46676115985,0.0723653159906039
"7917","SLC8B1",0.762083286222633,0.995548325304691,0.0916763514494357,1,2372.46676115985,0.0512412855743066
"4816","HSPB1",0.762184464974872,0.995548325304691,0.0915959683053394,1,2372.46676115985,-0.0393286427563401
"252","YTHDF2",0.762225162624049,0.995548325304691,0.0915636462340809,1,2372.46676115985,-0.0405299322208555
"1728","IL1A",0.762240892668006,0.995548325304691,0.091551155102172,1,2372.46676115985,-0.458415735968272
"1286","ZNF496",0.762448856822399,0.995548325304691,0.0913860994635008,1,2372.46676115985,0.0739992242995889
"170","ZBTB40",0.762484409107764,0.995548325304691,0.0913578988249694,1,2372.46676115985,-0.0603801878793005
"547","GNG5",0.762916611936838,0.995548325304691,0.0910154484179563,1,2372.46676115985,-0.0258620255897342
"12772","ABCD1",0.763208871771755,0.995548325304691,0.0907842776317882,1,2372.46676115985,-0.0544631886851682
"2451","ARF4",0.763223984029792,0.995548325304691,0.0907723329032634,1,2372.46676115985,0.0411736544328097
"12715","ZDHHC9",0.763273350574414,0.995548325304691,0.090733319560782,1,2372.46676115985,-0.17043864841345
"2269","GORASP1",0.763306002251953,0.995548325304691,0.0907075206519504,1,2372.46676115985,0.0891147152307961
"2841","CCDC50",0.763325582468117,0.995548325304691,0.0906920517514922,1,2372.46676115985,0.0480275816344857
"11037","SUGP1",0.763387097373848,0.995548325304691,0.0906434626722877,1,2372.46676115985,0.0744221757796802
"9880","MYO15A",0.763448228557324,0.995548325304691,0.0905951907528161,1,2372.46676115985,-0.256379231601256
"8339","NUBPL",0.763601547905711,0.995548325304691,0.0904741846121328,1,2372.46676115985,0.0614879482123494
"5524","EFR3A",0.763732641648402,0.995548325304691,0.0903707897968099,1,2372.46676115985,0.0284479473001556
"5947","GOLGA1",0.763749881213692,0.995548325304691,0.0903571975921361,1,2372.46676115985,0.0559070518630054
"2478","ARL6IP5",0.763762476200194,0.995548325304691,0.0903472680211881,1,2372.46676115985,-0.0272133820611731
"4661","GSDME",0.763815355212802,0.995548325304691,0.0903055860281924,1,2372.46676115985,-0.0762813258701395
"7224","SIK2",0.763892393261142,0.995548325304691,0.0902448793905516,1,2372.46676115985,-0.0391646146630678
"555","BCL10",0.763896771906542,0.995548325304691,0.0902414296491017,1,2372.46676115985,-0.0589737421865657
"10706","NCLN",0.763939016248059,0.995548325304691,0.0902081508894248,1,2372.46676115985,0.0736834721828156
"10641","ARID3A",0.76398052134571,0.995548325304691,0.090175460999192,1,2372.46676115985,-0.0598152047500439
"11275","ZNF283",0.764031308750917,0.995548325304691,0.0901354690438183,1,2372.46676115985,0.134232690851635
"972","NME7",0.764082674109649,0.995548325304691,0.0900950318209066,1,2372.46676115985,0.0580342512973428
"5192","PINX1",0.764093824654992,0.995548325304691,0.0900862548944536,1,2372.46676115985,0.0926526957605568
"914","CD244",0.764225984989943,0.995548325304691,0.08998226305331,1,2372.46676115985,-0.284344453859135
"5334","PCMTD1",0.764278752796971,0.995548325304691,0.0899407603992074,1,2372.46676115985,-0.0296658440815974
"11480","ZNF525",0.764315935311241,0.995548325304691,0.0899115220732795,1,2372.46676115985,-0.132505140008569
"8762","GANC",0.764432165189074,0.995548325304691,0.089820158566788,1,2372.46676115985,-0.0434161439080468
"7659","MMP19",0.764484010757685,0.995548325304691,0.0897794212308854,1,2372.46676115985,0.0425039231681438
"2079","ARMC9",0.764513179382933,0.995548325304691,0.0897565065898399,1,2372.46676115985,0.0378461410597571
"3611","TSLP",0.764525137920756,0.995548325304691,0.0897471129784271,1,2372.46676115985,-0.328594583151157
"1239","SLC35F3",0.764587939401607,0.995548325304691,0.0896977902638722,1,2372.46676115985,-0.189724583213216
"4534","DYNLT1",0.764662929554831,0.995548325304691,0.0896389142224871,1,2372.46676115985,-0.0299810390385799
"2020","GPBAR1",0.764695174809926,0.995548325304691,0.0896136044011199,1,2372.46676115985,0.108618632107722
"1308","ASAP2",0.764777397094429,0.995548325304691,0.0895490844259568,1,2372.46676115985,-0.532719643853828
"9321","GTF3C1",0.764826712132827,0.995548325304691,0.0895103989717055,1,2372.46676115985,0.0553783459254503
"10403","PVALEF",0.764854614212264,0.995548325304691,0.089488515065055,1,2372.46676115985,0.372855768977772
"11438","SIGLEC10",0.764943217930396,0.995548325304691,0.0894190415227696,1,2372.46676115985,-0.135106871891914
"4239","NFKBIE",0.764981757603595,0.995548325304691,0.089388832012785,1,2372.46676115985,0.0823942772472457
"860","ARHGEF2",0.765037900619024,0.995548325304691,0.089344833987147,1,2372.46676115985,0.0327998032076564
"5555","GSDMD",0.765087293232749,0.995548325304691,0.0893061358563368,1,2372.46676115985,0.0600405603755661
"8205","UBAC2",0.76510378700327,0.995548325304691,0.089293215348824,1,2372.46676115985,-0.028914205241214
"12420","PIGA",0.765255654846422,0.995548325304691,0.0891742964850585,1,2372.46676115985,-0.157828634580859
"1724","TTL",0.765300069608427,0.995548325304691,0.0891395341831512,1,2372.46676115985,0.0460888541811932
"11687","RRBP1",0.765312819698354,0.995548325304691,0.0891295563764147,1,2372.46676115985,0.0335336340191859
"3232","ABHD18",0.765433796796049,0.995548325304691,0.0890349138886332,1,2372.46676115985,-0.0417031514944185
"10760","RANBP3",0.765459545329173,0.995548325304691,0.0890147774302048,1,2372.46676115985,0.0641906068054901
"5672","APTX",0.765489143304842,0.995548325304691,0.0889916336063978,1,2372.46676115985,-0.0537572621279017
"9974","ZNF207",0.76548963286302,0.995548325304691,0.0889912508291114,1,2372.46676115985,0.0273835347756723
"2607","SLC12A8",0.765688494089348,0.995548325304691,0.0888358387262118,1,2372.46676115985,0.200804341474076
"2166","EMC3",0.76576835123564,0.995548325304691,0.0887734711600999,1,2372.46676115985,0.0435133025699248
"3655","HINT1",0.765939868776186,0.995548325304691,0.0886395984204003,1,2372.46676115985,0.0266855700444234
"4368","ARMC2",0.766031464795025,0.995548325304691,0.0885681510118887,1,2372.46676115985,-0.0596871066051671
"4210","PEX6",0.766045098074208,0.995548325304691,0.088557519361076,1,2372.46676115985,-0.0694652894467081
"3457","DHX29",0.766438293621052,0.995548325304691,0.0882511922442524,1,2372.46676115985,0.0412445894766336
"2628","RAB7A",0.76645683538736,0.995548325304691,0.0882367611589792,1,2372.46676115985,0.0240254230869969
"1036","COLGALT2",0.766489652635712,0.995548325304691,0.0882112225917954,1,2372.46676115985,0.122868264338632
"5813","NINJ1",0.766802194043459,0.995548325304691,0.08796820266002,1,2372.46676115985,-0.0264536273644894
"10261","DDX42",0.766816997325486,0.995548325304691,0.0879567012555869,1,2372.46676115985,0.042857883379094
"12528","PPP1R3F",0.766835388516424,0.995548325304691,0.0879424133661983,1,2372.46676115985,0.126829708292502
"6558","PSTK",0.766847213534596,0.995548325304691,0.0879332273223722,1,2372.46676115985,0.160696229866133
"982","GORAB",0.766847484332875,0.995548325304691,0.0879330169639165,1,2372.46676115985,-0.0812641296981767
"5828","PRXL2C",0.766940109753385,0.995548325304691,0.0878610807923203,1,2372.46676115985,0.0679243487144408
"1569","CCT7",0.76699760596503,0.995548325304691,0.087816443313256,1,2372.46676115985,-0.0603884166012948
"7407","SPSB2",0.767007335353769,0.995548325304691,0.087808891072939,1,2372.46676115985,0.124741578424743
"11503","TTYH1",0.767019524318159,0.995548325304691,0.0877994301355401,1,2372.46676115985,-0.426106471441533
"11633","SIRPA",0.767175031210123,0.995548325304691,0.0876787760895494,1,2372.46676115985,0.0268533162309864
"1758","MAP3K2",0.76718043217365,0.995548325304691,0.0876745872336801,1,2372.46676115985,0.0251999301695085
"4693","BBS9",0.767180913396152,0.995548325304691,0.0876742140144996,1,2372.46676115985,0.0477945981955267
"6978","SCYL1",0.767197996556087,0.995548325304691,0.0876609654786446,1,2372.46676115985,0.0671588061262787
"2090","SNORC",0.767700171247186,0.995548325304691,0.0872719993129367,1,2372.46676115985,-0.185652739053413
"8478","ZFP36L1",0.767774819216638,0.995548325304691,0.0872142600081406,1,2372.46676115985,0.0291958070374779
"9134","SPSB3",0.767927399436427,0.995548325304691,0.0870963056681462,1,2372.46676115985,0.0836765355130509
"7352","KDM5A",0.767977458417144,0.995548325304691,0.0870576257552819,1,2372.46676115985,-0.0278118499146797
"5507","ATAD2",0.767999384408926,0.995548325304691,0.0870406867722768,1,2372.46676115985,-0.0876995077664548
"1873","CHN1",0.768081148145209,0.995548325304691,0.0869775357781825,1,2372.46676115985,0.212974515183905
"8715","DPH6",0.768342757107416,0.995548325304691,0.0867756469705199,1,2372.46676115985,0.0595756516795657
"12591","NONO",0.768358067578211,0.995548325304691,0.0867638394745239,1,2372.46676115985,-0.0401020439947515
"2813","CLCN2",0.768436063149062,0.995548325304691,0.0867037025325425,1,2372.46676115985,0.330881390571574
"9922","AC005726.1",0.768439976673445,0.995548325304691,0.086700685683913,1,2372.46676115985,0.10673795756677
"1430","EIF2AK2",0.768495188120891,0.995548325304691,0.0866581304893872,1,2372.46676115985,-0.0214963480511587
"12010","DOP1B",0.768587818510548,0.995548325304691,0.0865867594850678,1,2372.46676115985,-0.0373395648726713
"10877","ZNF441",0.76858870979789,0.995548325304691,0.0865860729101998,1,2372.46676115985,0.134295850041717
"11333","PTGIR",0.768637178482061,0.995548325304691,0.0865487410540678,1,2372.46676115985,-0.118824301610051
"2160","RPUSD3",0.768673076961119,0.995548325304691,0.0865210967387822,1,2372.46676115985,-0.0815896493318221
"2658","RYK",0.76869308402933,0.995548325304691,0.0865056919925952,1,2372.46676115985,-0.0419074958007527
"11686","DSTN",0.768867255407907,0.995548325304691,0.0863716490415674,1,2372.46676115985,0.0344714488873307
"4039","ABCF1",0.769183508454637,0.995548325304691,0.0861285481079409,1,2372.46676115985,0.0476777112085552
"12604","RLIM",0.769231074491843,0.995548325304691,0.086092016707115,1,2372.46676115985,-0.0549050538394608
"8282","PRMT5",0.769265035066529,0.995548325304691,0.0860659396468176,1,2372.46676115985,-0.139870025765456
"3288","GUCY1A1",0.76931890192903,0.995548325304691,0.0860245860883617,1,2372.46676115985,0.591772742031735
"2111","TRAF3IP1",0.769608831521276,0.995548325304691,0.085802192657896,1,2372.46676115985,0.0747215121821024
"2608","ZNF148",0.769666075519239,0.995548325304691,0.0857583200165026,1,2372.46676115985,0.0242054283036278
"1484","STON1",0.769916910619412,0.995548325304691,0.0855662199328511,1,2372.46676115985,0.341243553020819
"12648","ARMCX5",0.769931877698753,0.995548325304691,0.0855547649058447,1,2372.46676115985,0.145378280591507
"5070","STMP1",0.770029616378187,0.995548325304691,0.0854799812513899,1,2372.46676115985,0.0314745716539057
"1848","PHOSPHO2",0.770214558317742,0.995548325304691,0.0853385721179753,1,2372.46676115985,-0.250760545551648
"3809","HAVCR1",0.770303183311435,0.995548325304691,0.0852708532676587,1,2372.46676115985,0.195382766068508
"4630","SCIN",0.770445339537679,0.995548325304691,0.0851622918257447,1,2372.46676115985,-0.210314901053091
"5714","RECK",0.770529805457744,0.995548325304691,0.0850978226842689,1,2372.46676115985,-0.0708628689327189
"5046","AHCYL2",0.770556769768825,0.995548325304691,0.0850772475831817,1,2372.46676115985,0.0363513065298157
"8133","NUDT15",0.770635877402601,0.995548325304691,0.0850169001276097,1,2372.46676115985,-0.150317662075648
"4151","SCUBE3",0.770719719485939,0.995548325304691,0.0849529663432717,1,2372.46676115985,-0.41991650876363
"8164","VPS36",0.771028899784633,0.995548325304691,0.084717426382355,1,2372.46676115985,0.0396430752106857
"446","KTI12",0.771068140609518,0.995548325304691,0.0846875572742592,1,2372.46676115985,-0.176426257290623
"6880","TKFC",0.771160748945184,0.995548325304691,0.0846170888360759,1,2372.46676115985,-0.126326101894372
"11086","ANKRD27",0.771241319483451,0.995548325304691,0.0845558061945673,1,2372.46676115985,0.0730453258138503
"7004","CST6",0.771256453083369,0.995548325304691,0.0845442981348109,1,2372.46676115985,-0.39044029378777
"7850","RIC8B",0.771415379568315,0.995548325304691,0.0844234967902044,1,2372.46676115985,0.0651163666818588
"10396","SLC26A11",0.771534049335973,0.995548325304691,0.0843333559868504,1,2372.46676115985,-0.071094617308096
"7819","GAS2L3",0.771599002711977,0.995548325304691,0.0842840399230767,1,2372.46676115985,-0.0822474103405362
"7384","PLEKHG6",0.771604646321065,0.995548325304691,0.0842797557328514,1,2372.46676115985,0.328226990782568
"9960","ADAP2",0.771765404732701,0.995548325304691,0.0841577699945633,1,2372.46676115985,-0.0277845380046066
"3896","HNRNPH1",0.771831123438922,0.995548325304691,0.0841079292994839,1,2372.46676115985,-0.0325019230744365
"12123","HIC2",0.771922789581836,0.995548325304691,0.0840384369455945,1,2372.46676115985,-0.145237506649501
"1108","RAB29",0.771951059051737,0.995548325304691,0.0840170120645293,1,2372.46676115985,-0.0547784066083477
"8682","NSMCE3",0.772037313034824,0.995548325304691,0.0839516601482896,1,2372.46676115985,0.0856229092865864
"2997","TLR1",0.772176330396372,0.995548325304691,0.08384638909416,1,2372.46676115985,-0.0389186971607839
"5540","DENND3",0.77222125018222,0.995548325304691,0.0838123888375506,1,2372.46676115985,-0.0751970226526556
"11728","PDRG1",0.772270262904278,0.995548325304691,0.0837752991200666,1,2372.46676115985,-0.0909653353963546
"527","CRYZ",0.772316869231925,0.995548325304691,0.083740038661,1,2372.46676115985,-0.11465123059517
"3443","TMEM267",0.772401292048014,0.995548325304691,0.0836761882600868,1,2372.46676115985,0.0729885423428212
"7023","RBM14",0.772420692314513,0.995548325304691,0.0836615192400595,1,2372.46676115985,-0.0868726197240931
"12586","CXorf65",0.772423366028075,0.995548325304691,0.083659497688547,1,2372.46676115985,0.327087061045165
"8315","NEDD8",0.772456531854577,0.995548325304691,0.0836344237448291,1,2372.46676115985,-0.0282582642856572
"7582","SPATS2",0.772467027332463,0.995548325304691,0.0836264898286533,1,2372.46676115985,0.0314160456947532
"12287","ADSL",0.772555921932923,0.995548325304691,0.0835593074985888,1,2372.46676115985,0.0736190220860414
"1241","TARBP1",0.772576891203373,0.995548325304691,0.0835434641809921,1,2372.46676115985,-0.0628952517717037
"12167","HSCB",0.772673537871839,0.995548325304691,0.0834704638963702,1,2372.46676115985,0.0664613418958815
"847","SCAMP3",0.772675328608276,0.995548325304691,0.0834691116227426,1,2372.46676115985,-0.0651652369838445
"2705","GYG1",0.772699268696927,0.995548325304691,0.0834510344180116,1,2372.46676115985,-0.0574809453405232
"8809","SECISBP2L",0.772817161076378,0.995548325304691,0.0833620446074892,1,2372.46676115985,-0.0387899047679431
"10295","ABCA10",0.772854036871083,0.995548325304691,0.0833342198653196,1,2372.46676115985,0.147457698271371
"4690","FKBP9",0.772901073593013,0.995548325304691,0.0832987354670671,1,2372.46676115985,-0.0761171167101039
"5968","SH2D3C",0.772963872989647,0.995548325304691,0.0832513725024218,1,2372.46676115985,0.124374031008721
"9106","STUB1",0.773005689290278,0.995548325304691,0.0832198429673545,1,2372.46676115985,0.0386767247326331
"9226","EMP2",0.773011936266845,0.995548325304691,0.0832151332957692,1,2372.46676115985,0.198024894470379
"4575","GPR146",0.773099162307599,0.995548325304691,0.0831493876033952,1,2372.46676115985,-0.153365731178269
"11118","HAMP",0.773103515803401,0.995548325304691,0.0831461069400245,1,2372.46676115985,0.109484875704559
"3541","TBCA",0.773272531698257,0.995548325304691,0.0830187958378084,1,2372.46676115985,0.0271655223904181
"7533","PKP2",0.773707936596746,0.995548325304691,0.0826913139349571,1,2372.46676115985,-0.265844391533382
"3202","ENPEP",0.773726238045116,0.995548325304691,0.0826775641785634,1,2372.46676115985,0.577520889072583
"3198","PLA2G12A",0.773997828163725,0.995548325304691,0.082473665788533,1,2372.46676115985,0.0786643139928427
"453","COA7",0.774005245818037,0.995548325304691,0.0824681007500391,1,2372.46676115985,0.117410216589107
"2068","PID1",0.774079661400113,0.995548325304691,0.0824122822752651,1,2372.46676115985,-0.0723671498396943
"1329","SMC6",0.774103940866049,0.995548325304691,0.0823940748865841,1,2372.46676115985,-0.0521880129326799
"5724","POLR1E",0.774195491063462,0.995548325304691,0.0823254401573347,1,2372.46676115985,-0.176688011171779
"390","IPO13",0.77437800856866,0.995548325304691,0.0821887000503113,1,2372.46676115985,-0.104683457961769
"7853","CRY1",0.774410411214818,0.995548325304691,0.0821644372008261,1,2372.46676115985,0.101380723647777
"4195","USP49",0.774417553802715,0.995548325304691,0.0821590894079477,1,2372.46676115985,-0.0661987091307669
"9702","SERPINF2",0.774477234929595,0.995548325304691,0.0821144123623749,1,2372.46676115985,0.182672510537504
"3495","CCNB1",0.77449318086214,0.995548325304691,0.0821024775289233,1,2372.46676115985,0.267179287200604
"11538","ZNF784",0.774681321576283,0.995548325304691,0.0819617332926505,1,2372.46676115985,-0.15347332725828
"433","STIL",0.774683045688796,0.995548325304691,0.0819604441232763,1,2372.46676115985,0.192275406522594
"11152","ZNF529",0.774785428917342,0.995548325304691,0.0818839088543309,1,2372.46676115985,-0.088262383925135
"10285","C17orf58",0.774888369300536,0.995548325304691,0.0818069960862656,1,2372.46676115985,-0.096515450005502
"4491","ADGB",0.774892887168514,0.995548325304691,0.0818036214190204,1,2372.46676115985,-0.338065616564782
"9390","FBRS",0.774941666877599,0.995548325304691,0.0817671897169529,1,2372.46676115985,-0.0678173459196859
"6774","CAPRIN1",0.774958214742471,0.995548325304691,0.0817548327425739,1,2372.46676115985,-0.0335621087730951
"10257","MAP3K3",0.775098760339351,0.995548325304691,0.0816499222600932,1,2372.46676115985,-0.0356333460004463
"8643","MARK3",0.775168019806484,0.995548325304691,0.0815982502191618,1,2372.46676115985,-0.0255928517315381
"10397","RNF213",0.775238902971024,0.995548325304691,0.0815453851120059,1,2372.46676115985,0.0177023430231808
"8945","CD276",0.775266865244238,0.995548325304691,0.0815245357699449,1,2372.46676115985,-0.0516958270474299
"7278","RPS25",0.775333728488778,0.995548325304691,0.0814746926191667,1,2372.46676115985,-0.019374293759704
"4450","SGK1",0.77548352654289,0.995548325304691,0.081363085611272,1,2372.46676115985,0.0499322088438637
"10999","CCDC124",0.775502846053416,0.995548325304691,0.0813486976363535,1,2372.46676115985,0.0656462163395512
"4448","TBPL1",0.775590822927529,0.995548325304691,0.0812831953061482,1,2372.46676115985,0.0867204134090059
"8468","PLEK2",0.775609447927392,0.995548325304691,0.0812693319016777,1,2372.46676115985,0.181736008442606
"3895","RUFY1",0.775636967254775,0.995548325304691,0.0812488503990724,1,2372.46676115985,0.0354353265969717
"7532","YARS2",0.775655538120075,0.995548325304691,0.081235030445675,1,2372.46676115985,-0.0865998126638295
"32","SLC35E2A",0.775662416893493,0.995548325304691,0.0812299117645582,1,2372.46676115985,0.0843529492728949
"5781","AGTPBP1",0.77573955620046,0.995548325304691,0.0811725222642258,1,2372.46676115985,-0.0353693204670349
"1174","BROX",0.775758092381553,0.995548325304691,0.081158735128224,1,2372.46676115985,-0.04481071593827
"9785","ELP5",0.775780778076652,0.995548325304691,0.0811418633234793,1,2372.46676115985,0.0855441494021854
"3952","SLC35B3",0.775782273500873,0.995548325304691,0.0811407512132249,1,2372.46676115985,0.0684250521184889
"11047","ZNF101",0.775785433228246,0.995548325304691,0.0811384014287029,1,2372.46676115985,-0.106735043157018
"5777","C9orf64",0.775786024716977,0.995548325304691,0.0811379615622255,1,2372.46676115985,0.103713235357548
"2586","CD86",0.775816918702571,0.995548325304691,0.0811149887345728,1,2372.46676115985,-0.0248471407526553
"4203","UBR2",0.7759056209014,0.995548325304691,0.0810490491497427,1,2372.46676115985,0.0281537982437839
"7355","NINJ2",0.77594884318835,0.995548325304691,0.081016928999064,1,2372.46676115985,0.0848908278613414
"1403","TRMT61B",0.775952791582355,0.995548325304691,0.0810139951380412,1,2372.46676115985,-0.087519980880864
"8017","MMP17",0.776069217420951,0.995548325304691,0.0809275105279619,1,2372.46676115985,0.180940468277183
"5739","PIP5K1B",0.776143415345138,0.995548325304691,0.0808724201281962,1,2372.46676115985,0.109233310862394
"8870","TPM1",0.776207370363677,0.995548325304691,0.0808249511400807,1,2372.46676115985,-0.0906581377951811
"8681","HERC2",0.776224328362144,0.995548325304691,0.0808123670228118,1,2372.46676115985,0.0396208508595569
"7782","TMTC3",0.776225541308543,0.995548325304691,0.0808114669654374,1,2372.46676115985,0.0636876836116857
"6672","TRIM3",0.776282046879453,0.995548325304691,0.0807695434536734,1,2372.46676115985,0.124293907957579
"279","MARCKSL1",0.776307144836383,0.995548325304691,0.0807509261488754,1,2372.46676115985,0.107756233402914
"8041","ZMYM2",0.776333500285859,0.995548325304691,0.0807313785505471,1,2372.46676115985,0.0236061724155931
"6349","KCNMA1",0.776451105720267,0.995548325304691,0.0806441828295302,1,2372.46676115985,-0.0479786401357484
"2358","KLHDC8B",0.776522722412507,0.995548325304691,0.0805911092978908,1,2372.46676115985,0.0816110501344418
"7519","ERGIC2",0.776690649509129,0.995548325304691,0.0804667363021003,1,2372.46676115985,-0.0522918159596984
"9274","CCP110",0.776691631219776,0.995548325304691,0.0804660095161361,1,2372.46676115985,0.0661087317183641
"6753","LIN7C",0.776700422384376,0.995548325304691,0.080459501346061,1,2372.46676115985,-0.062730842794947
"5211","MTMR7",0.776755922651993,0.995548325304691,0.0804184206151053,1,2372.46676115985,-0.408510653166557
"12509","PCSK1N",0.77681253419996,0.995548325304691,0.0803765290022577,1,2372.46676115985,-0.475257322693013
"5042","IRF5",0.776820687417001,0.995548325304691,0.0803704967273677,1,2372.46676115985,0.0517340895240231
"4084","NEU1",0.776822624911291,0.995548325304691,0.0803690632803166,1,2372.46676115985,0.0487049819438899
"11119","CD22",0.776828271802628,0.995548325304691,0.0803648855301513,1,2372.46676115985,0.105960473941281
"3114","SEC31A",0.776854042469879,0.995548325304691,0.0803458210586403,1,2372.46676115985,-0.0292735692074912
"563","LMO4",0.776860284159207,0.995548325304691,0.0803412039862465,1,2372.46676115985,0.0379217122307936
"11890","GCNT7",0.776894924660052,0.995548325304691,0.0803155824866312,1,2372.46676115985,-0.257463899081868
"785","PSMB4",0.776968818799683,0.995548325304691,0.0802609421777265,1,2372.46676115985,-0.0453111795468837
"1006","RASAL2",0.777060546905707,0.995548325304691,0.0801931426553043,1,2372.46676115985,0.0258912937514828
"2381","NAA80",0.777081025137624,0.995548325304691,0.0801780106876317,1,2372.46676115985,-0.210086335278705
"796","S100A9",0.777081935387667,0.995548325304691,0.080177338112913,1,2372.46676115985,-0.035334108164216
"5426","OTUD6B",0.777149156827243,0.995548325304691,0.0801276772802883,1,2372.46676115985,0.0839413985753821
"11845","MMP9",0.777196771824888,0.995548325304691,0.0800925110506163,1,2372.46676115985,0.03551132591628
"2432","PRKCD",0.777458646350379,0.995548325304691,0.0798992516645349,1,2372.46676115985,-0.0595176853433606
"2541","ABHD10",0.777510458461172,0.995548325304691,0.0798610449947595,1,2372.46676115985,-0.0687926597471753
"3112","TMEM150C",0.777524403038057,0.995548325304691,0.0798507638360851,1,2372.46676115985,-0.188789865171711
"9318","NSMCE1",0.777577102737172,0.995548325304691,0.0798119154743262,1,2372.46676115985,0.0588634709090359
"6965","ZFPL1",0.777583314915929,0.995548325304691,0.0798073367474984,1,2372.46676115985,0.0926722553732508
"1314","TAF1B",0.777590934769533,0.995548325304691,0.0798017206784293,1,2372.46676115985,-0.0597532368287357
"4732","TMED4",0.777593097443409,0.995548325304691,0.0798001267594045,1,2372.46676115985,0.0457402215270761
"346","PPIE",0.777738940516689,0.995548325304691,0.0796926781624664,1,2372.46676115985,-0.067319909824233
"4253","MMUT",0.777871207800044,0.995548325304691,0.0795952989892838,1,2372.46676115985,0.0944203022176925
"11541","CCDC106",0.778076200518292,0.995548325304691,0.0794445041377787,1,2372.46676115985,0.0760866787192643
"6614","PHRF1",0.778079074668902,0.995548325304691,0.0794423909788099,1,2372.46676115985,0.0695705577549089
"18","CPTP",0.778126881932512,0.995548325304691,0.0794072461397907,1,2372.46676115985,0.134648685059258
"515","LRRC7",0.778145134682838,0.995548325304691,0.0793938301005317,1,2372.46676115985,-0.205289586739356
"6049","STKLD1",0.778233383879791,0.995548325304691,0.0793289829026186,1,2372.46676115985,-0.407327628348456
"7986","PITPNM2",0.778289562239692,0.995548325304691,0.0792877168651993,1,2372.46676115985,0.131249505939722
"8969","IMP3",0.778337187620397,0.995548325304691,0.0792527425279529,1,2372.46676115985,0.0500153805400416
"5981","CIZ1",0.778374049660466,0.995548325304691,0.0792256781111063,1,2372.46676115985,-0.0698123706844831
"2850","XXYLT1",0.778616465844307,0.995548325304691,0.0790478183848126,1,2372.46676115985,-0.077210905973789
"6930","MARK2",0.778647193975746,0.995548325304691,0.0790252886871592,1,2372.46676115985,0.0392031747471072
"2433","TKT",0.778882657738381,0.995548325304691,0.0788527629378956,1,2372.46676115985,0.0300249074103372
"10391","CCDC40",0.779050648756108,0.995548325304691,0.0787297992040973,1,2372.46676115985,0.198760059098058
"2461","FAM3D",0.779173429511918,0.995548325304691,0.0786399933191286,1,2372.46676115985,0.314161243869395
"11051","ZNF93",0.779288711232113,0.995548325304691,0.0785557227931655,1,2372.46676115985,0.120710758594231
"8901","RAB11A",0.779303826352632,0.995548325304691,0.0785446773072492,1,2372.46676115985,0.0385855302224804
"3234","PGRMC2",0.779328582761206,0.995548325304691,0.0785265881883078,1,2372.46676115985,-0.0563007523731045
"827","ADAR",0.779402875955481,0.995548325304691,0.0784723168065412,1,2372.46676115985,0.0219202286978703
"7307","ZNF202",0.77956691457782,0.995548325304691,0.0783525577972666,1,2372.46676115985,-0.161446601128275
"5519","NSMCE2",0.77963807974478,0.995548325304691,0.0783006332065628,1,2372.46676115985,-0.0253830495820035
"6124","AKR1E2",0.779787274281842,0.995548325304691,0.078191835898297,1,2372.46676115985,-0.191191379776525
"355","COL9A2",0.779803574098678,0.995548325304691,0.0781799545054313,1,2372.46676115985,0.157160189970595
"7137","USP35",0.780024531263297,0.995548325304691,0.0780189886628457,1,2372.46676115985,0.165061098910597
"230","WASF2",0.780028813970482,0.995548325304691,0.0780158705054687,1,2372.46676115985,-0.0213501288902773
"10880","ZNF439",0.780090324982437,0.995548325304691,0.0779710929223266,1,2372.46676115985,0.127507781490356
"5992","SPTAN1",0.78027888067902,0.995548325304691,0.0778339181679974,1,2372.46676115985,-0.0309508855724417
"4605","OCM",0.780488781654871,0.995548325304691,0.0776813677709188,1,2372.46676115985,0.314604063233503
"10368","SRSF2",0.780583433855012,0.995548325304691,0.0776126298487759,1,2372.46676115985,-0.0448168811964385
"9591","ZNRF1",0.780719299828872,0.995548325304691,0.0775140191413161,1,2372.46676115985,-0.0785876040636622
"9132","MRPS34",0.780882431553007,0.995548325304691,0.0773957083489912,1,2372.46676115985,0.0392304137602801
"7473","EMP1",0.780949108111119,0.995548325304691,0.0773473794031766,1,2372.46676115985,-0.0562829530361428
"7944","SIRT4",0.781061710532526,0.995548325304691,0.0772657990872181,1,2372.46676115985,0.208414092782555
"6128","ASB13",0.781154207734144,0.995548325304691,0.0771988196690387,1,2372.46676115985,0.0707888692881375
"7489","PDE3A",0.781166987176054,0.995548325304691,0.0771895682318754,1,2372.46676115985,0.427792760560635
"9021","GOLGA6L4",0.781199859032901,0.995548325304691,0.0771657740115839,1,2372.46676115985,0.183854712460817
"10483","NAPG",0.781229362270961,0.995548325304691,0.0771444215229399,1,2372.46676115985,-0.0506008605601416
"7399","COPS7A",0.781244949004161,0.995548325304691,0.0771331421631711,1,2372.46676115985,0.0683000177257733
"12396","STS",0.781258974820583,0.995548325304691,0.0771229931221528,1,2372.46676115985,-0.132220727611378
"2035","CYP27A1",0.78154832794524,0.995548325304691,0.0769137784765314,1,2372.46676115985,-0.0317257431049014
"5527","PHF20L1",0.781586155656236,0.995548325304691,0.0768864500475233,1,2372.46676115985,-0.0346144650723926
"8010","AACS",0.781596920695445,0.995548325304691,0.0768786738579433,1,2372.46676115985,0.102768908834643
"75","ENO1",0.781709277296118,0.995548325304691,0.0767975376803695,1,2372.46676115985,0.0236018258903135
"8721","THBS1",0.781919690171826,0.995548325304691,0.0766457161033775,1,2372.46676115985,-0.0618938873235429
"3247","MAML3",0.782034517798967,0.995548325304691,0.0765629314425387,1,2372.46676115985,-0.0351603758695946
"6412","CC2D2B",0.782107463242311,0.995548325304691,0.0765103666395801,1,2372.46676115985,0.0792909559412204
"5346","RPS20",0.782179196037913,0.995548325304691,0.0764586946256341,1,2372.46676115985,0.0222026242081861
"2999","FAM114A1",0.782363862055125,0.995548325304691,0.0763257587170652,1,2372.46676115985,0.0671060767268416
"7081","FOLR2",0.782372973095456,0.995548325304691,0.0763192031563828,1,2372.46676115985,-0.11761761275887
"9894","EPN2",0.782387153361511,0.995548325304691,0.0763090007976217,1,2372.46676115985,-0.085446320918386
"3243","NAA15",0.782424526364652,0.995548325304691,0.0762821153415873,1,2372.46676115985,0.0487056541105033
"2978","DHX15",0.782517121230469,0.995548325304691,0.0762155262494917,1,2372.46676115985,-0.0444405199530403
"11406","TSKS",0.782563170822343,0.995548325304691,0.0761824215882522,1,2372.46676115985,-0.437535246019464
"2071","SP110",0.782607434477716,0.995548325304691,0.0761506081163229,1,2372.46676115985,0.024961156162779
"5683","UBAP1",0.782623326130275,0.995548325304691,0.0761391881053086,1,2372.46676115985,0.0356199055139917
"1474","SOCS5",0.782664244558797,0.995548325304691,0.0761097876701133,1,2372.46676115985,-0.090664771848117
"3069","COX18",0.782778739646537,0.995548325304691,0.0760275538910121,1,2372.46676115985,0.0748820908996529
"11637","NOP56",0.782821011754211,0.995548325304691,0.0759972048946938,1,2372.46676115985,-0.0621165400975555
"8452","MTHFD1",0.782907812068886,0.995548325304691,0.0759349075857436,1,2372.46676115985,-0.0805661856706001
"9503","C16orf70",0.782951398173243,0.995548325304691,0.0759036358410347,1,2372.46676115985,0.047474816558597
"448","ZFYVE9",0.78297142540145,0.995548325304691,0.0758892692188442,1,2372.46676115985,0.125246204753294
"6206","WAC",0.783080932217201,0.995548325304691,0.0758107398806614,1,2372.46676115985,-0.0226728579257707
"9198","VASN",0.783198540132341,0.995548325304691,0.0757264498014908,1,2372.46676115985,0.308500771312064
"12199","TUG1",0.783396719278877,0.995548325304691,0.0755845280814125,1,2372.46676115985,-0.0470213095865702
"6212","ZEB1",0.783619903802768,0.995548325304691,0.0754248707047488,1,2372.46676115985,0.149467200474029
"6436","R3HCC1L",0.783653959292779,0.995548325304691,0.0754005247186347,1,2372.46676115985,-0.0341373676562477
"7506","ITPR2",0.783873186886074,0.995548325304691,0.0752439019003965,1,2372.46676115985,0.0234180565180355
"6406","HELLS",0.783995454037921,0.995548325304691,0.0751566266081195,1,2372.46676115985,-0.164842248165959
"5576","SHARPIN",0.784080988441649,0.995548325304691,0.0750956038218579,1,2372.46676115985,-0.0540125144467466
"12418","MOSPD2",0.784142087037699,0.995548325304691,0.0750520305813562,1,2372.46676115985,0.0446331298842345
"10671","KLF16",0.784237108007879,0.995548325304691,0.0749842921788761,1,2372.46676115985,0.0809429872996253
"1134","IRF6",0.78427913235035,0.995548325304691,0.0749543444157805,1,2372.46676115985,-0.395274940891416
"4389","REV3L",0.784322663002312,0.995548325304691,0.0749233299927644,1,2372.46676115985,0.029938482170674
"2522","IMPG2",0.784471272216114,0.995548325304691,0.0748175018853239,1,2372.46676115985,0.184213673657297
"7160","CTSC",0.784520134651994,0.995548325304691,0.0747827233600303,1,2372.46676115985,-0.0238545789605493
"5732","ALDH1B1",0.784533194733675,0.995548325304691,0.0747734291351473,1,2372.46676115985,-0.394096034278463
"5291","PLPBP",0.784568163364999,0.995548325304691,0.0747485467174709,1,2372.46676115985,-0.0545799178349082
"2755","WDR49",0.784622409327126,0.995548325304691,0.0747099560525521,1,2372.46676115985,0.285131505068759
"6217","ITGB1",0.784651841102776,0.995548325304691,0.074689022721213,1,2372.46676115985,-0.0234544621869748
"11861","STAU1",0.784662695063702,0.995548325304691,0.0746813036441534,1,2372.46676115985,0.0289447095251264
"8786","WDR76",0.784698581867985,0.995548325304691,0.0746557848603675,1,2372.46676115985,-0.22024170788064
"9613","GCSH",0.784703324372376,0.995548325304691,0.0746524128587215,1,2372.46676115985,-0.0886737641207856
"6271","ARID5B",0.784746259550992,0.995548325304691,0.0746218889375053,1,2372.46676115985,-0.0324879417347057
"1346","SF3B6",0.784845530855022,0.995548325304691,0.0745513396375588,1,2372.46676115985,-0.0360519576960644
"12134","BCR",0.784930242331517,0.995548325304691,0.0744911659447018,1,2372.46676115985,-0.0872943888122069
"5934","OR1L8",0.784963837085725,0.995548325304691,0.0744673095780807,1,2372.46676115985,-0.421809910553003
"24","ATAD3B",0.784976556690666,0.995548325304691,0.0744582781810221,1,2372.46676115985,-0.113320844454154
"7343","ZBTB44",0.78501221022501,0.995548325304691,0.0744329659696881,1,2372.46676115985,0.0427256886673334
"1102","NUAK2",0.785142228175858,0.995548325304691,0.0743406989533682,1,2372.46676115985,0.131456427359979
"12384","IL3RA",0.785225939166351,0.995548325304691,0.0742813261248377,1,2372.46676115985,-0.143008918959911
"9379","ZNF771",0.785280655397602,0.995548325304691,0.0742425318800969,1,2372.46676115985,-0.209276526012835
"9635","GINS2",0.785294597184309,0.995548325304691,0.0742326487822297,1,2372.46676115985,-0.392813955705064
"10506","MIB1",0.785574672156477,0.995548325304691,0.0740342580310314,1,2372.46676115985,0.0364874408127659
"4482","ZC2HC1B",0.785676762772733,0.995548325304691,0.0739620131779776,1,2372.46676115985,0.305283317780491
"1461","DYNC2LI1",0.785689314175359,0.995548325304691,0.0739531337398023,1,2372.46676115985,0.0843307834835924
"2075","CAB39",0.785710893346259,0.995548325304691,0.0739378689822665,1,2372.46676115985,-0.0246163149256172
"4858","LRRD1",0.785743198019418,0.995548325304691,0.0739150203400059,1,2372.46676115985,0.315461713146578
"2873","MELTF",0.785873310798287,0.995548325304691,0.0738230317882615,1,2372.46676115985,-0.129556262133296
"1247","TBCE",0.786001461120452,0.995548325304691,0.073732490794626,1,2372.46676115985,-0.095508315739457
"6823","SLC39A13",0.786032176758281,0.995548325304691,0.0737107983901795,1,2372.46676115985,0.0794278991494664
"12267","SUN2",0.786067357849273,0.995548325304691,0.0736859565445246,1,2372.46676115985,-0.0521225325251842
"8827","LYSMD2",0.786218216630793,0.995548325304691,0.0735794840767619,1,2372.46676115985,-0.0425367093017265
"3436","CCDC152",0.786282940044951,0.995548325304691,0.073533829196164,1,2372.46676115985,0.141105194052929
"8194","TGDS",0.786453476209258,0.995548325304691,0.0734136084955049,1,2372.46676115985,-0.0822119249121725
"700","WARS2",0.786456905806373,0.995548325304691,0.0734111918592438,1,2372.46676115985,-0.117797916129497
"11795","MANBAL",0.786803193554648,0.995548325304691,0.0731674029317394,1,2372.46676115985,-0.067127518950761
"6093","UAP1L1",0.786931661071945,0.995548325304691,0.0730770715854381,1,2372.46676115985,0.0745835802175706
"261","SNRNP40",0.786978601746021,0.995548325304691,0.07304408040096,1,2372.46676115985,-0.056724398356799
"5074","CREB3L2",0.787012189113947,0.995548325304691,0.0730204791895181,1,2372.46676115985,0.0377427780626703
"3755","KCTD16",0.787041539415316,0.995548325304691,0.072999858635293,1,2372.46676115985,0.323281219150803
"3989","CDKAL1",0.787056545202885,0.995548325304691,0.0729893172707336,1,2372.46676115985,-0.0262298186750849
"11179","PSMD8",0.787067007631957,0.995548325304691,0.072981968037837,1,2372.46676115985,-0.0331185365981491
"9287","TMEM159",0.787099687703889,0.995548325304691,0.0729590147917955,1,2372.46676115985,0.0760436587729132
"1972","FAM117B",0.787117804232013,0.995548325304691,0.0729462920967476,1,2372.46676115985,-0.119815472059472
"12518","CCDC120",0.787312544035424,0.995548325304691,0.0728096073283404,1,2372.46676115985,0.171328978650355
"10677","MOB3A",0.787367918721811,0.995548325304691,0.0727707658279243,1,2372.46676115985,-0.0444659018628926
"10529","DTNA",0.787408311060656,0.995548325304691,0.0727424404171484,1,2372.46676115985,-0.0780017591438884
"12049","ICOSLG",0.787481777038702,0.995548325304691,0.0726909370474088,1,2372.46676115985,0.086465015304778
"5302","FGFR1",0.787487756797713,0.995548325304691,0.0726867457947112,1,2372.46676115985,-0.0726322925120266
"5458","VPS13B",0.787593335733113,0.995548325304691,0.0726127661666059,1,2372.46676115985,0.0208441698835109
"10887","ZNF625",0.787600396501511,0.995548325304691,0.0726078200962606,1,2372.46676115985,0.0943191300092034
"1561","ZNF638",0.787640415413928,0.995548325304691,0.072579790250614,1,2372.46676115985,0.0218129147088674
"8337","HEATR5A",0.787810728828931,0.995548325304691,0.0724605650944541,1,2372.46676115985,0.034649508653006
"7072","NADSYN1",0.787816793779326,0.995548325304691,0.072456321362026,1,2372.46676115985,-0.0535389231680655
"6064","CAMSAP1",0.787823387822898,0.995548325304691,0.0724517075667718,1,2372.46676115985,-0.0611189420467934
"3817","UBLCP1",0.787896176780768,0.995548325304691,0.0724007882303978,1,2372.46676115985,-0.0498169831719582
"4800","GTF2IRD1",0.787919281378631,0.995548325304691,0.072384629479409,1,2372.46676115985,-0.0688227079867913
"3579","FAM172A",0.788101438558852,0.995548325304691,0.0722573012399661,1,2372.46676115985,-0.0286670666997078
"2800","YEATS2",0.788102605414935,0.995548325304691,0.0722564859926159,1,2372.46676115985,0.0295137725988117
"8817","USP8",0.78814806739892,0.995548325304691,0.072224726906772,1,2372.46676115985,-0.0264032857488386
"776","TNFAIP8L2",0.788221072606657,0.995548325304691,0.0721737421839069,1,2372.46676115985,-0.0666814253539942
"6030","RAPGEF1",0.788348853566029,0.995548325304691,0.0720845501176284,1,2372.46676115985,-0.0186677486167283
"4586","CHST12",0.788460645335938,0.995548325304691,0.0720065671117992,1,2372.46676115985,0.0675284052538796
"5398","ZBTB10",0.788480047815086,0.995548325304691,0.0719930370591854,1,2372.46676115985,0.0910030892122638
"260","NKAIN1",0.788547934684849,0.995548325304691,0.0719457078078659,1,2372.46676115985,0.429455295667562
"620","SLC25A24",0.788636048791815,0.995548325304691,0.0718843014444531,1,2372.46676115985,-0.029906888796143
"3777","CSF1R",0.788725606056713,0.995548325304691,0.0718219181453537,1,2372.46676115985,0.0211108562896293
"9568","COG4",0.788738379031779,0.995548325304691,0.0718130231829258,1,2372.46676115985,-0.0510901378217053
"5189","PPP1R3B",0.788875158331976,0.995548325304691,0.0717178085607746,1,2372.46676115985,-0.112771054924875
"9985","LIG3",0.788924769701332,0.995548325304691,0.0716832898907616,1,2372.46676115985,0.115720293991456
"7425","SLC2A3",0.788995161915249,0.995548325304691,0.0716343275756739,1,2372.46676115985,-0.0475724499741217
"12143","DDT",0.789013789307992,0.995548325304691,0.0716213740246377,1,2372.46676115985,-0.038770297956817
"9017","C15orf40",0.789084823360555,0.995548325304691,0.0715719882273528,1,2372.46676115985,0.0567338865062737
"10451","B3GNTL1",0.78929292535414,0.995548325304691,0.0714274122077013,1,2372.46676115985,0.0886250667600915
"10512","NPC1",0.789506347546409,0.995548325304691,0.0712793027122235,1,2372.46676115985,0.0397304730739939
"1827","PLA2R1",0.789551549057624,0.995548325304691,0.071247955161937,1,2372.46676115985,0.329533939927621
"2438","CACNA2D3",0.789560308259761,0.995548325304691,0.0712418814509963,1,2372.46676115985,0.0814814472149783
"6029","UCK1",0.789640925281731,0.995548325304691,0.0711859938926169,1,2372.46676115985,0.0846747092765133
"5814","FAM120AOS",0.789644780778801,0.995548325304691,0.0711833216670683,1,2372.46676115985,-0.0404618281647432
"3105","ANTXR2",0.78977383262795,0.995548325304691,0.0710939074779427,1,2372.46676115985,0.0273108556252448
"8249","CHAMP1",0.789834260173636,0.995548325304691,0.0710520606541779,1,2372.46676115985,-0.0655869257771257
"2693","PLS1",0.789971208910417,0.995548325304691,0.0709572707940459,1,2372.46676115985,0.15787278705453
"7609","BIN2",0.789981548008453,0.995548325304691,0.0709501172785946,1,2372.46676115985,0.0331428995635681
"12338","ARHGAP8",0.789991334730438,0.995548325304691,0.0709433463022471,1,2372.46676115985,0.0958321420439363
"8460","RAB15",0.790025460711132,0.995548325304691,0.0709197388352972,1,2372.46676115985,0.252366590793469
"5771","TLE1",0.790132643629231,0.995548325304691,0.0708456198341491,1,2372.46676115985,-0.141823191724629
"5204","TUSC3",0.7901474627245,0.995548325304691,0.0708353754168153,1,2372.46676115985,-0.445189772660995
"10141","LRRC37A2",0.790233004254351,0.995548325304691,0.0707762561954453,1,2372.46676115985,-0.0668761576661347
"9572","CMTR2",0.790270427966654,0.995548325304691,0.0707504003348954,1,2372.46676115985,-0.0732480780305869
"6126","AKR1C3",0.790430315254822,0.995548325304691,0.0706399919490802,1,2372.46676115985,-0.265603110883368
"5986","COQ4",0.790475458203407,0.995548325304691,0.070608835699206,1,2372.46676115985,0.0752851960941667
"5601","RPL8",0.790621399652158,0.995548325304691,0.0705081618203505,1,2372.46676115985,-0.0178838576443754
"9495","TERB1",0.790708516719732,0.995548325304691,0.0704481030432203,1,2372.46676115985,-0.383133479919078
"3936","RPP40",0.790734447157548,0.995548325304691,0.0704302318090807,1,2372.46676115985,-0.276021912581557
"551","MCOLN2",0.790737840707079,0.995548325304691,0.070427893157415,1,2372.46676115985,-0.0918340630202107
"517","SRSF11",0.790801697454705,0.995548325304691,0.0703838942736888,1,2372.46676115985,-0.024353727731318
"2644","ASTE1",0.790904333493477,0.995548325304691,0.0703132063300426,1,2372.46676115985,-0.13540307463386
"1161","RRP15",0.790907535057766,0.995548325304691,0.0703110019459867,1,2372.46676115985,0.0989623055664926
"9536","LCAT",0.790988725098954,0.995548325304691,0.0702551122494636,1,2372.46676115985,0.187072419930935
"11196","LRFN1",0.791205477879763,0.995548325304691,0.0701060202084346,1,2372.46676115985,0.247923853774807
"6574","BCCIP",0.791229525295389,0.995548325304691,0.0700894897884912,1,2372.46676115985,-0.0612479496460637
"5809","ZNF484",0.791277937999597,0.995548325304691,0.0700562167660185,1,2372.46676115985,-0.109919589990454
"192","NIPAL3",0.791415177385456,0.995548325304691,0.0699619409973931,1,2372.46676115985,0.0683528530558018
"7382","VWF",0.791567697363519,0.995548325304691,0.0698572479979539,1,2372.46676115985,0.210222513339414
"4468","REPS1",0.79158049786787,0.995548325304691,0.0698484652708141,1,2372.46676115985,-0.042179924504432
"5977","NAIF1",0.791930831146688,0.995548325304691,0.0696083226520976,1,2372.46676115985,-0.139207420925516
"2742","MLF1",0.7920146145783,0.995548325304691,0.0695509572430053,1,2372.46676115985,-0.18925286921702
"834","ZBTB7B",0.792213912793394,0.995548325304691,0.0694146020202923,1,2372.46676115985,0.0603679356714529
"9500","CES2",0.792382171286814,0.995548325304691,0.0692995948432241,1,2372.46676115985,-0.0559970060341139
"1801","RBM43",0.792444109897278,0.995548325304691,0.0692572845589583,1,2372.46676115985,0.0554530360804029
"10759","CAPS",0.792473178165094,0.995548325304691,0.0692374327792359,1,2372.46676115985,0.147139124920739
"3233","LARP1B",0.792505789668802,0.995548325304691,0.0692151648160823,1,2372.46676115985,0.0553781691246474
"4547","AGPAT4",0.792672371702283,0.995548325304691,0.0691014781081421,1,2372.46676115985,-0.0427956749744073
"2498","C3orf38",0.793026822540217,0.995548325304691,0.0688599095686658,1,2372.46676115985,-0.0464464939962809
"9859","CENPV",0.793110024088534,0.995548325304691,0.06880327081719,1,2372.46676115985,0.322862386079022
"1321","PDIA6",0.793175728451414,0.995548325304691,0.0687585607273632,1,2372.46676115985,0.0339334440300454
"6071","CARD9",0.793201508823145,0.995548325304691,0.0687410221053427,1,2372.46676115985,0.0956413520751316
"12310","SREBF2",0.793206369081869,0.995548325304691,0.0687377158948729,1,2372.46676115985,-0.053973352255309
"4486","UTRN",0.793237025940349,0.995548325304691,0.0687168634025429,1,2372.46676115985,-0.0194494085819153
"5935","PDCL",0.793270756345563,0.995548325304691,0.0686939242203452,1,2372.46676115985,0.0581314579360301
"10719","DAPK3",0.793310710408507,0.995548325304691,0.0686667577832739,1,2372.46676115985,0.0821774829905957
"464","HSPB11",0.793394068098106,0.995548325304691,0.0686100978924937,1,2372.46676115985,0.0443102416528291
"9900","ULK2",0.793478633554828,0.995548325304691,0.0685526425942866,1,2372.46676115985,-0.0586668352256403
"5416","RMDN1",0.793587948502333,0.995548325304691,0.0684784101527287,1,2372.46676115985,0.0422519583042122
"9943","SEZ6",0.793632310225709,0.995548325304691,0.0684482977180844,1,2372.46676115985,0.213110692579462
"10806","PRAM1",0.793705088571358,0.995548325304691,0.0683989116000302,1,2372.46676115985,0.0502249974487669
"12111","USP41",0.793965332208719,0.995548325304691,0.068222470571785,1,2372.46676115985,0.421938343838762
"26","SSU72",0.793999303393309,0.995548325304691,0.0681994566129014,1,2372.46676115985,0.0350728102238444
"2854","TNK2",0.794030510516165,0.995548325304691,0.0681783188370682,1,2372.46676115985,-0.0426412978094966
"8571","KCNK10",0.794289030144369,0.995548325304691,0.0680033481855875,1,2372.46676115985,-0.376892093059979
"9602","MON1B",0.794327519797278,0.995548325304691,0.0679773182435926,1,2372.46676115985,0.053403059385698
"6001","KYAT1",0.794617801159223,0.995548325304691,0.0677811769502231,1,2372.46676115985,0.106137941247004
"3227","ANKRD50",0.794660691558257,0.995548325304691,0.0677522218352806,1,2372.46676115985,0.0542090498915191
"7745","CPSF6",0.794676363034215,0.995548325304691,0.0677416437401708,1,2372.46676115985,-0.0389326534112211
"5912","TNFSF8",0.79485408195945,0.995548325304691,0.0676217468760194,1,2372.46676115985,0.053648085768501
"8755","MAPKBP1",0.794998324944077,0.995548325304691,0.0675245176812091,1,2372.46676115985,-0.0767067698794103
"5515","MTSS1",0.795150437838733,0.995548325304691,0.0674220645467832,1,2372.46676115985,-0.0309403624253655
"9164","PRSS27",0.795237943891468,0.995548325304691,0.067363163906804,1,2372.46676115985,0.316736187393443
"6838","SSRP1",0.795301961454232,0.995548325304691,0.067320090855672,1,2372.46676115985,-0.0702637766223709
"8583","CALM1",0.795529080669161,0.995548325304691,0.0671673964287837,1,2372.46676115985,0.021096754475732
"6449","BLOC1S2",0.795562184860656,0.995548325304691,0.0671451556123729,1,2372.46676115985,0.0305519348334695
"4282","KCNQ5",0.79564293807475,0.995548325304691,0.0670909186244442,1,2372.46676115985,-0.476664360915713
"10697","ZNF554",0.795644341341545,0.995548325304691,0.0670899763427994,1,2372.46676115985,-0.17694236009529
"51","CEP104",0.795675792310903,0.995548325304691,0.067068859138648,1,2372.46676115985,0.0561117674993284
"3222","KIAA1109",0.79595231314733,0.995548325304691,0.0668833467194324,1,2372.46676115985,-0.0255161895833469
"615","S1PR1",0.796104710083831,0.995548325304691,0.0667812237541806,1,2372.46676115985,0.211815214015966
"8472","ARG2",0.796135808581053,0.995548325304691,0.0667603945141992,1,2372.46676115985,-0.109911589973895
"3907","CNOT6",0.796153983473054,0.995548325304691,0.0667482228879586,1,2372.46676115985,-0.0507405090722383
"7690","NACA",0.796155488513013,0.995548325304691,0.0667472150239618,1,2372.46676115985,-0.0166634809426166
"8594","NDUFB1",0.796273399738119,0.995548325304691,0.0666682799040105,1,2372.46676115985,0.0266233310932459
"1922","GLS",0.796335124263609,0.995548325304691,0.0666269785726947,1,2372.46676115985,0.0308431306080837
"253","EPB41",0.796352987447519,0.995548325304691,0.0666150284431312,1,2372.46676115985,0.0399917845249923
"761","HORMAD1",0.79635839960349,0.995548325304691,0.0666114080395955,1,2372.46676115985,-0.0975542377981191
"23","VWA1",0.796451553197739,0.995548325304691,0.0665491103911496,1,2372.46676115985,0.235661574424416
"12424","ZRSR2",0.796460282223083,0.995548325304691,0.0665432743375993,1,2372.46676115985,-0.0490604999984222
"1899","DUSP19",0.796504356503869,0.995548325304691,0.0665138113141613,1,2372.46676115985,0.243984683887341
"4788","MLXIPL",0.796539448849946,0.995548325304691,0.0664903575605954,1,2372.46676115985,-0.0860062828081491
"10269","PECAM1",0.796603519145362,0.995548325304691,0.0664475479509159,1,2372.46676115985,0.0219128501631319
"2711","ANKUB1",0.796603697115106,0.995548325304691,0.0664474290580143,1,2372.46676115985,0.0576390898332972
"8957","FAM219B",0.796781144634518,0.995548325304691,0.0663289414669416,1,2372.46676115985,-0.0721152985960959
"5209","CNOT7",0.796808616124918,0.995548325304691,0.0663106079212733,1,2372.46676115985,0.0420399025702435
"3938","LYRM4",0.796840845548398,0.995548325304691,0.066289102536301,1,2372.46676115985,0.0522009105716831
"11953","FP565260.1",0.797112523392593,0.995548325304691,0.0661079707388199,1,2372.46676115985,0.244289712441955
"2255","ITGA9",0.797117118330874,0.995548325304691,0.0661049094948157,1,2372.46676115985,0.0562861866381594
"2930","CYTL1",0.797211876736396,0.995548325304691,0.0660417963099512,1,2372.46676115985,0.287900594277111
"2600","HACD2",0.797212166412586,0.995548325304691,0.066041603422383,1,2372.46676115985,-0.0532726202328767
"12187","TBC1D10A",0.797318707027452,0.995548325304691,0.0659706812630111,1,2372.46676115985,0.0790431146540228
"6441","ENTPD7",0.79755119363877,0.995548325304691,0.0658160601392413,1,2372.46676115985,0.0867622775982236
"4843","ABCB4",0.797652784652477,0.995548325304691,0.0657485551614367,1,2372.46676115985,0.0801888214079169
"11020","CRLF1",0.797698325490777,0.995548325304691,0.0657183062662351,1,2372.46676115985,0.411240779024576
"10324","NT5C",0.797732026982205,0.995548325304691,0.0656959260150874,1,2372.46676115985,0.0691321592005083
"6884","CPSF7",0.797831681640928,0.995548325304691,0.0656297718077867,1,2372.46676115985,-0.0468956802936147
"11340","NPAS1",0.797898063618484,0.995548325304691,0.0655857248626058,1,2372.46676115985,-0.370205823586956
"5158","XRCC2",0.798136465893383,0.995548325304691,0.0654276658539408,1,2372.46676115985,-0.267102955417842
"10890","ZNF563",0.798171588757245,0.995548325304691,0.0654043968166635,1,2372.46676115985,-0.136907543478829
"10619","ATP9B",0.798314513643756,0.995548325304691,0.065309753985232,1,2372.46676115985,0.0218396296967835
"7767","BBS10",0.798350702788178,0.995548325304691,0.0652858016298584,1,2372.46676115985,0.126967132137272
"3083","RCHY1",0.798399509990711,0.995548325304691,0.0652535052259212,1,2372.46676115985,0.0508597359885059
"6102","RNF208",0.798401868205953,0.995548325304691,0.0652519449777088,1,2372.46676115985,0.201329767146199
"5410","CA13",0.798418053608653,0.995548325304691,0.0652412368876793,1,2372.46676115985,-0.176709879249738
"1295","ACP1",0.798420394646615,0.995548325304691,0.065239688159384,1,2372.46676115985,-0.0435680438781495
"3839","FBXW11",0.798428403294653,0.995548325304691,0.0652343901363018,1,2372.46676115985,-0.0265892659350184
"1837","GALNT3",0.798472606901194,0.995548325304691,0.0652051519046396,1,2372.46676115985,0.132574527110826
"11124","ETV2",0.798608117053085,0.995548325304691,0.065115562965513,1,2372.46676115985,0.407782827694101
"29","CDK11B",0.798669627135312,0.995548325304691,0.0650749188538758,1,2372.46676115985,0.0614736214306193
"11460","ZNF610",0.798693800061195,0.995548325304691,0.0650589497716463,1,2372.46676115985,0.168686712287605
"7048","NUDT8",0.798845125031618,0.995548325304691,0.0649590291219323,1,2372.46676115985,0.203099397857454
"73","ERRFI1",0.798863582161478,0.995548325304691,0.0649468473807062,1,2372.46676115985,0.181562573407728
"8859","SLTM",0.799040994412962,0.995548325304691,0.0648298169956378,1,2372.46676115985,-0.0261157188406179
"5011","ST7",0.799045059639677,0.995548325304691,0.0648271366768905,1,2372.46676115985,0.066984372154802
"1488","ERLEC1",0.799153694790175,0.995548325304691,0.0647555323096402,1,2372.46676115985,-0.0431178436872477
"12597","RTL5",0.799163549669822,0.995548325304691,0.0647490387760886,1,2372.46676115985,-0.115983765781471
"4469","ABRACL",0.799174263000526,0.995548325304691,0.064741979989076,1,2372.46676115985,-0.0311863214416844
"6538","DENND10",0.79919624296798,0.995548325304691,0.0647274991359609,1,2372.46676115985,-0.0411348777641839
"5480","ZFPM2",0.799200434947479,0.995548325304691,0.0647247375697503,1,2372.46676115985,-0.145943459368507
"1980","CD28",0.799223652220505,0.995548325304691,0.0647094437746265,1,2372.46676115985,0.11183800225052
"7207","CWF19L2",0.799256575572167,0.995548325304691,0.0646877596428577,1,2372.46676115985,0.040546344613753
"3378","FASTKD3",0.799305610767283,0.995548325304691,0.0646554710255726,1,2372.46676115985,0.13466877142317
"5089","DENND2A",0.799335112477903,0.995548325304691,0.0646360489208125,1,2372.46676115985,0.406453111074493
"1094","SOX13",0.799455809020027,0.995548325304691,0.0645566221176611,1,2372.46676115985,-0.224177431674857
"10863","TMEM205",0.799523662658902,0.995548325304691,0.0645119924838226,1,2372.46676115985,0.0541038259528826
"8951","CLK3",0.799577600504236,0.995548325304691,0.0644765274578144,1,2372.46676115985,-0.0648367880013633
"6121","PFKP",0.799580161873943,0.995548325304691,0.0644748435730033,1,2372.46676115985,0.0633396423730648
"5376","TRAM1",0.799601816445984,0.995548325304691,0.0644606084515257,1,2372.46676115985,0.0254499573097169
"1449","MAP4K3",0.799701362896516,0.995548325304691,0.0643951908680525,1,2372.46676115985,-0.0295521342316982
"4886","TRRAP",0.799726161295844,0.995548325304691,0.0643788999421842,1,2372.46676115985,0.0377474175037848
"7497","ETNK1",0.799851351718668,0.995548325304691,0.0642966915141024,1,2372.46676115985,-0.0250514486382341
"9569","SF3B3",0.799906438601781,0.995548325304691,0.0642605354821321,1,2372.46676115985,0.0517751093827334
"8702","AVEN",0.799982877282512,0.995548325304691,0.064210383219314,1,2372.46676115985,0.0739113981162864
"12196","DUSP18",0.79998882818211,0.995548325304691,0.0642064796425583,1,2372.46676115985,-0.0640899315616592
"9557","CYB5B",0.800007741763416,0.995548325304691,0.0641940738498862,1,2372.46676115985,0.0460133408213783
"9589","MLKL",0.800147625184148,0.995548325304691,0.0641023611452251,1,2372.46676115985,0.0506341235710147
"6443","COX15",0.800180255685031,0.995548325304691,0.064080977426375,1,2372.46676115985,0.0500490422091286
"4852","CLDN12",0.800186121450422,0.995548325304691,0.0640771338217667,1,2372.46676115985,0.0886076866669478
"4213","KLHDC3",0.800297839629894,0.995548325304691,0.0640039527215571,1,2372.46676115985,0.052036349109969
"1628","MRPL35",0.800359728583738,0.995548325304691,0.0639634314529406,1,2372.46676115985,0.0580813080992497
"8689","ARHGAP11B",0.800444838380236,0.995548325304691,0.0639077288302038,1,2372.46676115985,0.0981131997041242
"3713","PAIP2",0.800486907155519,0.995548325304691,0.0638802052103477,1,2372.46676115985,-0.0291251973291702
"3193","OSTC",0.800523881430861,0.995548325304691,0.0638560198895914,1,2372.46676115985,0.0415100408513452
"4476","AIG1",0.800533558155645,0.995548325304691,0.0638496910312022,1,2372.46676115985,0.0453136468131938
"12127","SDF2L1",0.800545010395226,0.995548325304691,0.0638422013658239,1,2372.46676115985,-0.0575575863110784
"6621","PIDD1",0.800768337128787,0.995548325304691,0.063696241029533,1,2372.46676115985,-0.154959154419852
"224","NUDC",0.800809328852275,0.995548325304691,0.0636694692440337,1,2372.46676115985,-0.0355936533982812
"7984","OGFOD2",0.800869065591449,0.995548325304691,0.063630465764425,1,2372.46676115985,0.109271169830859
"1625","POLR1A",0.801079196573782,0.995548325304691,0.0634933674413537,1,2372.46676115985,-0.0705526534503646
"7101","C2CD3",0.801108369120206,0.995548325304691,0.0634743464714155,1,2372.46676115985,0.0472463743822306
"1513","CCT4",0.801186178332662,0.995548325304691,0.0634236284325324,1,2372.46676115985,-0.0386043445676301
"7349","THYN1",0.801371998949801,0.995548325304691,0.0633025929990168,1,2372.46676115985,0.0603388119552143
"11329","MYPOP",0.801481677714029,0.995548325304691,0.0632312107292475,1,2372.46676115985,-0.0849345989055549
"8729","INAFM2",0.801496144685278,0.995548325304691,0.063221798381426,1,2372.46676115985,-0.0810848459912768
"3885","NHP2",0.801517309142365,0.995548325304691,0.063208029928206,1,2372.46676115985,0.0638882918108955
"139","ATP13A2",0.801565480384363,0.995548325304691,0.0631766982621743,1,2372.46676115985,-0.0772647851302928
"11781","AAR2",0.801572462267654,0.995548325304691,0.0631721577724775,1,2372.46676115985,0.0809023625191146
"5835","TSTD2",0.801759014507418,0.995548325304691,0.0630509025208525,1,2372.46676115985,-0.0677288577279239
"10640","R3HDM4",0.801795901729532,0.995548325304691,0.0630269412222502,1,2372.46676115985,0.0703906795064734
"12456","IL1RAPL1",0.801821021221323,0.995548325304691,0.0630106268075848,1,2372.46676115985,-0.299127418780569
"11127","IGFLR1",0.801867480046671,0.995548325304691,0.0629804590017624,1,2372.46676115985,0.0291603259408505
"6844","SMTNL1",0.801870080345895,0.995548325304691,0.0629787707373836,1,2372.46676115985,-0.36438347497136
"8802","SQOR",0.801898038243428,0.995548325304691,0.0629606203758424,1,2372.46676115985,0.0266596235595995
"9932","RAB34",0.801942957992329,0.995548325304691,0.0629314641457491,1,2372.46676115985,-0.051038039647278
"3461","IL6ST",0.802007940769096,0.995548325304691,0.0628892982327915,1,2372.46676115985,0.037635473618391
"11724","HM13",0.802020104553463,0.995548325304691,0.0628814070861036,1,2372.46676115985,-0.0254523040664009
"4965","NAPEPLD",0.802035415185255,0.995548325304691,0.0628714751982768,1,2372.46676115985,0.0787558328874866
"607","TRMT13",0.802064704860931,0.995548325304691,0.0628524775364496,1,2372.46676115985,0.0913988932842577
"6941","FKBP2",0.802073294872629,0.995548325304691,0.0628469065225863,1,2372.46676115985,0.100956103376012
"1776","NCKAP5",0.802082024917849,0.995548325304691,0.0628412449594881,1,2372.46676115985,0.452572596829152
"1213","RHOU",0.802233054873304,0.995548325304691,0.0627433427096143,1,2372.46676115985,0.0588514690011292
"9178","ZNF213",0.802314024257115,0.995548325304691,0.0626908892701149,1,2372.46676115985,-0.114756082105107
"4592","GNA12",0.802651737389896,0.995548325304691,0.0624723638948091,1,2372.46676115985,-0.0269382187650483
"10117","GRN",0.802692770720056,0.995548325304691,0.0624458399150572,1,2372.46676115985,0.0146348413106536
"2073","SP140L",0.802896867552013,0.995548325304691,0.0623140004401084,1,2372.46676115985,0.0362999327127662
"1092","ZC3H11A",0.80298336508752,0.995548325304691,0.0622581706860785,1,2372.46676115985,0.278646420872462
"12082","BCL2L13",0.803030538155088,0.995548325304691,0.062227734073909,1,2372.46676115985,0.0360089103796148
"5760","OSTF1",0.803080442122396,0.995548325304691,0.0621955440579604,1,2372.46676115985,0.0250347044549201
"6068","QSOX2",0.80314463961958,0.995548325304691,0.0621541471640349,1,2372.46676115985,-0.167805704054035
"3556","DHFR",0.803463035650296,0.995548325304691,0.06194905006742,1,2372.46676115985,-0.0802380886542743
"2683","PXYLP1",0.803835044234064,0.995548325304691,0.0617098739770675,1,2372.46676115985,-0.19250411740492
"1207","MRPL55",0.803909216968142,0.995548325304691,0.0616622447075751,1,2372.46676115985,0.0552645784796266
"5630","MLANA",0.803918452006704,0.995548325304691,0.0616563158877977,1,2372.46676115985,-0.359372452722681
"12278","PDGFB",0.804134192791289,0.995548325304691,0.0615178981598431,1,2372.46676115985,0.0852248743750751
"5465","YWHAZ",0.804140236881904,0.995548325304691,0.0615140226928036,1,2372.46676115985,0.0194406094496961
"11324","QPCTL",0.804161946956537,0.995548325304691,0.0615001032755325,1,2372.46676115985,0.101921794872988
"2556","CCDC191",0.804242427650232,0.995548325304691,0.0614485176545507,1,2372.46676115985,0.070880153746151
"7784","DUSP6",0.804365079509358,0.995548325304691,0.061369945812328,1,2372.46676115985,-0.0308866823187089
"11817","IFT52",0.804489857747562,0.995548325304691,0.0612900665380394,1,2372.46676115985,-0.0710247151231731
"12503","TBC1D25",0.804510327058978,0.995548325304691,0.0612769679719347,1,2372.46676115985,0.0968043086496382
"2848","LSG1",0.804639146619444,0.995548325304691,0.0611945688312132,1,2372.46676115985,0.074327574250526
"8509","PNMA1",0.804654331090679,0.995548325304691,0.0611848599946354,1,2372.46676115985,-0.117081194839966
"7469","APOLD1",0.804655780293496,0.995548325304691,0.0611839334279938,1,2372.46676115985,0.122997100834689
"1808","STAM2",0.804987049189462,0.995548325304691,0.0609723276978732,1,2372.46676115985,-0.0385265215719443
"479","DAB1",0.805186953767372,0.995548325304691,0.0608448221360523,1,2372.46676115985,0.111829089699059
"360","ZNF684",0.805226508409166,0.995548325304691,0.0608196096938126,1,2372.46676115985,-0.08979064587833
"9671","ZNF276",0.805294523040542,0.995548325304691,0.0607762695876388,1,2372.46676115985,-0.0872551524970441
"7104","PGM2L1",0.805299249815741,0.995548325304691,0.0607732582132515,1,2372.46676115985,-0.057609786035363
"4776","SBDS",0.805833097476024,0.995548325304691,0.0604336590936817,1,2372.46676115985,-0.0451282323573748
"10031","FBXL20",0.805896338028181,0.995548325304691,0.0603934964190265,1,2372.46676115985,0.0263501055801989
"11570","ZNF773",0.805978866589132,0.995548325304691,0.0603411056478771,1,2372.46676115985,-0.138660116451318
"7222","ARHGAP20",0.806017529560069,0.995548325304691,0.0603165699172986,1,2372.46676115985,0.207673563119811
"8742","ZFYVE19",0.80602290837574,0.995548325304691,0.0603131569109654,1,2372.46676115985,0.0711990834887008
"7536","CPNE8",0.806031184420204,0.995548325304691,0.0603079057333302,1,2372.46676115985,-0.02626733461544
"9639","IRF8",0.806216346641877,0.995548325304691,0.0601904830652183,1,2372.46676115985,0.0378863688484809
"11510","LILRB4",0.806526177560983,0.995548325304691,0.0599942716706294,1,2372.46676115985,-0.0268331106202255
"2559","LSAMP",0.806606788360038,0.995548325304691,0.0599432776940887,1,2372.46676115985,-0.259835467841898
"4999","IFRD1",0.806615179350376,0.995548325304691,0.0599379709173965,1,2372.46676115985,0.0445239936651664
"9202","CDIP1",0.806696884763107,0.995548325304691,0.0598863103692773,1,2372.46676115985,0.0792036917266227
"7724","C12orf66",0.806723142059224,0.995548325304691,0.0598697134666239,1,2372.46676115985,0.157256887157588
"3185","TBCK",0.806747206154181,0.995548325304691,0.0598545049994636,1,2372.46676115985,0.0287544936316774
"7664","RAB5B",0.806824695303231,0.995548325304691,0.0598055459010751,1,2372.46676115985,0.0476478364547848
"1489","PSME4",0.806940942266747,0.995548325304691,0.0597321387004732,1,2372.46676115985,0.030547170304492
"11711","GZF1",0.807062461764682,0.995548325304691,0.0596554530893017,1,2372.46676115985,0.065055431452894
"6053","SLC2A6",0.80731445523166,0.995548325304691,0.0594965974261782,1,2372.46676115985,0.0967092070408288
"3473","SMIM15",0.807387340618848,0.995548325304691,0.0594506926099971,1,2372.46676115985,-0.0464476506277883
"5062","BPGM",0.807585594073094,0.995548325304691,0.0593259231900791,1,2372.46676115985,-0.0764102042331268
"636","CYB561D1",0.807623723354523,0.995548325304691,0.0593019427139147,1,2372.46676115985,-0.0799146767492959
"5147","FASTK",0.807667743715938,0.995548325304691,0.0592742635740306,1,2372.46676115985,-0.0596838375738247
"3514","PTCD2",0.807794188941206,0.995548325304691,0.0591947953597114,1,2372.46676115985,0.0929423443298906
"2698","SLC9A9",0.807856128898888,0.995548325304691,0.0591558879783783,1,2372.46676115985,0.023971383092161
"2065","COL4A3",0.807884353020149,0.995548325304691,0.0591381635822097,1,2372.46676115985,-0.353328306673629
"9526","GFOD2",0.807889414951958,0.995548325304691,0.059134985049636,1,2372.46676115985,0.0771851012048984
"2605","ITGB5",0.807891777545991,0.995548325304691,0.0591335015398585,1,2372.46676115985,-0.0232911625114559
"8405","FERMT2",0.807986456089973,0.995548325304691,0.0590740676201381,1,2372.46676115985,0.166988157275904
"10848","CDKN2D",0.808045299906645,0.995548325304691,0.0590371446950009,1,2372.46676115985,-0.253176501319492
"4531","GTF2H5",0.808061633631954,0.995548325304691,0.0590268978856373,1,2372.46676115985,0.0388650837454848
"8399","TXNDC16",0.808067493614437,0.995548325304691,0.0590232219101557,1,2372.46676115985,0.0671947966225042
"12007","SETD4",0.808097244415012,0.995548325304691,0.0590045610599735,1,2372.46676115985,-0.0791668843665332
"8084","N4BP2L2",0.808145385162833,0.995548325304691,0.0589743719436483,1,2372.46676115985,-0.0163131260409218
"12280","SYNGR1",0.808293639900263,0.995548325304691,0.0588814526202579,1,2372.46676115985,0.0646884342771415
"5988","URM1",0.80830419834187,0.995548325304691,0.0588748380286108,1,2372.46676115985,0.0569532479546193
"1078","PTPN7",0.808308449431453,0.995548325304691,0.0588721749416024,1,2372.46676115985,-0.0538100797227733
"2419","STAB1",0.808308734449236,0.995548325304691,0.0588719963950338,1,2372.46676115985,0.0243315807799689
"4619","ZNF12",0.808354037699371,0.995548325304691,0.0588436202668369,1,2372.46676115985,-0.0647581931414613
"1867","SP3",0.808421905394985,0.995548325304691,0.0588011242326112,1,2372.46676115985,0.023996726354319
"2019","ARPC2",0.808544563867657,0.995548325304691,0.058724361638227,1,2372.46676115985,-0.0139352777441225
"9258","ABCC1",0.808637725517326,0.995548325304691,0.0586660943276749,1,2372.46676115985,-0.0278498784884882
"2230","AZI2",0.8086991524162,0.995548325304691,0.058627692047719,1,2372.46676115985,0.0329828205920641
"7908","OAS3",0.808740225255904,0.995548325304691,0.0586020219487709,1,2372.46676115985,-0.0268099597454229
"12342","FAM118A",0.808871134055481,0.995548325304691,0.0585202450117853,1,2372.46676115985,0.0730764731877007
"10524","B4GALT6",0.808879647441431,0.995548325304691,0.0585149289091531,1,2372.46676115985,0.182297648370694
"6608","SIGIRR",0.80916632523649,0.995548325304691,0.0583360649022752,1,2372.46676115985,-0.055675084668373
"7453","MAGOHB",0.80926211709222,0.995548325304691,0.0582763630362339,1,2372.46676115985,-0.089259620139941
"10929","C19orf57",0.809311105701541,0.995548325304691,0.0582458435953805,1,2372.46676115985,0.384552661874465
"2477","UBA3",0.809424989261215,0.995548325304691,0.0581749279031084,1,2372.46676115985,-0.0325042850426333
"10144","GOSR2",0.809463091661128,0.995548325304691,0.0581512116101968,1,2372.46676115985,0.0461775409032704
"10830","P2RY11",0.809589652503429,0.995548325304691,0.0580724723481893,1,2372.46676115985,0.0472426374676011
"2735","SSR3",0.809631893682081,0.995548325304691,0.0580462047508754,1,2372.46676115985,0.0264006312426632
"7751","MYRFL",0.809747554472024,0.995548325304691,0.0579743134807415,1,2372.46676115985,0.197987289639172
"1940","MOB4",0.80977196884259,0.995548325304691,0.0579591442662252,1,2372.46676115985,0.0410435669694836
"9535","PSMB10",0.809839185997136,0.995548325304691,0.0579173915385556,1,2372.46676115985,0.0328759083457766
"6637","TNNT3",0.809884103644103,0.995548325304691,0.0578894992843155,1,2372.46676115985,0.271198201284178
"1696","IL1R1",0.809955267595312,0.995548325304691,0.0578453235616396,1,2372.46676115985,0.0501835340065362
"11232","EGLN2",0.810055639885944,0.995548325304691,0.0577830467957175,1,2372.46676115985,-0.039847959714562
"9981","CCL8",0.810066684896594,0.995548325304691,0.0577761960002165,1,2372.46676115985,0.0830358297781772
"10837","ICAM5",0.810166624351409,0.995548325304691,0.0577142269283012,1,2372.46676115985,0.126211923039152
"7217","EXPH5",0.810173556166264,0.995548325304691,0.0577099300489583,1,2372.46676115985,0.209486566223241
"11502","LAIR1",0.810281968008757,0.995548325304691,0.057642749950505,1,2372.46676115985,-0.0325805055343379
"4894","ATP5MF",0.810467639463744,0.995548325304691,0.0575277901271189,1,2372.46676115985,0.0240372284491818
"2128","FARP2",0.810501341009331,0.995548325304691,0.0575069365842413,1,2372.46676115985,-0.047581687887905
"3475","KIF2A",0.810524342805151,0.995548325304691,0.0574927060328538,1,2372.46676115985,0.0321975062357937
"5059","LRGUK",0.810564023573949,0.995548325304691,0.0574681610564807,1,2372.46676115985,-0.0819786971585243
"1889","PLEKHA3",0.810627115712949,0.995548325304691,0.0574291461298808,1,2372.46676115985,0.0462160590867303
"2945","GRPEL1",0.810727728597025,0.995548325304691,0.0573669581014587,1,2372.46676115985,-0.056035545029383
"6165","RPP38",0.810843613715356,0.995548325304691,0.0572953745675243,1,2372.46676115985,-0.052377517136285
"7888","PPTC7",0.810975980882588,0.995548325304691,0.0572136676946847,1,2372.46676115985,-0.0419002879770555
"502","LEPR",0.81099287884447,0.995548325304691,0.0572032414508784,1,2372.46676115985,0.0519753357050611
"7837","TXNRD1",0.811065070414215,0.995548325304691,0.0571587097041559,1,2372.46676115985,-0.0296821813439483
"11806","PPP1R16B",0.811109896840562,0.995548325304691,0.0571310675144409,1,2372.46676115985,0.278230865218691
"7946","TRIAP1",0.811151801295206,0.995548325304691,0.0571052335484221,1,2372.46676115985,-0.0568146519999546
"9423","ORC6",0.811183235568313,0.995548325304691,0.0570858584708128,1,2372.46676115985,0.169175796045688
"7174","AMOTL1",0.811357293119149,0.995548325304691,0.0569786378718828,1,2372.46676115985,0.127685776799418
"12439","SH3KBP1",0.811456261532955,0.995548325304691,0.0569177201832896,1,2372.46676115985,0.0189333908885108
"11947","TCEA2",0.811545401492567,0.995548325304691,0.0568628816457504,1,2372.46676115985,-0.0826822779279835
"2971","DCAF16",0.811586163996503,0.995548325304691,0.0568378140279818,1,2372.46676115985,0.0718023321507449
"8168","DIAPH3",0.811592124689282,0.995548325304691,0.0568341488847676,1,2372.46676115985,0.347929216876626
"6935","STIP1",0.811619325062734,0.995548325304691,0.0568174253564464,1,2372.46676115985,0.045493918074742
"4784","FZD9",0.811659397798119,0.995548325304691,0.0567927922884074,1,2372.46676115985,-0.346588659523594
"963","MPZL1",0.811691578926221,0.995548325304691,0.0567730143482658,1,2372.46676115985,0.031510958139827
"6762","RCN1",0.811699776668481,0.995548325304691,0.0567679767456531,1,2372.46676115985,-0.0583971114756954
"7197","PDGFD",0.811802913521008,0.995548325304691,0.0567046181961992,1,2372.46676115985,-0.468152456656402
"11101","PDCD2L",0.81196212455315,0.995548325304691,0.0566068858112016,1,2372.46676115985,0.141646262907856
"7035","POLD4",0.812008710828391,0.995548325304691,0.0565783054673983,1,2372.46676115985,-0.0287165662567062
"3298","PPID",0.812044221687052,0.995548325304691,0.0565565249332488,1,2372.46676115985,0.0464705263833758
"7316","SLC37A2",0.812047350626914,0.995548325304691,0.0565546060148639,1,2372.46676115985,0.0374332574215132
"5284","NRG1",0.812090772578441,0.995548325304691,0.0565279797213468,1,2372.46676115985,0.452388976025546
"11174","SIPA1L3",0.812123018068169,0.995548325304691,0.0565082111079616,1,2372.46676115985,0.0311901099359331
"10553","ST8SIA5",0.8124317431168,0.995548325304691,0.0563191271557042,1,2372.46676115985,0.38270330343514
"2360","C3orf62",0.812443462296539,0.995548325304691,0.0563119561375882,1,2372.46676115985,-0.0643983715690282
"3801","GALNT10",0.812604084677694,0.995548325304691,0.056213719190838,1,2372.46676115985,-0.0438708911414528
"2816","MAGEF1",0.812619014444975,0.995548325304691,0.0562045927187234,1,2372.46676115985,-0.104665017242411
"4942","PLOD3",0.812624759213509,0.995548325304691,0.0562010811866253,1,2372.46676115985,-0.0527387043991912
"12039","U2AF1",0.812670760665382,0.995548325304691,0.0561729666387675,1,2372.46676115985,0.105383989995045
"11804","RALGAPB",0.812719903801631,0.995548325304691,0.0561429402060008,1,2372.46676115985,0.0361946083655488
"8667","BTBD6",0.81272535941716,0.995548325304691,0.0561396073503606,1,2372.46676115985,0.0775980786364184
"10705","S1PR4",0.812727246117525,0.995548325304691,0.0561384547824668,1,2372.46676115985,-0.344686494913014
"915","F11R",0.812804063278268,0.995548325304691,0.0560915384971577,1,2372.46676115985,0.030382156293887
"8445","HIF1A",0.812810131932948,0.995548325304691,0.0560878329329957,1,2372.46676115985,0.0177667099188551
"5810","FGD3",0.812987452414963,0.995548325304691,0.0559796168402474,1,2372.46676115985,0.0344423013304508
"5764","PRUNE2",0.812993104599995,0.995548325304691,0.0559761692093213,1,2372.46676115985,-0.0771507732552251
"1936","SF3B1",0.813096472778015,0.995548325304691,0.0559131380868981,1,2372.46676115985,-0.0213833183991894
"6980","ZNRD2",0.813122766619683,0.995548325304691,0.0558971107942452,1,2372.46676115985,0.0613323066151606
"6094","MAN1B1",0.813378157338096,0.995548325304691,0.0557415647323995,1,2372.46676115985,0.0471099302336925
"11537","ZNF865",0.81343831530133,0.995548325304691,0.0557049587394655,1,2372.46676115985,-0.0981312685586723
"11392","ALDH16A1",0.813742810921404,0.995548325304691,0.0555198685095212,1,2372.46676115985,0.057126373832828
"3029","CNGA1",0.813800923292633,0.995548325304691,0.0554845813598185,1,2372.46676115985,0.287103150809243
"8218","EFNB2",0.813823732076754,0.995548325304691,0.055470734584392,1,2372.46676115985,0.313891937391666
"6052","CACFD1",0.813827117647226,0.995548325304691,0.0554686794249423,1,2372.46676115985,0.151891344340596
"2058","AP1S3",0.813948620312025,0.995548325304691,0.0553949496645694,1,2372.46676115985,0.0647791873173937
"11470","ZNF468",0.813981113500009,0.995548325304691,0.0553752410487935,1,2372.46676115985,0.115772876459503
"10395","SGSH",0.814007498246351,0.995548325304691,0.0553592402070039,1,2372.46676115985,-0.06020883685356
"10534","ZNF396",0.814018865484546,0.995548325304691,0.0553523473783264,1,2372.46676115985,-0.160155942293787
"6284","RUFY2",0.814096283711663,0.995548325304691,0.0553054148131998,1,2372.46676115985,-0.0494747967973466
"9826","SLC25A35",0.814205729597052,0.995548325304691,0.0552391022431656,1,2372.46676115985,-0.126103553086168
"4898","FAM200A",0.814256345063234,0.995548325304691,0.0552084488477092,1,2372.46676115985,-0.0773392379008252
"1572","TPRKB",0.814310986158818,0.995548325304691,0.0551753675544475,1,2372.46676115985,-0.0524547985277388
"2123","PASK",0.81435096888904,0.995548325304691,0.0551511674859824,1,2372.46676115985,0.276052812581863
"2083","PDE6D",0.81438553095293,0.995548325304691,0.0551302528599619,1,2372.46676115985,0.045101616503548
"11142","POLR2I",0.814408654189865,0.995548325304691,0.0551162625758534,1,2372.46676115985,0.0406623356529869
"11030","SLC25A42",0.814606316521662,0.995548325304691,0.0549967471031452,1,2372.46676115985,-0.129916314451972
"12231","IFT27",0.814609429855258,0.995548325304691,0.0549948657374256,1,2372.46676115985,0.073623109538184
"11094","WDR88",0.814636078414828,0.995548325304691,0.0549787635882154,1,2372.46676115985,-0.251114857269653
"1821","DAPL1",0.8146650630721,0.995548325304691,0.0549612526971859,1,2372.46676115985,-0.147362870743977
"1812","NR4A2",0.814732134327296,0.995548325304691,0.0549207433193452,1,2372.46676115985,-0.079387730602512
"6289","STOX1",0.814732182664456,0.995548325304691,0.0549207141305784,1,2372.46676115985,0.303504428728152
"4962","FBXL13",0.814907996198057,0.995548325304691,0.0548146019096394,1,2372.46676115985,-0.12202132409173
"8370","FANCM",0.815089443282632,0.995548325304691,0.0547052030472154,1,2372.46676115985,0.0682128269974858
"8543","ESRRB",0.815341215566448,0.995548325304691,0.054553594318553,1,2372.46676115985,-0.111071154707858
"7165","CEP295",0.815414681841803,0.995548325304691,0.0545093972326724,1,2372.46676115985,-0.0448420466587474
"2176","ATG7",0.815436944008633,0.995548325304691,0.0544960081102155,1,2372.46676115985,-0.0158568129518124
"11140","THAP8",0.815638510984667,0.995548325304691,0.0543748587284121,1,2372.46676115985,-0.0970198105934102
"6675","DNHD1",0.815655852759997,0.995548325304691,0.0543644423059724,1,2372.46676115985,-0.0502311742515171
"6311","VSIR",0.815689004646498,0.995548325304691,0.0543445323907013,1,2372.46676115985,0.0269507885473882
"350","MFSD2A",0.815755568412843,0.995548325304691,0.0543045680262412,1,2372.46676115985,0.160645097411025
"3121","HELQ",0.815770145499035,0.995548325304691,0.0542958181264642,1,2372.46676115985,0.0422911908872067
"6622","RPLP2",0.815863587592028,0.995548325304691,0.0542397471382149,1,2372.46676115985,0.0165883601221249
"5486","EBAG9",0.815967164003076,0.995548325304691,0.0541776306228963,1,2372.46676115985,-0.0467139851824725
"8530","ACYP1",0.816061494696589,0.995548325304691,0.0541210915627504,1,2372.46676115985,-0.114648267039182
"1698","MFSD9",0.81609151569727,0.995548325304691,0.0541031043795247,1,2372.46676115985,0.0905434487960982
"5443","C8orf37",0.816102705989461,0.995548325304691,0.0540964004846864,1,2372.46676115985,-0.174584300752127
"5259","PTK2B",0.81613264170734,0.995548325304691,0.0540784687081032,1,2372.46676115985,-0.0245930196460174
"2225","NGLY1",0.816146072720888,0.995548325304691,0.0540704244229128,1,2372.46676115985,-0.0378127387866548
"1029","DHX9",0.81615241396608,0.995548325304691,0.0540666266573381,1,2372.46676115985,-0.0350473899438874
"6145","PROSER2",0.816158430969308,0.995548325304691,0.0540630232099515,1,2372.46676115985,0.191839308375775
"1630","KDM3A",0.816218529205697,0.995548325304691,0.0540270386789495,1,2372.46676115985,-0.0356054472349734
"3905","RASGEF1C",0.816253084937061,0.995548325304691,0.0540063537429557,1,2372.46676115985,-0.111960631588322
"4004","HFE",0.816296075622733,0.995548325304691,0.0539806255010109,1,2372.46676115985,0.0738904908813025
"6977","FRMD8",0.816547175438656,0.995548325304691,0.0538304811557144,1,2372.46676115985,-0.0699209173077314
"12096","MRPL40",0.816562307833613,0.995548325304691,0.0538214398279685,1,2372.46676115985,0.0333717236750868
"6379","FAS",0.816651786073331,0.995548325304691,0.0537679945800352,1,2372.46676115985,0.0697628894264394
"4479","FUCA2",0.816659428441943,0.995548325304691,0.05376343109902,1,2372.46676115985,-0.0309809162799681
"5400","PAG1",0.816761386458677,0.995548325304691,0.0537025685186148,1,2372.46676115985,0.0377562760135219
"7890","HVCN1",0.81699936942598,0.995548325304691,0.0535606488397434,1,2372.46676115985,-0.0486969100005809
"12358","PANX2",0.817097393858642,0.995548325304691,0.053502250097276,1,2372.46676115985,-0.198586586648296
"11928","ARFGAP1",0.817097675297893,0.995548325304691,0.0535020824761856,1,2372.46676115985,0.0570596356251822
"4974","PUS7",0.817193436162038,0.995548325304691,0.053445064769503,1,2372.46676115985,0.0795279040082762
"8704","EMC7",0.817194141470977,0.995548325304691,0.0534446449349285,1,2372.46676115985,0.0384647940454069
"883","HDGF",0.817220096599495,0.995548325304691,0.0534291963739088,1,2372.46676115985,-0.0416939708152379
"9142","GFER",0.817235117589084,0.995548325304691,0.0534202569159051,1,2372.46676115985,-0.0600441963825991
"10777","ADGRE1",0.817289673251331,0.995548325304691,0.0533877957719881,1,2372.46676115985,-0.148403483610116
"8365","C14orf28",0.817325830122958,0.995548325304691,0.053366287811688,1,2372.46676115985,0.119279763831116
"9173","HCFC1R1",0.817377936970426,0.995548325304691,0.0533353000172897,1,2372.46676115985,-0.0360933404582206
"1740","INSIG2",0.817501617461775,0.995548325304691,0.0532617855320248,1,2372.46676115985,-0.0488864339418054
"6176","STAM",0.817764570492859,0.995548325304691,0.0531056662391019,1,2372.46676115985,-0.0347228265223345
"6843","TIMM10",0.817767890498088,0.995548325304691,0.0531036966431802,1,2372.46676115985,-0.0469245692356994
"10170","ABI3",0.817874534276502,0.995548325304691,0.0530404505922634,1,2372.46676115985,0.0310303506628224
"9841","DNAH9",0.817947755819968,0.995548325304691,0.052997048875506,1,2372.46676115985,-0.247867588662984
"7765","PHLDA1",0.817967135429413,0.995548325304691,0.0529855648361859,1,2372.46676115985,0.0443467263191203
"2480","FRMD4B",0.818009172710777,0.995548325304691,0.0529606587352138,1,2372.46676115985,0.0202389776475427
"3368","CLPTM1L",0.81822509314051,0.995548325304691,0.0528328281093958,1,2372.46676115985,-0.0432579643965164
"11823","SERINC3",0.818471231044295,0.995548325304691,0.0526873062740609,1,2372.46676115985,-0.0302172733349601
"4560","TCTE3",0.818630880499557,0.995548325304691,0.0525930311551223,1,2372.46676115985,-0.178783668329214
"1646","FAHD2A",0.818649300460384,0.995548325304691,0.052582159642006,1,2372.46676115985,0.0735387698054124
"10152","MRPL10",0.818657675963509,0.995548325304691,0.0525772167875065,1,2372.46676115985,0.0811292386663764
"10311","CD300E",0.818885692875436,0.995548325304691,0.0524427451561822,1,2372.46676115985,-0.120881845071554
"12443","MBTPS2",0.818888731064934,0.995548325304691,0.0524409546252218,1,2372.46676115985,-0.0617931969211458
"3419","CPLANE1",0.819150204661415,0.995548325304691,0.0522869779129103,1,2372.46676115985,0.0364695394956631
"3641","PRDM6",0.819191990200948,0.995548325304691,0.0522623932992869,1,2372.46676115985,0.414278882807163
"6722","PDE3B",0.819271210790301,0.995548325304691,0.0522158003911591,1,2372.46676115985,0.0432072908112538
"4928","LRCH4",0.819300781975031,0.995548325304691,0.0521984139570688,1,2372.46676115985,0.0383156019151253
"8771","UBR1",0.819347605088815,0.995548325304691,0.0521708904489878,1,2372.46676115985,0.0289173868302511
"9609","CMC2",0.81964924419369,0.995548325304691,0.0519937643543827,1,2372.46676115985,0.0333823713193071
"5296","LSM1",0.819678346102836,0.995548325304691,0.0519766921249711,1,2372.46676115985,-0.0448889028343149
"8949","UBL7",0.820052799198036,0.995548325304691,0.0517572874933825,1,2372.46676115985,0.066169023356513
"4830","PHTF2",0.820075557897833,0.995548325304691,0.0517439681420111,1,2372.46676115985,0.02805599306343
"7298","TECTA",0.820172324777563,0.995548325304691,0.0516873562084953,1,2372.46676115985,0.206482949750304
"7801","METAP2",0.820219420840295,0.995548325304691,0.0516598151911445,1,2372.46676115985,0.0307014589081459
"8342","NPAS3",0.820321780578025,0.995548325304691,0.0515999834864556,1,2372.46676115985,-0.202542609252542
"4063","LTB",0.820349183147686,0.995548325304691,0.0515839722182693,1,2372.46676115985,-0.155247008628532
"12656","BEX2",0.820355224898893,0.995548325304691,0.0515804423863148,1,2372.46676115985,-0.175095656727502
"2516","NIT2",0.820456206715765,0.995548325304691,0.0515214635834548,1,2372.46676115985,-0.0677891183540856
"3167","DNAJB14",0.820498572636961,0.995548325304691,0.0514967301750905,1,2372.46676115985,-0.0258484274135124
"6897","ASRGL1",0.820559415993193,0.995548325304691,0.051461220482806,1,2372.46676115985,-0.0570908687976155
"5018","FAM3C",0.820622204671855,0.995548325304691,0.051424588953638,1,2372.46676115985,-0.0456948962502975
"10474","RAB12",0.820673945023568,0.995548325304691,0.0513944134323934,1,2372.46676115985,-0.0352597661037561
"6552","TACC2",0.820720538497316,0.995548325304691,0.0513672475928039,1,2372.46676115985,-0.331502325902462
"12009","CBR3",0.820834029007259,0.995548325304691,0.0513011097258259,1,2372.46676115985,-0.106361634568897
"5210","VPS37A",0.820855056456852,0.995548325304691,0.0512888606621771,1,2372.46676115985,0.0352719170997887
"2443","ARHGEF3",0.820920954198494,0.995548325304691,0.0512504833874269,1,2372.46676115985,-0.0300533169698198
"12388","AKAP17A",0.820933032857586,0.995548325304691,0.0512434507016495,1,2372.46676115985,-0.0454284477187366
"3659","FNIP1",0.821062224279774,0.995548325304691,0.0511682619384875,1,2372.46676115985,0.0217450570724017
"4670","HOXA1",0.821156891886026,0.995548325304691,0.0511132027027172,1,2372.46676115985,-0.237536349424988
"1021","KIAA1614",0.821407933267862,0.995548325304691,0.0509673463973726,1,2372.46676115985,0.359793128100371
"11309","MARK4",0.821413123916991,0.995548325304691,0.0509643329153832,1,2372.46676115985,-0.0430120997569661
"10253","CYB561",0.821639036736089,0.995548325304691,0.0508332677356678,1,2372.46676115985,0.0722384198729778
"6900","TUT1",0.821674047195096,0.995548325304691,0.0508129720001355,1,2372.46676115985,-0.0885047459079149
"9653","SNAI3",0.821860536042428,0.995548325304691,0.0507049352468773,1,2372.46676115985,0.112726753875156
"10750","SAFB",0.821924984595345,0.995548325304691,0.0506676269879059,1,2372.46676115985,-0.030020368045882
"12619","HMGN5",0.821940183677126,0.995548325304691,0.0506588305795677,1,2372.46676115985,0.0532660935528702
"9168","ZG16B",0.822164168098039,0.995548325304691,0.0505292935101566,1,2372.46676115985,-0.133802158047733
"716","POLR3C",0.822166414237269,0.995548325304691,0.0505279953811372,1,2372.46676115985,0.0483755933292138
"7953","MLEC",0.822240262154036,0.995548325304691,0.0504853256259073,1,2372.46676115985,-0.0259552553251905
"3678","TCF7",0.822351688441559,0.995548325304691,0.0504209787075427,1,2372.46676115985,-0.150187162314619
"9410","KAT8",0.822410014009073,0.995548325304691,0.0503873138008532,1,2372.46676115985,0.0537812199295534
"5406","SNX16",0.822496925996062,0.995548325304691,0.0503371710208685,1,2372.46676115985,-0.0551453997927332
"1633","RMND5A",0.822566260274915,0.995548325304691,0.0502971882798808,1,2372.46676115985,0.0452436392674419
"1985","NDUFS1",0.822920464177824,0.995548325304691,0.0500931911371847,1,2372.46676115985,-0.0337215017947278
"480","OMA1",0.822982291877001,0.995548325304691,0.0500576272490775,1,2372.46676115985,0.0963840499855608
"11810","PLCG1",0.823168318882491,0.995548325304691,0.0499507026950187,1,2372.46676115985,-0.141818245106038
"12721","ZNF280C",0.823182759142962,0.995548325304691,0.0499424077462301,1,2372.46676115985,0.0809867171932998
"11627","SDCBP2",0.823241121686597,0.995548325304691,0.0499088897973363,1,2372.46676115985,-0.345896338081346
"97","SRM",0.823420764051326,0.995548325304691,0.0498057942766816,1,2372.46676115985,-0.0626163733112826
"427","NSUN4",0.82346635501693,0.995548325304691,0.0497796477376283,1,2372.46676115985,-0.0623845691409452
"2323","CCDC12",0.823585897696543,0.995548325304691,0.0497111239164584,1,2372.46676115985,-0.0367252666731858
"9505","TRADD",0.823606647101454,0.995548325304691,0.0496992350637869,1,2372.46676115985,0.0469514679950338
"3479","SREK1IP1",0.823609687749153,0.995548325304691,0.0496974929795665,1,2372.46676115985,0.0335280643522106
"3746","FCHSD1",0.82371334982422,0.995548325304691,0.0496381208360469,1,2372.46676115985,0.0991221448219728
"1180","FBXO28",0.8238601890121,0.995548325304691,0.04955408287886,1,2372.46676115985,-0.035458413100288
"9048","IDH2",0.823948752994808,0.995548325304691,0.0495034326987619,1,2372.46676115985,0.0292534471094434
"5337","ATP6V1H",0.824058639865346,0.995548325304691,0.0494406256374613,1,2372.46676115985,0.0243630334798751
"3779","CD74",0.824103627859486,0.995548325304691,0.0494149243208377,1,2372.46676115985,0.0217652277513494
"9081","LRRK1",0.824362588567276,0.995548325304691,0.0492671182799175,1,2372.46676115985,0.0305025338146326
"12121","LZTR1",0.824466585107439,0.995548325304691,0.0492078259359074,1,2372.46676115985,-0.0834717450555268
"829","PBXIP1",0.824517081377433,0.995548325304691,0.049179049620139,1,2372.46676115985,0.0501907851730231
"5023","POT1",0.82455064876132,0.995548325304691,0.049159925456963,1,2372.46676115985,-0.0516943988641487
"10394","CARD14",0.824626999826756,0.995548325304691,0.0491164409105445,1,2372.46676115985,0.173943768406292
"790","OAZ3",0.824699407829057,0.995548325304691,0.0490752207225316,1,2372.46676115985,0.157377922480245
"2733","GMPS",0.824731854424565,0.995548325304691,0.0490567555219221,1,2372.46676115985,0.0425490315644143
"11130","LIN37",0.824856786628525,0.995548325304691,0.0489856912447207,1,2372.46676115985,-0.0806996576762332
"1862","METAP1D",0.824948086105645,0.995548325304691,0.0489337921985682,1,2372.46676115985,-0.133799331794305
"12718","ELF4",0.825019430269819,0.995548325304691,0.0488932568020229,1,2372.46676115985,0.0487385245648929
"12780","IRAK1",0.825059635786723,0.995548325304691,0.0488704211175163,1,2372.46676115985,0.0346641154913354
"1374","OST4",0.825077188888389,0.995548325304691,0.0488604531682693,1,2372.46676115985,0.0202243806288417
"3001","KLHL5",0.825079431088585,0.995548325304691,0.0488591799579864,1,2372.46676115985,0.0267982342170069
"1487","CHAC2",0.825110558794541,0.995548325304691,0.0488415062082952,1,2372.46676115985,0.197242595679874
"9467","CPNE2",0.825245925361661,0.995548325304691,0.048764686512516,1,2372.46676115985,0.0502385510801311
"8075","KATNAL1",0.825544449240203,0.995548325304691,0.0485955001316145,1,2372.46676115985,0.0621755658579767
"4981","CCDC71L",0.825604126278114,0.995548325304691,0.0485617155510645,1,2372.46676115985,-0.0523068818972144
"296","PHC2",0.825761793242725,0.995548325304691,0.0484725158219611,1,2372.46676115985,-0.0238073266017648
"3855","SIMC1",0.825796275673564,0.995548325304691,0.0484530189221864,1,2372.46676115985,0.0503274495754201
"12669","TBC1D8B",0.825818679473573,0.995548325304691,0.0484403536708074,1,2372.46676115985,0.0916692711831469
"2308","EXOSC7",0.825911235917702,0.995548325304691,0.0483880483269201,1,2372.46676115985,0.0490710000485642
"10028","LINC00672",0.82596100708832,0.995548325304691,0.0483599339729478,1,2372.46676115985,0.120223273155109
"10473","PTPRM",0.826011065420454,0.995548325304691,0.0483316660486512,1,2372.46676115985,-0.0240524803427188
"6557","C10orf88",0.826013504065713,0.995548325304691,0.0483302891677596,1,2372.46676115985,-0.0825257455647358
"12133","ZNF280B",0.826024594838452,0.995548325304691,0.0483240274778149,1,2372.46676115985,0.160103742387802
"5612","SMARCA2",0.826032277697116,0.995548325304691,0.0483196900962217,1,2372.46676115985,-0.024000336111355
"2832","RPL39L",0.826126685114907,0.995548325304691,0.0482664087571816,1,2372.46676115985,-0.0949961782618991
"11885","FAM210B",0.826143074171783,0.995548325304691,0.0482571622954416,1,2372.46676115985,-0.0370952166380265
"3129","PTPN13",0.826184134242675,0.995548325304691,0.0482340008922343,1,2372.46676115985,0.111737011032792
"1306","KIDINS220",0.826249573084005,0.995548325304691,0.0481970998157561,1,2372.46676115985,-0.0233436835985024
"226","WDTC1",0.826322629092866,0.995548325304691,0.0481559208912781,1,2372.46676115985,-0.0403257129847873
"3810","HAVCR2",0.826550493521636,0.995548325304691,0.0480276007701743,1,2372.46676115985,-0.0235041112787941
"9865","CCDC144A",0.8265977011422,0.995548325304691,0.0480010385935087,1,2372.46676115985,-0.0533019334325887
"4963","LRRC17",0.826623063789167,0.995548325304691,0.0479867710453257,1,2372.46676115985,0.157927775921857
"4116","BRD2",0.826722151753983,0.995548325304691,0.0479310512292254,1,2372.46676115985,-0.0296148542851889
"12521","GPKOW",0.826784785357004,0.995548325304691,0.0478958481737504,1,2372.46676115985,0.0754430213329479
"12534","MAGED1",0.82683444824798,0.995548325304691,0.0478679449062995,1,2372.46676115985,0.0463295015680467
"10018","ARHGAP23",0.827134957219558,0.995548325304691,0.0476992846270051,1,2372.46676115985,0.152359548576845
"4846","SLC25A40",0.827184276193932,0.995548325304691,0.0476716342064,1,2372.46676115985,0.047400006197183
"8599","GOLGA5",0.827267238276476,0.995548325304691,0.0476251409026611,1,2372.46676115985,0.042514544102091
"4692","RP9",0.82733583797268,0.995548325304691,0.0475867144630306,1,2372.46676115985,0.0678368428777517
"1647","ANKRD36C",0.827376351154723,0.995548325304691,0.0475640284458882,1,2372.46676115985,-0.045397172929327
"5574","GPAA1",0.827385875095102,0.995548325304691,0.0475586961826991,1,2372.46676115985,0.0476327034741244
"12261","CSNK1E",0.827526985951178,0.995548325304691,0.0474797277328755,1,2372.46676115985,-0.0547682683859405
"9135","NUBP2",0.827537665179859,0.995548325304691,0.0474737542211622,1,2372.46676115985,-0.0648645834623333
"10441","OGFOD3",0.827605215869013,0.995548325304691,0.0474359783243033,1,2372.46676115985,0.0566750688581326
"1122","PFKFB2",0.827622169660348,0.995548325304691,0.0474264998471553,1,2372.46676115985,0.0749465195567873
"8324","ADCY4",0.827650309339828,0.995548325304691,0.0474107697853441,1,2372.46676115985,0.124366009398519
"2822","IGF2BP2",0.82781057238527,0.995548325304691,0.0473212349508957,1,2372.46676115985,0.0456821294408229
"1432","CEBPZ",0.828009407302736,0.995548325304691,0.0472102741905116,1,2372.46676115985,-0.0424669589215832
"9916","TNFAIP1",0.828106013983625,0.995548325304691,0.0471564116114954,1,2372.46676115985,-0.0714762091803821
"2617","CHCHD6",0.828286105036351,0.995548325304691,0.0470560886738609,1,2372.46676115985,0.0791395456728511
"10793","EVI5L",0.828304436034857,0.995548325304691,0.0470458833361455,1,2372.46676115985,-0.0859721488624467
"3299","FNIP2",0.828306354379902,0.995548325304691,0.0470448154111682,1,2372.46676115985,-0.0284299495987129
"11354","SELENOW",0.828322298737725,0.995548325304691,0.0470359398254625,1,2372.46676115985,0.0212645745405413
"10886","ZNF20",0.828891667455484,0.995548325304691,0.0467195695818367,1,2372.46676115985,-0.132095491149447
"4906","ZNF3",0.829024219779661,0.995548325304691,0.0466460771214623,1,2372.46676115985,-0.0678523307086656
"5952","GAPVD1",0.82908977607691,0.995548325304691,0.0466097523915658,1,2372.46676115985,0.024578936343449
"12447","PRDX4",0.829486488260255,0.995548325304691,0.0463902501746458,1,2372.46676115985,-0.0408102698321272
"713","GPR89A",0.829547011509412,0.995548325304691,0.0463568101156761,1,2372.46676115985,-0.0874030756420537
"8453","ZBTB25",0.829582554199158,0.995548325304691,0.0463371780933977,1,2372.46676115985,-0.042896753754654
"7925","C12orf49",0.829587806252639,0.995548325304691,0.0463342774880024,1,2372.46676115985,0.0498034645429751
"4458","MAP3K5",0.829592618246065,0.995548325304691,0.0463316200024731,1,2372.46676115985,-0.0252111718175954
"5203","SGCZ",0.82959818649511,0.995548325304691,0.0463285449645373,1,2372.46676115985,0.277136732220387
"4242","SUPT3H",0.829629228835367,0.995548325304691,0.0463114039429126,1,2372.46676115985,-0.0384721282143952
"12623","APOOL",0.829654514768952,0.995548325304691,0.0462974439579459,1,2372.46676115985,0.0425740935926465
"62","NOL9",0.829785509240172,0.995548325304691,0.0462251591212866,1,2372.46676115985,-0.0603450424850999
"12796","IKBKG",0.829854676923924,0.995548325304691,0.0461870151265984,1,2372.46676115985,0.0634351044059361
"9559","NQO1",0.829884996819101,0.995548325304691,0.0461702997663779,1,2372.46676115985,-0.081806691942655
"1670","C2orf92",0.830096574392136,0.995548325304691,0.0460537451318819,1,2372.46676115985,0.10820946473793
"5885","SHOC1",0.830145972518474,0.995548325304691,0.0460265546976809,1,2372.46676115985,0.0816300611056126
"2157","TADA3",0.830193917907895,0.995548325304691,0.0460001719318411,1,2372.46676115985,-0.0378576153345081
"7215","C11orf65",0.830243955362172,0.995548325304691,0.0459726464086138,1,2372.46676115985,-0.0937417712738982
"8797","GATM",0.830513250851689,0.995548325304691,0.0458246553549731,1,2372.46676115985,-0.0586036293297637
"5032","RBM28",0.830616228273101,0.995548325304691,0.0457681301714229,1,2372.46676115985,-0.0517802791338375
"12016","TTC3",0.830705628300244,0.995548325304691,0.0457190873176094,1,2372.46676115985,0.019865338990145
"8336","HECTD1",0.830782638103085,0.995548325304691,0.0456768635041794,1,2372.46676115985,0.0218754865328817
"6890","FADS2",0.830911923764008,0.995548325304691,0.0456060231530944,1,2372.46676115985,0.0740499561045875
"10676","MKNK2",0.83105024659708,0.995548325304691,0.0455302946536015,1,2372.46676115985,-0.0482867109585584
"6369","MINPP1",0.831233262779679,0.995548325304691,0.0454301987033663,1,2372.46676115985,-0.0677342928227359
"543","TTLL7",0.831320108913209,0.995548325304691,0.0453827407515652,1,2372.46676115985,0.168519668778643
"11311","TRAPPC6A",0.831531349724239,0.995548325304691,0.0452674142861875,1,2372.46676115985,-0.0492983843894904
"2574","FSTL1",0.831556886093423,0.995548325304691,0.0452534831511073,1,2372.46676115985,0.213932373836037
"1744","DBI",0.831721342088641,0.995548325304691,0.0451638193580598,1,2372.46676115985,-0.0205677863905075
"2707","HPS3",0.831754001372184,0.995548325304691,0.0451460241036019,1,2372.46676115985,-0.0323681382571126
"12333","SAMM50",0.83182923234194,0.995548325304691,0.0451050465098423,1,2372.46676115985,0.0500594086452782
"2175","HRH1",0.831978009945533,0.995548325304691,0.0450240660129198,1,2372.46676115985,0.0704558468784615
"12068","MCM3AP",0.83203031464274,0.995548325304691,0.0449956143332903,1,2372.46676115985,-0.0352879322439374
"5229","BMP1",0.83208977198444,0.995548325304691,0.0449632833114197,1,2372.46676115985,-0.0928210893124957
"1579","MTHFD2",0.832100578114481,0.995548325304691,0.0449574085836402,1,2372.46676115985,0.0343280792912896
"12245","SH3BP1",0.832129331313613,0.995548325304691,0.0449417789263274,1,2372.46676115985,0.0350270220033779
"946","DDR2",0.832173078729937,0.995548325304691,0.0449180041625546,1,2372.46676115985,-0.342123671340882
"5803","OGN",0.832206417760762,0.995548325304691,0.0448998903038483,1,2372.46676115985,-0.190368383242813
"11978","GRIK1",0.832306302871474,0.995548325304691,0.0448456432858456,1,2372.46676115985,-0.11671710594515
"12370","SCO2",0.832310876948658,0.995548325304691,0.0448431599517341,1,2372.46676115985,-0.030666172317754
"2665","STAG1",0.832370069207022,0.995548325304691,0.0448110300801538,1,2372.46676115985,0.0208536043537848
"2788","USP13",0.83243774904049,0.995548325304691,0.0447743078496,1,2372.46676115985,-0.0894085396789675
"8579","TDP1",0.832797225886159,0.995548325304691,0.0445795237896251,1,2372.46676115985,0.0472106850021257
"11227","COQ8B",0.832880022811746,0.995548325304691,0.0445347227687204,1,2372.46676115985,0.0710673991976123
"3518","BTF3",0.832974943958261,0.995548325304691,0.0444833903354604,1,2372.46676115985,-0.019445685510695
"7907","OAS1",0.833096747564832,0.995548325304691,0.0444175654201275,1,2372.46676115985,-0.0206465866245852
"5382","RPL7",0.833139448742502,0.995548325304691,0.0443945009671687,1,2372.46676115985,-0.0202973202483636
"2095","ARL4C",0.833175283850949,0.995548325304691,0.0443751499547571,1,2372.46676115985,-0.0215246482530904
"1547","SNRNP27",0.833287725325157,0.995548325304691,0.0443144599881698,1,2372.46676115985,-0.0443766021112245
"2228","SLC4A7",0.833318657178972,0.995548325304691,0.044297772214456,1,2372.46676115985,-0.0211150129933824
"465","LRRC42",0.833327742014264,0.995548325304691,0.0442928715580054,1,2372.46676115985,0.0719496597227069
"12184","MTMR3",0.833335858102995,0.995548325304691,0.0442884937144778,1,2372.46676115985,-0.024432594513857
"11643","UBOX5",0.833487614877159,0.995548325304691,0.0442066772465892,1,2372.46676115985,-0.066654426721218
"3252","RNF150",0.833666515402848,0.995548325304691,0.0441103282341324,1,2372.46676115985,-0.0775354140213497
"962","RCSD1",0.833667230641812,0.995548325304691,0.0441099432539238,1,2372.46676115985,0.0204741427293973
"10153","SCRN2",0.83381288380482,0.995548325304691,0.044031581410332,1,2372.46676115985,-0.0789516967857836
"3481","ADAMTS6",0.833887678158239,0.995548325304691,0.0439913700861994,1,2372.46676115985,-0.0374178728747239
"492","ITGB3BP",0.833914846092036,0.995548325304691,0.0439767686704391,1,2372.46676115985,-0.0499131408869367
"8492","TTC9",0.833933748128338,0.995548325304691,0.0439666112568541,1,2372.46676115985,-0.306291284773771
"8383","SOS2",0.833966500536783,0.995548325304691,0.043949013949215,1,2372.46676115985,-0.0215061445960672
"3174","UBE2D3",0.834173721581628,0.995548325304691,0.0438377628581137,1,2372.46676115985,0.0156739846443288
"2789","TTC14",0.834286498730885,0.995548325304691,0.0437772778527299,1,2372.46676115985,-0.0355984625516169
"11949","OPRL1",0.834294738949936,0.995548325304691,0.0437728601404352,1,2372.46676115985,0.122346317238063
"7715","CTDSP2",0.834415247787693,0.995548325304691,0.0437082800208069,1,2372.46676115985,0.0426575464841183
"7418","C1RL",0.834439262741982,0.995548325304691,0.0436954164656841,1,2372.46676115985,0.095495399885572
"8669","TEX22",0.834664637838629,0.995548325304691,0.0435747910916455,1,2372.46676115985,-0.0773274662455714
"4489","SHPRH",0.834848893990804,0.995548325304691,0.0434763026894088,1,2372.46676115985,0.0305408200077331
"542","IFI44",0.834849488889991,0.995548325304691,0.0434759848928434,1,2372.46676115985,0.0164935507110589
"4584","SNX8",0.834927054952728,0.995548325304691,0.0434345592980457,1,2372.46676115985,0.0304485663021331
"3088","SDAD1",0.835058236655394,0.995548325304691,0.0433645461619548,1,2372.46676115985,-0.0421206160347053
"445","TXNDC12",0.835269654325974,0.995548325304691,0.0432518341929639,1,2372.46676115985,-0.0278246076534874
"5689","RPP25L",0.835295785237302,0.995548325304691,0.0432379137854734,1,2372.46676115985,-0.0606743581164561
"10709","FZR1",0.835300812207306,0.995548325304691,0.0432352360960186,1,2372.46676115985,-0.0607524635601621
"5230","POLR3D",0.835442116494444,0.995548325304691,0.0431600036788041,1,2372.46676115985,0.107984771280529
"11468","ZNF600",0.835716437468276,0.995548325304691,0.0430141463832993,1,2372.46676115985,0.0770716653323688
"8051","MICU2",0.835844042923002,0.995548325304691,0.0429463859228061,1,2372.46676115985,0.0244941377237384
"6909","CSKMT",0.835851920282577,0.995548325304691,0.0429422047492986,1,2372.46676115985,0.108975772960973
"8938","HEXA",0.836029635040199,0.995548325304691,0.0428479330800776,1,2372.46676115985,0.0166746220779413
"8409","GMFB",0.836107242431407,0.995548325304691,0.0428067988727486,1,2372.46676115985,0.0334584270180757
"4946","IFT22",0.83621005462393,0.995548325304691,0.0427523370978881,1,2372.46676115985,0.0856105152077323
"9848","PMP22",0.836317796254582,0.995548325304691,0.0426953028863163,1,2372.46676115985,-0.0284903160882017
"8433","GPR135",0.836618190246627,0.995548325304691,0.0425364956391302,1,2372.46676115985,0.102927349598673
"11161","ZNF420",0.836624055540842,0.995548325304691,0.0425333979444936,1,2372.46676115985,-0.06981424929173
"11337","SLC1A5",0.836680145879616,0.995548325304691,0.0425037803501625,1,2372.46676115985,-0.0998941330370338
"9108","WDR24",0.836876850937515,0.995548325304691,0.042399998414276,1,2372.46676115985,0.0913896680629132
"2596","HSPBAP1",0.83688827007949,0.995548325304691,0.0423939777160439,1,2372.46676115985,-0.0379989019730338
"8676","TUBGCP5",0.83693171548573,0.995548325304691,0.0423710753672987,1,2372.46676115985,0.0603004841104184
"730","FMO5",0.836950435309918,0.995548325304691,0.0423612091560608,1,2372.46676115985,0.088031084079275
"9919","SARM1",0.837032900442677,0.995548325304691,0.0423177604821358,1,2372.46676115985,0.0713088037419177
"7713","TSFM",0.837099221665072,0.995548325304691,0.042282834461654,1,2372.46676115985,-0.0639794588153465
"3027","NFXL1",0.837111518651801,0.995548325304691,0.0422763602855346,1,2372.46676115985,0.0504769844722939
"6047","SURF2",0.83713044573675,0.995548325304691,0.0422663964733203,1,2372.46676115985,0.0618442655482056
"12318","NFAM1",0.837222965491754,0.995548325304691,0.0422177087810372,1,2372.46676115985,-0.026150485366191
"12066","SPATC1L",0.83722787174955,0.995548325304691,0.0422151277233254,1,2372.46676115985,-0.108994763922686
"11038","MAU2",0.83727581873385,0.995548325304691,0.0421899083602801,1,2372.46676115985,-0.0364977292755566
"3008","UBE2K",0.837467600029837,0.995548325304691,0.042089112924806,1,2372.46676115985,-0.0189308616279981
"5897","CDC26",0.837476921924646,0.995548325304691,0.0420842167724236,1,2372.46676115985,0.0417610887060523
"1265","WDR64",0.837546825562512,0.995548325304691,0.0420475106401139,1,2372.46676115985,-0.299278772198063
"1418","NLRC4",0.837615775227154,0.995548325304691,0.0420113217834285,1,2372.46676115985,0.0458456014338493
"11608","ZNF446",0.837625187661529,0.995548325304691,0.0420063828412912,1,2372.46676115985,-0.156238806737059
"12594","GCNA",0.837709841186244,0.995548325304691,0.0419619765937944,1,2372.46676115985,-0.083349191417816
"7714","AVIL",0.837753546039725,0.995548325304691,0.0419390601498535,1,2372.46676115985,0.105490896789588
"9819","ALOX15B",0.837863105037382,0.995548325304691,0.0418816420462618,1,2372.46676115985,-0.106448575565879
"7288","CCDC153",0.837922503784865,0.995548325304691,0.0418505292522804,1,2372.46676115985,-0.154331393898203
"10230","SMG8",0.837962651544397,0.995548325304691,0.041829506860067,1,2372.46676115985,-0.0856631966127009
"92","DFFA",0.838094840297858,0.995548325304691,0.041760328334685,1,2372.46676115985,0.0488606192446779
"1751","TFCP2L1",0.838135978966791,0.995548325304691,0.0417388113466603,1,2372.46676115985,-0.120322410978719
"12404","HCCS",0.838189794548262,0.995548325304691,0.0417106726025092,1,2372.46676115985,-0.0543309233613672
"848","CLK2",0.838205313348734,0.995548325304691,0.0417025600683246,1,2372.46676115985,0.0584269645690711
"2857","SLC51A",0.838212973440234,0.995548325304691,0.0416985560183702,1,2372.46676115985,0.129095082788728
"9766","KIAA0753",0.838220119782099,0.995548325304691,0.0416948206939628,1,2372.46676115985,0.0544459917612731
"9995","AP2B1",0.838253413830005,0.995548325304691,0.0416774205116713,1,2372.46676115985,0.0252014030908639
"1279","TFB2M",0.83826454951738,0.995548325304691,0.0416716016072399,1,2372.46676115985,0.116481068097201
"11317","RTN2",0.838344565793228,0.995548325304691,0.0416298018992526,1,2372.46676115985,-0.0857320324818041
"12514","OTUD5",0.838431934682614,0.995548325304691,0.0415841862101676,1,2372.46676115985,-0.0387540297521375
"8872","RPS27L",0.838486967959783,0.995548325304691,0.0415554664591361,1,2372.46676115985,0.0152698313192056
"11035","NR2C2AP",0.838492127504209,0.995548325304691,0.0415527744211209,1,2372.46676115985,-0.152994221532534
"7291","USP2",0.838707574535931,0.995548325304691,0.0414404440974731,1,2372.46676115985,0.143677990840452
"3340","STOX2",0.838721130345187,0.995548325304691,0.0414333816298736,1,2372.46676115985,0.104208441512185
"7218","DDX10",0.838748871636382,0.995548325304691,0.041418930594141,1,2372.46676115985,-0.0433048288347532
"8736","CCDC32",0.83875083047452,0.995548325304691,0.0414179102924098,1,2372.46676115985,0.0401154831460858
"4985","COG5",0.838926972871637,0.995548325304691,0.0413262163469728,1,2372.46676115985,0.0184746892661235
"6242","WASHC2C",0.838947856315024,0.995548325304691,0.0413153521287002,1,2372.46676115985,-0.0322145508343636
"1527","RAB1A",0.839021733357227,0.995548325304691,0.0412769309248777,1,2372.46676115985,-0.0172924533781965
"9466","NLRC5",0.839194265478158,0.995548325304691,0.0411872746957499,1,2372.46676115985,0.0304839849018099
"2274","MYRIP",0.839265645004596,0.995548325304691,0.0411502120409894,1,2372.46676115985,0.14458579014245
"10987","GTPBP3",0.83949818679926,0.995548325304691,0.0410295889689961,1,2372.46676115985,-0.0896545623754696
"12771","BCAP31",0.83950595679384,0.995548325304691,0.0410255617333458,1,2372.46676115985,-0.0197713217764161
"4663","CYCS",0.839649612995548,0.995548325304691,0.0409511409154404,1,2372.46676115985,-0.0328066145834909
"7337","ARHGAP32",0.839678162293519,0.995548325304691,0.0409363593839793,1,2372.46676115985,-0.0526227886501401
"2548","CFAP44",0.839708085312902,0.995548325304691,0.040920869583034,1,2372.46676115985,0.0529222656989664
"3040","SCFD2",0.839795734044971,0.995548325304691,0.0408755153348176,1,2372.46676115985,0.03954628312676
"2052","OBSL1",0.839799364397688,0.995548325304691,0.0408736373563062,1,2372.46676115985,0.113380139927387
"11682","NDUFAF5",0.839856291565879,0.995548325304691,0.0408441948513672,1,2372.46676115985,-0.0619843383592359
"7189","BIRC3",0.839969105600936,0.995548325304691,0.0407858805017982,1,2372.46676115985,-0.0650193132359929
"12516","GRIPAP1",0.8401021748851,0.995548325304691,0.0407171518067636,1,2372.46676115985,0.0307542819694084
"7119","DGAT2",0.840117014779176,0.995548325304691,0.040709490917208,1,2372.46676115985,0.121082665655501
"90","PGD",0.840242579455651,0.995548325304691,0.0406446999179109,1,2372.46676115985,0.021836179932849
"10388","CBX8",0.840355307183664,0.995548325304691,0.0405865784885977,1,2372.46676115985,-0.174071906396699
"8252","PARP2",0.840390641862909,0.995548325304691,0.0405683691455848,1,2372.46676115985,-0.0670974778525382
"4290","CD109",0.840407141559716,0.995548325304691,0.040559867662284,1,2372.46676115985,0.0280520849084331
"3152","GRID2",0.840436468931553,0.995548325304691,0.0405447589963706,1,2372.46676115985,-0.294114439400556
"11958","HSPA13",0.84067287378418,0.995548325304691,0.0404230765793353,1,2372.46676115985,-0.0574343011591439
"8048","SAP18",0.840740583290525,0.995548325304691,0.0403882601614981,1,2372.46676115985,-0.0204591171755328
"3906","MAPK9",0.840756944601606,0.995548325304691,0.0403798494706737,1,2372.46676115985,-0.0430524064676136
"4554","RAMACL",0.840893788477837,0.995548325304691,0.040309539228249,1,2372.46676115985,0.235098681743137
"9498","RRAD",0.840953293979341,0.995548325304691,0.0402789852464379,1,2372.46676115985,-0.66525081569231
"2966","TAPT1",0.841206086638669,0.995548325304691,0.0401493194385794,1,2372.46676115985,-0.0371287350368067
"4331","ANKRD6",0.841211563472393,0.995548325304691,0.0401465125939863,1,2372.46676115985,0.0474984602160859
"12677","NXT2",0.841248205184055,0.995548325304691,0.0401277365608947,1,2372.46676115985,-0.0629725922884033
"10481","RAB31",0.841261887571172,0.995548325304691,0.0401207265708591,1,2372.46676115985,0.0144599545945851
"8322","CIDEB",0.841291960181588,0.995548325304691,0.040105321505102,1,2372.46676115985,0.0911211837952727
"11302","APOC4",0.84141342922157,0.995548325304691,0.0400431288020888,1,2372.46676115985,0.127069583937988
"5939","RABGAP1",0.841464729074282,0.995548325304691,0.0400168781183624,1,2372.46676115985,-0.0200712887844211
"9810","WRAP53",0.841504631734351,0.995548325304691,0.0399964656895969,1,2372.46676115985,-0.118841689564714
"1030","LAMC1",0.841552178884182,0.995548325304691,0.0399721497508395,1,2372.46676115985,-0.034200288407804
"630","TMEM167B",0.841598233171342,0.995548325304691,0.0399486046032361,1,2372.46676115985,-0.038851499088282
"5146","SLC4A2",0.841713173880029,0.995548325304691,0.0398898728997839,1,2372.46676115985,-0.0465989715297732
"10129","PLCD3",0.841899327823353,0.995548325304691,0.039794848393213,1,2372.46676115985,-0.149234323277427
"2270","TTC21A",0.841906680598554,0.995548325304691,0.0397910975001412,1,2372.46676115985,0.0784334923076065
"10844","PDE4A",0.842054623945514,0.995548325304691,0.0397156657767817,1,2372.46676115985,-0.0324191523958917
"10468","DLGAP1",0.842121644272,0.995548325304691,0.039681518680324,1,2372.46676115985,0.101212156712172
"10329","MRPS7",0.842168732877222,0.995548325304691,0.0396575359999214,1,2372.46676115985,0.03792174030869
"11116","LSR",0.842348574550216,0.995548325304691,0.039566010261739,1,2372.46676115985,-0.156401734202195
"12812","RPS4Y1",0.842756919590453,0.995548325304691,0.0393586017860212,1,2372.46676115985,0.0207332353447581
"2116","ANKMY1",0.842871856780968,0.995548325304691,0.0393003245336946,1,2372.46676115985,0.0439409312799454
"8441","MNAT1",0.842933916265893,0.995548325304691,0.0392688768186825,1,2372.46676115985,0.0332514914707263
"12233","NCF4",0.842964908645208,0.995548325304691,0.0392531767920876,1,2372.46676115985,0.0213471857649358
"6660","AC104389.5",0.843014799423943,0.995548325304691,0.0392279101237971,1,2372.46676115985,-0.0453034882563555
"12602","PHKA1",0.843038624033202,0.995548325304691,0.0392158473794926,1,2372.46676115985,-0.137851727981987
"7954","UNC119B",0.843249707381149,0.995548325304691,0.0391090570220882,1,2372.46676115985,0.0888050244935899
"8614","CLMN",0.843258978401777,0.995548325304691,0.0391043701367384,1,2372.46676115985,-0.0272149573890997
"3015","UCHL1",0.843326118846736,0.995548325304691,0.0390704365675028,1,2372.46676115985,0.11346055063916
"11812","LPIN3",0.843406737017041,0.995548325304691,0.039029711419521,1,2372.46676115985,0.110607171271085
"9452","CES1",0.843414684690468,0.995548325304691,0.0390256977604773,1,2372.46676115985,-0.1376043227256
"9129","JPT2",0.843434386670256,0.995548325304691,0.0390157489772375,1,2372.46676115985,-0.0624313885517932
"12397","PNPLA4",0.843474427282404,0.995548325304691,0.038995533984805,1,2372.46676115985,0.0736605214161926
"554","C1orf52",0.843572047949366,0.995548325304691,0.0389462718076359,1,2372.46676115985,0.0396647708193035
"5066","TMEM140",0.843868908509339,0.995548325304691,0.0387966662277273,1,2372.46676115985,-0.0360238219460376
"2654","CDV3",0.844079698549693,0.995548325304691,0.0386906182341536,1,2372.46676115985,-0.0174003944277301
"4851","GTPBP10",0.844221049438761,0.995548325304691,0.0386195893591256,1,2372.46676115985,-0.0452394608174891
"2598","PDIA5",0.844272281878892,0.995548325304691,0.0385938617738269,1,2372.46676115985,-0.0907909254589361
"6590","VENTX",0.84431024525184,0.995548325304691,0.0385748033084757,1,2372.46676115985,-0.312752912318133
"4753","NIPSNAP2",0.844354582107758,0.995548325304691,0.0385525514000438,1,2372.46676115985,-0.0230653219253563
"9418","ARMC5",0.844499357236503,0.995548325304691,0.0384799376727562,1,2372.46676115985,0.124076476435714
"285","RBBP4",0.844500779683549,0.995548325304691,0.0384792245797735,1,2372.46676115985,0.0262485493897139
"2980","LGI2",0.844744565417418,0.995548325304691,0.0383571126703292,1,2372.46676115985,-0.335839733478495
"11786","SLA2",0.8448303086266,0.995548325304691,0.0383142119262173,1,2372.46676115985,-0.209478410656215
"3866","HK3",0.845066890016035,0.995548325304691,0.0381959700847116,1,2372.46676115985,-0.047026374188672
"7900","TMEM116",0.845075572590856,0.995548325304691,0.038191634199389,1,2372.46676115985,0.0700581640655865
"3080","EREG",0.845311929428394,0.995548325304691,0.038073700979389,1,2372.46676115985,-0.0416563190545594
"1681","LYG2",0.845414676362706,0.995548325304691,0.038022493137712,1,2372.46676115985,-0.30517506311301
"10353","GALR2",0.845448732362241,0.995548325304691,0.0380055279283807,1,2372.46676115985,0.309987330766361
"11141","WDR62",0.845518252502086,0.995548325304691,0.0379709082337631,1,2372.46676115985,-0.297608473245909
"3926","BPHL",0.845637396200752,0.995548325304691,0.0379116150359542,1,2372.46676115985,-0.0773540686103893
"6737","LDHA",0.845768609311537,0.995548325304691,0.0378463709995459,1,2372.46676115985,0.018979612469866
"10486","MPPE1",0.845815997178496,0.995548325304691,0.0378228223241511,1,2372.46676115985,0.0393778446806721
"2811","EIF4G1",0.845818794941287,0.995548325304691,0.0378214322565185,1,2372.46676115985,0.0255455160298491
"651","DRAM2",0.846066609947127,0.995548325304691,0.0376984106071153,1,2372.46676115985,0.0219135908091212
"3640","PPIC",0.846079111438583,0.995548325304691,0.0376922100600905,1,2372.46676115985,-0.0579013300121234
"5694","AL162231.1",0.846081056252827,0.995548325304691,0.037691245509775,1,2372.46676115985,-0.171867533445863
"11191","SIRT2",0.846187566570105,0.995548325304691,0.0376384401959184,1,2372.46676115985,0.0355397847453962
"11282","ZNF223",0.846281686070759,0.995548325304691,0.0375918099243306,1,2372.46676115985,-0.0784562786841201
"631","CELSR2",0.846386564243754,0.995548325304691,0.0375398847368532,1,2372.46676115985,-0.166332231899731
"3339","TRAPPC11",0.846396689025851,0.995548325304691,0.0375348739276398,1,2372.46676115985,0.0273549307634011
"798","S100A8",0.846520789301605,0.995548325304691,0.0374734842240358,1,2372.46676115985,0.0490415747153121
"12063","PCBP3",0.846675861558211,0.995548325304691,0.0373968466180014,1,2372.46676115985,-0.113865488430776
"6917","TAF6L",0.846771635633726,0.995548325304691,0.0373495551673225,1,2372.46676115985,-0.0880815958452555
"6115","ZMYND11",0.846864074828216,0.995548325304691,0.0373039398545302,1,2372.46676115985,0.0276262824563108
"11700","SLC24A3",0.847047627074765,0.995548325304691,0.0372134493296686,1,2372.46676115985,-0.229241416052736
"5077","ZC3HAV1L",0.847051055237033,0.995548325304691,0.0372117603436235,1,2372.46676115985,0.151044497362319
"6839","PRG2",0.847057906362331,0.995548325304691,0.0372083850522097,1,2372.46676115985,0.137029763275307
"3155","PDLIM5",0.847391415919144,0.995548325304691,0.0370442694320232,1,2372.46676115985,-0.0218826022466947
"3002","WDR19",0.847454651925481,0.995548325304691,0.0370131942590031,1,2372.46676115985,-0.0612428792429543
"7975","VPS33A",0.847535024363326,0.995548325304691,0.0369737174876563,1,2372.46676115985,0.0411654140121636
"10425","PCYT2",0.84754200190047,0.995548325304691,0.0369702913402553,1,2372.46676115985,0.121316107136898
"9421","SHCBP1",0.847605471785269,0.995548325304691,0.0369391335789598,1,2372.46676115985,-0.187565557229559
"6393","BTAF1",0.847682085769896,0.995548325304691,0.0369015414405101,1,2372.46676115985,0.0242184569421575
"385","MED8",0.84777323312925,0.995548325304691,0.0368568440673941,1,2372.46676115985,-0.0384488857052306
"11534","ZNF579",0.847785033573534,0.995548325304691,0.0368510593501882,1,2372.46676115985,-0.0745486217928131
"9748","ENO3",0.847790313774109,0.995548325304691,0.0368484710859233,1,2372.46676115985,-0.200953809064004
"10126","EFTUD2",0.847822227643569,0.995548325304691,0.0368328294577073,1,2372.46676115985,0.0319898421276996
"2913","CFAP99",0.847852952846233,0.995548325304691,0.0368177736718458,1,2372.46676115985,-0.301219447535333
"7935","TAOK3",0.84801257309491,0.995548325304691,0.0367396088306923,1,2372.46676115985,-0.0134982403351296
"3949","TXNDC5",0.848161179718364,0.995548325304691,0.0366669146827689,1,2372.46676115985,0.0543425866051106
"8288","CEBPE",0.848324449067645,0.995548325304691,0.036587133979411,1,2372.46676115985,0.123951529111468
"4929","FBXO24",0.848348645290166,0.995548325304691,0.0365753182865067,1,2372.46676115985,0.210933104327654
"9123","C16orf91",0.848357371883801,0.995548325304691,0.0365710573318554,1,2372.46676115985,-0.0867824268181043
"7906","PTPN11",0.848385863847398,0.995548325304691,0.0365571472843222,1,2372.46676115985,0.0262073589992491
"10648","POLR2E",0.848409671058329,0.995548325304691,0.0365455264808678,1,2372.46676115985,-0.0303471254035199
"8043","CRYL1",0.848426164136354,0.995548325304691,0.0365374769832443,1,2372.46676115985,0.0267485751239155
"11587","ZNF417",0.848520582175762,0.995548325304691,0.0364914136564855,1,2372.46676115985,-0.0615696700702781
"11187","CAPN12",0.848670791422858,0.995548325304691,0.0364181937736991,1,2372.46676115985,-0.279205330595687
"5155","PRKAG2",0.848681614975495,0.995548325304691,0.0364129207488042,1,2372.46676115985,0.018711650055647
"10632","HCN2",0.848706638268809,0.995548325304691,0.0364007314005227,1,2372.46676115985,-0.279417826658794
"10004","ZNHIT3",0.848725924602013,0.995548325304691,0.0363913380837681,1,2372.46676115985,0.0440867147077711
"1637","KRCC1",0.848742567693409,0.995548325304691,0.0363832331551545,1,2372.46676115985,0.0276773198739576
"6020","NCS1",0.8489183655216,0.995548325304691,0.0362976794524543,1,2372.46676115985,0.0586960336759263
"7466","DUSP16",0.848920363398407,0.995548325304691,0.0362967077662765,1,2372.46676115985,-0.0389348143765043
"8120","NUFIP1",0.849055929903303,0.995548325304691,0.0362308052070336,1,2372.46676115985,0.0804801774016421
"10622","SLC66A2",0.849167889690201,0.995548325304691,0.036176425298944,1,2372.46676115985,-0.0296697210377298
"6402","SLC35G1",0.8493886063843,0.995548325304691,0.0360693450911069,1,2372.46676115985,-0.0982934168150137
"5723","ZBTB5",0.849454703508802,0.995548325304691,0.0360373102147399,1,2372.46676115985,-0.0835125394432137
"9363","AC093512.2",0.849472265332499,0.995548325304691,0.0360288011157916,1,2372.46676115985,-0.198969142378131
"5135","GIMAP7",0.849478793760644,0.995548325304691,0.0360256382107775,1,2372.46676115985,0.0535580582085333
"2583","EAF2",0.849506280980514,0.995548325304691,0.0360123227291361,1,2372.46676115985,-0.034520111084197
"942","NOS1AP",0.84952737175819,0.995548325304691,0.0360021075694187,1,2372.46676115985,-0.0852994068979351
"6905","GANAB",0.84961419843853,0.995548325304691,0.0359600695299838,1,2372.46676115985,-0.0298525796913715
"4948","CUX1",0.849688430596841,0.995548325304691,0.0359241494318848,1,2372.46676115985,0.0149455717024128
"6510","SMNDC1",0.849726964019533,0.995548325304691,0.0359055108775592,1,2372.46676115985,-0.0381014508823335
"12279","RPL3",0.849728991334966,0.995548325304691,0.0359045304070885,1,2372.46676115985,-0.0146767716452734
"7275","BCL9L",0.849811115295941,0.995548325304691,0.0358648244584308,1,2372.46676115985,-0.0559243925799405
"4266","KIAA1586",0.849827784235281,0.995548325304691,0.0358567680045727,1,2372.46676115985,-0.0632207248345442
"5773","IDNK",0.850007861959378,0.995548325304691,0.0357697923644361,1,2372.46676115985,0.0655567865766981
"1979","RAPH1",0.850046554908197,0.995548325304691,0.035751118356364,1,2372.46676115985,-0.0270954040868973
"11399","PRRG2",0.850125913516679,0.995548325304691,0.0357128340699641,1,2372.46676115985,-0.298722823693661
"4990","SLC26A3",0.850167457859355,0.995548325304691,0.0356928006632726,1,2372.46676115985,-0.197677020781926
"642","CSF1",0.850187992017654,0.995548325304691,0.0356829008836622,1,2372.46676115985,0.211668519433131
"8563","CEP128",0.850228566739794,0.995548325304691,0.0356633434738607,1,2372.46676115985,-0.0380867780140482
"5711","RGP1",0.850329330441049,0.995548325304691,0.0356147984073066,1,2372.46676115985,0.0815641081143921
"4230","MAD2L1BP",0.850374992321753,0.995548325304691,0.035592811094146,1,2372.46676115985,0.0701558987186864
"359","EXO5",0.850493403360821,0.995548325304691,0.035535826036574,1,2372.46676115985,-0.106919876330337
"8542","GPATCH2L",0.850516269879467,0.995548325304691,0.0355248270200997,1,2372.46676115985,-0.0203814559484755
"4435","EPB41L2",0.850536030702161,0.995548325304691,0.0355153232934535,1,2372.46676115985,0.024870084449773
"12337","PRR5",0.850619658419197,0.995548325304691,0.0354751181383069,1,2372.46676115985,-0.0441762467152444
"11213","ZNF780A",0.850622807244492,0.995548325304691,0.0354736047586003,1,2372.46676115985,-0.0544482671343596
"10349","ACOX1",0.850722234899058,0.995548325304691,0.0354258353055648,1,2372.46676115985,0.031748944961928
"6193","KIAA1217",0.850824885369218,0.995548325304691,0.0353765524319789,1,2372.46676115985,0.129645725389069
"9869","COPS3",0.851173786071196,0.995548325304691,0.0352093094015865,1,2372.46676115985,0.0443619863996456
"3821","SLU7",0.851189500731002,0.995548325304691,0.0352017863474317,1,2372.46676115985,0.0303373150210202
"482","JUN",0.851244740911317,0.995548325304691,0.0351753479069704,1,2372.46676115985,-0.0394445654489211
"12710","XIAP",0.851329682502451,0.995548325304691,0.0351347141673299,1,2372.46676115985,-0.0236352420586784
"12768","HAUS7",0.851501556318756,0.995548325304691,0.0350525687760159,1,2372.46676115985,-0.16412469710019
"7610","CELA1",0.851643781449921,0.995548325304691,0.0349846689219171,1,2372.46676115985,0.218559967858829
"6197","APBB1IP",0.851745449390883,0.995548325304691,0.0349361732780262,1,2372.46676115985,-0.0173781123474608
"3490","SREK1",0.851788105444055,0.995548325304691,0.0349158366921535,1,2372.46676115985,-0.0260524435332236
"5357","ASPH",0.851831296039219,0.995548325304691,0.0348952515026359,1,2372.46676115985,-0.0210482668088816
"7863","CORO1C",0.851992959933439,0.995548325304691,0.0348182561843089,1,2372.46676115985,0.0204536816322295
"403","BTBD19",0.85206163849863,0.995548325304691,0.034785573423252,1,2372.46676115985,-0.0909773366678872
"4500","KATNA1",0.852076704470254,0.995548325304691,0.0347784059514181,1,2372.46676115985,-0.0425278172190292
"3826","MAT2B",0.852163066670802,0.995548325304691,0.0347373348206509,1,2372.46676115985,-0.0346021257636662
"8639","TRAF3",0.852175887859522,0.995548325304691,0.0347312396093652,1,2372.46676115985,-0.0205455793285368
"1388","NRBP1",0.852178495475187,0.995548325304691,0.0347300000129024,1,2372.46676115985,0.027143144026882
"4271","KHDRBS2",0.852199722233495,0.995548325304691,0.0347199101847449,1,2372.46676115985,-0.100420307015814
"10423","ALYREF",0.852253587499854,0.995548325304691,0.0346943129286624,1,2372.46676115985,0.0638857823601502
"6592","TUBGCP2",0.852479703853528,0.995548325304691,0.0345869669631502,1,2372.46676115985,0.0223206583048069
"12106","TRMT2A",0.852505261049957,0.995548325304691,0.0345748448216526,1,2372.46676115985,0.0610339485170157
"12157","ASPHD2",0.852772187818372,0.995548325304691,0.0344483690215707,1,2372.46676115985,-0.106736096010605
"1589","TTC31",0.852787529572322,0.995548325304691,0.0344411070451894,1,2372.46676115985,-0.0547520016435721
"6700","ZNF143",0.85285334875749,0.995548325304691,0.0344099607040022,1,2372.46676115985,0.0409406358834279
"5446","PTDSS1",0.852869735558557,0.995548325304691,0.0344022085607956,1,2372.46676115985,-0.0356088991202495
"8795","DUOX1",0.852877112832083,0.995548325304691,0.0343987188712473,1,2372.46676115985,-0.126055414926903
"2948","ABLIM2",0.85296815047702,0.995548325304691,0.0343556701840402,1,2372.46676115985,-0.14942283248579
"10949","ZNF333",0.852974887286391,0.995548325304691,0.0343524856779162,1,2372.46676115985,0.0515793746399795
"3674","ZCCHC10",0.85300590605437,0.995548325304691,0.0343378250008457,1,2372.46676115985,0.0318758826326073
"4863","RBM48",0.853183831824821,0.995548325304691,0.0342537928807189,1,2372.46676115985,0.0616532321360058
"4978","CDHR3",0.853184938425419,0.995548325304691,0.0342532705802467,1,2372.46676115985,-0.227774817487908
"1679","MITD1",0.853208689768445,0.995548325304691,0.0342420612613436,1,2372.46676115985,-0.0364781502701941
"8896","DPP8",0.853208810047576,0.995548325304691,0.0342420045010814,1,2372.46676115985,-0.0250547506249337
"8587","GPR68",0.85338405964888,0.995548325304691,0.0341593551049066,1,2372.46676115985,0.0833135954471869
"10379","PGS1",0.853671077171425,0.995548325304691,0.0340242179485026,1,2372.46676115985,-0.0285031225818107
"3843","DUSP1",0.853762879774888,0.995548325304691,0.0339810527641284,1,2372.46676115985,-0.0524689908923557
"6717","BTBD10",0.853775281359074,0.995548325304691,0.0339752237652835,1,2372.46676115985,0.0345165325211792
"6003","PHYHD1",0.853878475511137,0.995548325304691,0.0339267404460723,1,2372.46676115985,-0.192778293987916
"11006","RAB3A",0.853901477111287,0.995548325304691,0.0339159385692501,1,2372.46676115985,0.203542322347722
"5207","MICU3",0.853948691239743,0.995548325304691,0.0338937717177167,1,2372.46676115985,-0.0723294416150347
"4568","PDGFA",0.854055118052433,0.995548325304691,0.0338438322158994,1,2372.46676115985,-0.284383952958536
"4165","KCTD20",0.854123210012143,0.995548325304691,0.0338119008500826,1,2372.46676115985,-0.0247285420634175
"9090","NPRL3",0.85413083396574,0.995548325304691,0.0338083266070988,1,2372.46676115985,-0.045598719180761
"9405","ZNF668",0.854160815668385,0.995548325304691,0.0337942725540703,1,2372.46676115985,-0.0931282781529538
"11176","YIF1B",0.854210556843257,0.995548325304691,0.033770962825212,1,2372.46676115985,0.0439708073301187
"6886","PPP1R32",0.854271364926987,0.995548325304691,0.0337424782107208,1,2372.46676115985,0.142834472772526
"922","DEDD",0.854284477860034,0.995548325304691,0.0337363372866976,1,2372.46676115985,0.0437975784021972
"10002","CCL3L1",0.854335173489651,0.995548325304691,0.0337126014259681,1,2372.46676115985,0.423356352614456
"9961","RNF135",0.854360411100108,0.995548325304691,0.0337007883128426,1,2372.46676115985,-0.0238003352149436
"8193","GPC6",0.854390763310938,0.995548325304691,0.0336865840136321,1,2372.46676115985,-0.458799682299687
"4938","UFSP1",0.854484511112865,0.995548325304691,0.0336427312380656,1,2372.46676115985,-0.268661984049206
"5123","ZNF777",0.854499627112046,0.995548325304691,0.0336356631320556,1,2372.46676115985,0.0656016225599702
"8502","PAPLN",0.854512216428967,0.995548325304691,0.0336297770658901,1,2372.46676115985,0.0510345890665522
"11064","ZNF493",0.854694344360416,0.995548325304691,0.0335446837087995,1,2372.46676115985,-0.0680647324635683
"3149","GPRIN3",0.85469960674299,0.995548325304691,0.0335422266876128,1,2372.46676115985,-0.0172849733135523
"11314","PPP1R13L",0.854709785895814,0.995548325304691,0.0335374742765516,1,2372.46676115985,0.132727642888607
"2105","RAMP1",0.854710246723158,0.995548325304691,0.0335372591351551,1,2372.46676115985,-0.0510548940751948
"1984","INO80D",0.854742976548826,0.995548325304691,0.0335219807454045,1,2372.46676115985,-0.0285336120217559
"6363","CCSER2",0.854923095561353,0.995548325304691,0.03343796497511,1,2372.46676115985,-0.0223455317611044
"2267","SCN11A",0.854929890431486,0.995548325304691,0.0334347976684016,1,2372.46676115985,0.172735228894149
"2376","RBM6",0.855146221462813,0.995548325304691,0.0333340398765323,1,2372.46676115985,-0.0166535777802522
"8153","RNASEH2B",0.855288994841109,0.995548325304691,0.0332676281737463,1,2372.46676115985,-0.0267447733639453
"3122","MRPS18C",0.855365893376568,0.995548325304691,0.0332318868134334,1,2372.46676115985,0.0219194856960018
"4782","NSUN5",0.855519009352367,0.995548325304691,0.0331607797605452,1,2372.46676115985,0.0468333779722422
"321","OSCP1",0.855554436394651,0.995548325304691,0.0331443386522132,1,2372.46676115985,0.107523132508513
"5769","PSAT1",0.85564839208989,0.995548325304691,0.0331007557547294,1,2372.46676115985,0.243999109430207
"5649","RPS6",0.855667152169982,0.995548325304691,0.0330920571303339,1,2372.46676115985,0.0141924009916889
"5212","PDGFRL",0.855760026173204,0.995548325304691,0.0330490109524018,1,2372.46676115985,-0.158404666102014
"10203","STXBP4",0.855838545930928,0.995548325304691,0.0330126404020125,1,2372.46676115985,0.0472544855213592
"4912","MBLAC1",0.855919366378232,0.995548325304691,0.0329752257692958,1,2372.46676115985,-0.190721028095292
"1782","ZRANB3",0.855976642807027,0.995548325304691,0.0329487237600398,1,2372.46676115985,-0.0413257612488492
"12008","CBR1",0.856014192903804,0.995548325304691,0.0329313551679165,1,2372.46676115985,0.0243947504616446
"9815","RNF227",0.856206074027069,0.995548325304691,0.0328426754373649,1,2372.46676115985,0.200099436270544
"5991","GLE1",0.856253602626995,0.995548325304691,0.0328207287144001,1,2372.46676115985,-0.0432095966677
"5674","SMU1",0.856274177026946,0.995548325304691,0.0328112306651797,1,2372.46676115985,-0.0295658487660329
"3031","TEC",0.856288235454471,0.995548325304691,0.0328047414922592,1,2372.46676115985,0.022021109060436
"12452","EIF2S3",0.856310127639651,0.995548325304691,0.0327946376864257,1,2372.46676115985,-0.0267261929051392
"10798","ELAVL1",0.856766437604776,0.995548325304691,0.0325844047579169,1,2372.46676115985,0.0311530128870535
"4278","SDHAF4",0.856800039679154,0.995548325304691,0.0325689510731252,1,2372.46676115985,-0.0602358300423169
"786","POGZ",0.8568049620365,0.995548325304691,0.0325666875855164,1,2372.46676115985,-0.0218333021902362
"6353","ZMIZ1",0.856837398659752,0.995548325304691,0.032551774020266,1,2372.46676115985,0.0180121988293431
"10236","VMP1",0.856925073785008,0.995548325304691,0.0325114807934116,1,2372.46676115985,-0.0146780571334426
"5553","RHPN1",0.857044383097149,0.995548325304691,0.032456690695167,1,2372.46676115985,0.0773370263275708
"11016","ELL",0.857097181283861,0.995548325304691,0.0324324595513667,1,2372.46676115985,-0.0291354539576719
"6754","KIF18A",0.857127916276415,0.995548325304691,0.0324183583684318,1,2372.46676115985,-0.219188491323317
"7075","IL18BP",0.857128019846776,0.995548325304691,0.0324183108558088,1,2372.46676115985,0.0420236857422036
"983","FMO4",0.857538210545125,0.995548325304691,0.0322304189397373,1,2372.46676115985,0.0591750216635579
"3823","CCNG1",0.857804555586791,0.995548325304691,0.0321087187749201,1,2372.46676115985,0.0353959698326261
"1398","BABAM2",0.857811620321795,0.995548325304691,0.032105493943484,1,2372.46676115985,0.0202772663268963
"248","TRNAU1AP",0.857814968768621,0.995548325304691,0.0321039655402121,1,2372.46676115985,0.0342492919263168
"4972","KMT2E",0.857899960805849,0.995548325304691,0.0320651833773955,1,2372.46676115985,0.0152627758000684
"1168","C1orf115",0.857903344315536,0.995548325304691,0.0320636399708187,1,2372.46676115985,-0.26442700109063
"1896","ITPRID2",0.857967815439731,0.995548325304691,0.0320342384371952,1,2372.46676115985,-0.0282374669223666
"2382","HYAL1",0.85796860741215,0.995548325304691,0.0320338773511324,1,2372.46676115985,-0.1946123588216
"8331","G2E3",0.858069286958905,0.995548325304691,0.0319879913653802,1,2372.46676115985,-0.0374048461721677
"6368","SHLD2",0.858072069753028,0.995548325304691,0.0319867235535357,1,2372.46676115985,0.025542376747529
"4625","GLCCI1",0.85809982199982,0.995548325304691,0.0319740813393564,1,2372.46676115985,0.0395458430014821
"3852","SFXN1",0.858137751326584,0.995548325304691,0.0319568072449863,1,2372.46676115985,0.0398148692372308
"5243","TNFRSF10D",0.858357475187493,0.995548325304691,0.0318568335142005,1,2372.46676115985,-0.0479595171926365
"844","MTX1",0.858500925818834,0.995548325304691,0.0317916510832836,1,2372.46676115985,0.0419251630625331
"7024","RBM4",0.858552961306661,0.995548325304691,0.0317680237382763,1,2372.46676115985,-0.0299507280973118
"4739","TBRG4",0.858787868862045,0.995548325304691,0.0316614739006923,1,2372.46676115985,-0.0443449955256299
"657","ATP5PB",0.858798096012546,0.995548325304691,0.0316568392440446,1,2372.46676115985,-0.0263512222517057
"11417","SIGLEC11",0.858850682131566,0.995548325304691,0.0316330142216953,1,2372.46676115985,-0.106382267766774
"1358","POMC",0.858862075207893,0.995548325304691,0.0316278536170337,1,2372.46676115985,-0.081270491757546
"9367","YPEL3",0.859124049289115,0.995548325304691,0.0315093097097288,1,2372.46676115985,0.0302538607918635
"37","SKI",0.859272677424695,0.995548325304691,0.0314421571922245,1,2372.46676115985,-0.0522495494076348
"6496","CALHM2",0.859307109745662,0.995548325304691,0.0314266106721821,1,2372.46676115985,0.0518547374675941
"4622","MIOS",0.859729642594483,0.995548325304691,0.0312361559281756,1,2372.46676115985,-0.0277418046077038
"2243","TMPPE",0.859811772665147,0.995548325304691,0.0311992054691144,1,2372.46676115985,-0.185067553601035
"9482","CCDC113",0.859836670862145,0.995548325304691,0.0311880081821526,1,2372.46676115985,0.195666301929734
"11864","B4GALT5",0.859839271430998,0.995548325304691,0.0311868387665702,1,2372.46676115985,0.0243577522839139
"2455","ABHD6",0.8599731617797,0.995548325304691,0.0311266619227478,1,2372.46676115985,-0.0288907573729441
"3211","METTL14",0.860038002446933,0.995548325304691,0.0310975409053045,1,2372.46676115985,0.0352661182320344
"1672","INPP4A",0.860053576977171,0.995548325304691,0.0310905482189395,1,2372.46676115985,0.0176000073754959
"5441","TP53INP1",0.860087024971998,0.995548325304691,0.0310755334058961,1,2372.46676115985,-0.0370227893896315
"3893","ZNF879",0.860190463231317,0.995548325304691,0.031029123607458,1,2372.46676115985,-0.137448730920125
"2272","SLC25A38",0.860251669678647,0.995548325304691,0.0310016788583575,1,2372.46676115985,0.0783768839183531
"9192","TRAP1",0.860266849567374,0.995548325304691,0.030994874188755,1,2372.46676115985,0.0467547393718565
"11427","SHANK1",0.860393504638697,0.995548325304691,0.0309381286939547,1,2372.46676115985,0.276331770051638
"6130","GDI2",0.860400865987446,0.995548325304691,0.030934832224147,1,2372.46676115985,-0.01794007854296
"9292","OTOA",0.860407413096213,0.995548325304691,0.0309319005295322,1,2372.46676115985,-0.0751257980010995
"8668","PACS2",0.860458010343807,0.995548325304691,0.0309092486905861,1,2372.46676115985,0.0315186499594685
"934","FCGR3A",0.860597941969471,0.995548325304691,0.0308466473576452,1,2372.46676115985,-0.0194050254775966
"9227","NUBP1",0.860632675839073,0.995548325304691,0.0308311185703581,1,2372.46676115985,0.0349865082143545
"7049","UNC93B1",0.860685850078573,0.995548325304691,0.0308073532868049,1,2372.46676115985,-0.0163244534959922
"12649","ARMCX5-GPRASP2",0.860838704133452,0.995548325304691,0.0307390904752494,1,2372.46676115985,0.049096533141891
"12756","TMEM185A",0.860859923723793,0.995548325304691,0.0307296202262805,1,2372.46676115985,0.045809662521032
"4140","LEMD2",0.860873278418439,0.995548325304691,0.0307236608312536,1,2372.46676115985,0.0418012047899017
"8620","VRK1",0.860928027040307,0.995548325304691,0.0306992360487658,1,2372.46676115985,-0.0512079679811028
"5290","ERLIN2",0.860964607620522,0.995548325304691,0.0306829220805413,1,2372.46676115985,0.0497242441889119
"5562","ZNF623",0.861028193684762,0.995548325304691,0.0306545750183611,1,2372.46676115985,-0.0602691675510566
"5124","ZNF746",0.861046265065127,0.995548325304691,0.0306465211488113,1,2372.46676115985,0.0400032617993124
"9601","AC025287.4",0.86110072864623,0.995548325304691,0.0306222549684178,1,2372.46676115985,0.275115345311856
"4773","KCTD7",0.861106561713091,0.995548325304691,0.0306196566400203,1,2372.46676115985,-0.0315029827516369
"991","TNFSF18",0.861255065083908,0.995548325304691,0.0305535443648546,1,2372.46676115985,-0.27315079432754
"10345","TRIM47",0.861329985689714,0.995548325304691,0.03052021837522,1,2372.46676115985,0.0848151110432328
"573","LRRC8B",0.861443108896781,0.995548325304691,0.0304699347126111,1,2372.46676115985,-0.0380554672845646
"11216","C19orf47",0.861464873965441,0.995548325304691,0.0304602649636484,1,2372.46676115985,-0.0728268609850794
"1542","GFPT1",0.861513876406988,0.995548325304691,0.030438500027411,1,2372.46676115985,0.0257992214687115
"1596","M1AP",0.861549172275099,0.995548325304691,0.0304228279721457,1,2372.46676115985,0.0894794914541121
"2741","RSRC1",0.861649846115817,0.995548325304691,0.0303781496647891,1,2372.46676115985,-0.0171404146418149
"8363","MIA2",0.861708952428807,0.995548325304691,0.0303519344800328,1,2372.46676115985,0.025042779584179
"2827","TBCCD1",0.861732620746028,0.995548325304691,0.0303414402360252,1,2372.46676115985,0.0591651751711758
"11212","ZNF780B",0.861828295085565,0.995548325304691,0.0302990384504025,1,2372.46676115985,-0.0321086935363651
"5848","SEC61B",0.861878474074888,0.995548325304691,0.0302768119016769,1,2372.46676115985,0.0171161999911084
"3524","GFM2",0.861917532545174,0.995548325304691,0.030259516950393,1,2372.46676115985,0.0432411946858146
"2329","SCAP",0.861919620255085,0.995548325304691,0.0302585926632158,1,2372.46676115985,-0.0448012928354337
"541","IFI44L",0.861943991848393,0.995548325304691,0.0302478037576732,1,2372.46676115985,-0.0129894588163891
"12624","ZNF711",0.862067185020503,0.995548325304691,0.0301932984852316,1,2372.46676115985,-0.269218056787418
"2818","EHHADH",0.862124906686046,0.995548325304691,0.0301677776800175,1,2372.46676115985,0.0655358012716227
"7359","WNT5B",0.862210162929102,0.995548325304691,0.0301301031909317,1,2372.46676115985,0.143613573988136
"10539","SLC39A6",0.862259379410201,0.995548325304691,0.0301083656086893,1,2372.46676115985,0.044484854443977
"10113","TMUB2",0.862285928875113,0.995548325304691,0.030096642786682,1,2372.46676115985,0.031154815774661
"6807","MDK",0.862348595763415,0.995548325304691,0.0300689817695587,1,2372.46676115985,0.0752622287514975
"12552","MTRNR2L10",0.862417243654212,0.995548325304691,0.0300386957864362,1,2372.46676115985,0.155497609261987
"12739","ZNF75D",0.862458153635268,0.995548325304691,0.0300206546513836,1,2372.46676115985,-0.0298218898816115
"6239","ZNF22",0.862495458230948,0.995548325304691,0.0300042083424217,1,2372.46676115985,0.0366561686231231
"7442","CLECL1",0.862504345630775,0.995548325304691,0.030000290879116,1,2372.46676115985,0.0379425720134109
"11290","ZNF233",0.862554491942204,0.995548325304691,0.0299781919001346,1,2372.46676115985,0.191469967310686
"5818","ZNF169",0.86265661679884,0.995548325304691,0.0299332124255954,1,2372.46676115985,0.0409620190703075
"9997","CCL5",0.862657125502866,0.995548325304691,0.0299329884610293,1,2372.46676115985,-0.068063968823138
"12632","XKRX",0.862729042265987,0.995548325304691,0.0299013347134497,1,2372.46676115985,-0.28188144507463
"9333","EIF3C",0.862754026934674,0.995548325304691,0.0298903418925258,1,2372.46676115985,0.0941645746987968
"10366","JMJD6",0.862756495051167,0.995548325304691,0.0298892560770388,1,2372.46676115985,-0.0545729195088951
"6135","RBM17",0.862922503788207,0.995548325304691,0.0298162693377094,1,2372.46676115985,0.0223796518080917
"5194","MTMR9",0.863013282833811,0.995548325304691,0.0297763966442819,1,2372.46676115985,-0.0367955428881771
"12100","RTL10",0.863038334422531,0.995548325304691,0.029765398123371,1,2372.46676115985,0.0905941763131837
"6332","AGAP5",0.863161512648427,0.995548325304691,0.0297113490203717,1,2372.46676115985,0.0608400501630142
"5862","NIPSNAP3A",0.863183378630066,0.995548325304691,0.0297017597802974,1,2372.46676115985,0.0449672081803293
"851","RUSC1",0.863218508361593,0.995548325304691,0.0296863571119194,1,2372.46676115985,0.0583739349391098
"6493","TAF5",0.86325987248169,0.995548325304691,0.0296682262423377,1,2372.46676115985,-0.0793147310083214
"3787","GPX3",0.863455016814907,0.995548325304691,0.0295827667886031,1,2372.46676115985,0.0405525787389895
"8272","TOX4",0.863470623351722,0.995548325304691,0.0295759377068744,1,2372.46676115985,-0.0293642977624588
"6506","SORCS1",0.863514167170738,0.995548325304691,0.0295568881683703,1,2372.46676115985,0.139418099654495
"2143","BHLHE40",0.863642300322967,0.995548325304691,0.0295008691603898,1,2372.46676115985,0.0613242616120789
"4269","RAB23",0.863822650501294,0.995548325304691,0.0294221138806205,1,2372.46676115985,-0.0879781611536957
"6326","CFAP70",0.863834894598882,0.995548325304691,0.0294167710586524,1,2372.46676115985,0.0902372119130461
"10084","PLEKHH3",0.863869252767537,0.995548325304691,0.0294017812301278,1,2372.46676115985,-0.0929226396180361
"1666","ANKRD36",0.863905469416504,0.995548325304691,0.0293859848385797,1,2372.46676115985,0.0366007249052585
"4958","RASA4",0.863922320936865,0.995548325304691,0.0293786363047689,1,2372.46676115985,0.0888675175464575
"5114","CUL1",0.863987203739013,0.995548325304691,0.0293503513421108,1,2372.46676115985,0.0181140876946345
"560","SH3GLB1",0.864036891354823,0.995548325304691,0.029328700039188,1,2372.46676115985,-0.0164921433789328
"122","DNAJC16",0.864091348384304,0.995548325304691,0.0293049799165528,1,2372.46676115985,-0.0383208217913608
"1103","CDK18",0.864188432985566,0.995548325304691,0.02926271678797,1,2372.46676115985,0.0438930578324088
"9000","ABHD17C",0.864479895404717,0.995548325304691,0.0291360251511543,1,2372.46676115985,-0.10347940533276
"7923","MED13L",0.864586704387786,0.995548325304691,0.0290896686998892,1,2372.46676115985,-0.0133718300546811
"7577","RHEBL1",0.864665571645308,0.995548325304691,0.0290554636874998,1,2372.46676115985,-0.180304542229681
"11436","CLDND2",0.864750482253703,0.995548325304691,0.0290186607992083,1,2372.46676115985,0.157505818085788
"10682","SF3A2",0.864796332852732,0.995548325304691,0.0289987977078469,1,2372.46676115985,-0.0536013978852794
"5215","ASAH1",0.864837929882661,0.995548325304691,0.0289807833733684,1,2372.46676115985,-0.0113615405457656
"9952","EFCAB5",0.86501623468774,0.995548325304691,0.0289036305541124,1,2372.46676115985,0.105775442761089
"7629","AAAS",0.865114652710953,0.995548325304691,0.028861090212075,1,2372.46676115985,0.0586392270522055
"167","USP48",0.865447556291088,0.995548325304691,0.0287174344025827,1,2372.46676115985,0.022717708266594
"6661","UBQLNL",0.865453040061752,0.995548325304691,0.0287150711120711,1,2372.46676115985,0.266048116085416
"1944","SATB2",0.86547170052046,0.995548325304691,0.0287070299341849,1,2372.46676115985,-0.0728752091527309
"4865","CDK6",0.865532584976474,0.995548325304691,0.0286808016174514,1,2372.46676115985,-0.0281284504053049
"9669","SPATA2L",0.865572392893933,0.995548325304691,0.0286636594957541,1,2372.46676115985,-0.0983908904045413
"2426","NEK4",0.865653876303318,0.995548325304691,0.0286285874732959,1,2372.46676115985,-0.0363143267993306
"6809","HARBI1",0.865665425112095,0.995548325304691,0.0286236184313308,1,2372.46676115985,0.108311942033498
"1879","NFE2L2",0.865684890862247,0.995548325304691,0.028615244014891,1,2372.46676115985,-0.014229981194352
"3115","THAP9",0.865832431356199,0.995548325304691,0.0285518111700814,1,2372.46676115985,0.106606298237467
"6864","MS4A6A",0.86591464894497,0.995548325304691,0.0285164943501679,1,2372.46676115985,-0.0214146814861795
"1836","COBLL1",0.866033195861916,0.995548325304691,0.0284656117269982,1,2372.46676115985,0.0643746335415167
"12205","PATZ1",0.866225063570963,0.995548325304691,0.0283833574224963,1,2372.46676115985,0.0689971624471782
"11583","ZNF552",0.866254545972896,0.995548325304691,0.028370729070282,1,2372.46676115985,-0.0542310686863944
"3628","AP3S1",0.866316760819062,0.995548325304691,0.028344089740996,1,2372.46676115985,0.0231480047336728
"7693","MYO1A",0.866373583111054,0.995548325304691,0.0283197706535716,1,2372.46676115985,0.185162236979531
"4473","VTA1",0.866468621836877,0.995548325304691,0.0282791194943608,1,2372.46676115985,-0.0269910364569786
"687","TSPAN2",0.866469401048516,0.995548325304691,0.028278786324245,1,2372.46676115985,-0.134897803002935
"3806","GEMIN5",0.866505035817073,0.995548325304691,0.0282635520040742,1,2372.46676115985,-0.0628031067429126
"12493","CFP",0.866556116958581,0.995548325304691,0.0282417215229015,1,2372.46676115985,-0.156089789105898
"2632","CNBP",0.866565135940907,0.995548325304691,0.0282378679929083,1,2372.46676115985,-0.0169306494607444
"11967","MRPL39",0.866601327001451,0.995548325304691,0.028222407399961,1,2372.46676115985,0.0590113326312594
"3911","TRIM41",0.866757583272763,0.995548325304691,0.0281557056746827,1,2372.46676115985,-0.0529916797253195
"8775","ADAL",0.866789751013687,0.995548325304691,0.0281419841765564,1,2372.46676115985,-0.052701700710889
"8141","CDADC1",0.866928361025045,0.995548325304691,0.0280828979043476,1,2372.46676115985,0.045444901719673
"11750","ASIP",0.867046449837667,0.995548325304691,0.0280326097084433,1,2372.46676115985,-0.116629739290751
"11923","DIDO1",0.867110491167563,0.995548325304691,0.028005357042837,1,2372.46676115985,-0.028037848665933
"11681","ESF1",0.867344757330765,0.995548325304691,0.0279057815978719,1,2372.46676115985,-0.0308657998319378
"9211","UBN1",0.867348901242914,0.995548325304691,0.0279040218579872,1,2372.46676115985,-0.0236334308182864
"8105","WBP4",0.867353973336207,0.995548325304691,0.0279018680374281,1,2372.46676115985,0.0320136077319823
"4803","GTF2IRD2",0.867438501893467,0.995548325304691,0.0278659862940366,1,2372.46676115985,-0.0758014356469437
"11424","EMC10",0.867538632553356,0.995548325304691,0.0278235122782807,1,2372.46676115985,0.0249302270779464
"1343","MFSD2B",0.867581406697803,0.995548325304691,0.0278053782384309,1,2372.46676115985,-0.245070280138548
"4563","FAM120B",0.867692232124867,0.995548325304691,0.0277584222143861,1,2372.46676115985,0.0202704577984451
"1796","MBD5",0.867757230430075,0.995548325304691,0.027730901822257,1,2372.46676115985,0.0148652774108041
"1230","SPRTN",0.867766062763743,0.995548325304691,0.027727163279862,1,2372.46676115985,0.0470411267665378
"1342","UBXN2A",0.867776076064079,0.995548325304691,0.0277229251722155,1,2372.46676115985,-0.0262999173852394
"2771","FNDC3B",0.867894599399081,0.995548325304691,0.027672785718128,1,2372.46676115985,0.0124556102190125
"6322","ECD",0.867901518673042,0.995548325304691,0.0276698600676908,1,2372.46676115985,-0.0411112083581819
"3617","REEP5",0.867973193044859,0.995548325304691,0.027639563614664,1,2372.46676115985,-0.0193699483474643
"10289","SLC16A6",0.867991714218643,0.995548325304691,0.027631737565892,1,2372.46676115985,0.0336723943502739
"6532","SLC18A2",0.868009703926578,0.995548325304691,0.0276241371761118,1,2372.46676115985,0.148853487674158
"9001","CEMIP",0.868073270291199,0.995548325304691,0.0275972899168042,1,2372.46676115985,0.139729225417551
"4101","GPSM3",0.868083223246213,0.995548325304691,0.0275930874999156,1,2372.46676115985,0.0189758767965918
"7840","SLC41A2",0.868194571184306,0.995548325304691,0.0275460956920989,1,2372.46676115985,-0.0264386184935355
"9074","TTC23",0.868382048407895,0.995548325304691,0.0274670682596063,1,2372.46676115985,-0.0405205144759656
"2529","NXPE3",0.868395111273217,0.995548325304691,0.0274615662058362,1,2372.46676115985,-0.0499066547148544
"331","YRDC",0.868427976585187,0.995548325304691,0.0274477259041322,1,2372.46676115985,-0.0706846492964693
"12344","ATXN10",0.868488297493568,0.995548325304691,0.0274223327767417,1,2372.46676115985,-0.021550570705694
"472","FAM151A",0.868545116594417,0.995548325304691,0.0273984248384737,1,2372.46676115985,-0.244772771832447
"2612","CFAP100",0.868596983024365,0.995548325304691,0.0273766102022241,1,2372.46676115985,0.194413311557364
"2441","CCDC66",0.8686001126021,0.995548325304691,0.0273752942105476,1,2372.46676115985,-0.028437263337044
"10878","ZNF491",0.868612374498559,0.995548325304691,0.0273701383795733,1,2372.46676115985,-0.117096954840062
"4914","MAP11",0.868663491538824,0.995548325304691,0.0273486502746602,1,2372.46676115985,0.085594053348632
"6821","MYBPC3",0.868810904574501,0.995548325304691,0.0272867307043,1,2372.46676115985,-0.0971501018784763
"10981","BABAM1",0.868813251538677,0.995548325304691,0.0272857454653205,1,2372.46676115985,-0.0318486633620981
"7660","PYM1",0.868867290233332,0.995548325304691,0.0272630654570375,1,2372.46676115985,0.0329264071101935
"9265","RPS15A",0.86889360662739,0.995548325304691,0.0272520239893742,1,2372.46676115985,0.0102699430217557
"4600","TNRC18",0.869052333254124,0.995548325304691,0.0271854763850122,1,2372.46676115985,-0.0179678777908328
"11346","INAFM1",0.869116635443453,0.995548325304691,0.0271585408816263,1,2372.46676115985,0.0771060948593277
"4020","ZSCAN26",0.869175218992676,0.995548325304691,0.0271340127937634,1,2372.46676115985,-0.0371502778246857
"12200","SMTN",0.869223613489721,0.995548325304691,0.0271137592999024,1,2372.46676115985,-0.134414187984811
"1988","FASTKD2",0.869243783459233,0.995548325304691,0.0271053202953604,1,2372.46676115985,-0.0461792146877692
"11279","ZNF155",0.869305903602514,0.995548325304691,0.0270793380441952,1,2372.46676115985,-0.0425981708923336
"4854","FZD1",0.869314603709087,0.995548325304691,0.0270757001760044,1,2372.46676115985,0.0632663002276259
"10224","TEX14",0.869317297640921,0.995548325304691,0.0270745737844963,1,2372.46676115985,0.118887766791387
"12489","USP11",0.869434968901648,0.995548325304691,0.0270253963525759,1,2372.46676115985,-0.0420126978092463
"10540","ELP2",0.869488339568069,0.995548325304691,0.027003106700299,1,2372.46676115985,0.0342269495979656
"12000","ITSN1",0.869529976976852,0.995548325304691,0.0269857238676396,1,2372.46676115985,-0.0144108936853861
"11552","ZFP28",0.86954271596795,0.995548325304691,0.0269804067274794,1,2372.46676115985,-0.144093026097175
"8","TNFRSF18",0.86954305218794,0.995548325304691,0.0269802663995707,1,2372.46676115985,0.0926068964695945
"3923","SERPINB6",0.869667649866896,0.995548325304691,0.0269282889544068,1,2372.46676115985,-0.0172363505656067
"2303","ZNF501",0.869698864271266,0.995548325304691,0.0269152755456181,1,2372.46676115985,-0.172392644993955
"6851","TMX2",0.869702292737434,0.995548325304691,0.0269138464013583,1,2372.46676115985,-0.0305922736164718
"12573","VSIG4",0.869703288194404,0.995548325304691,0.0269134314558635,1,2372.46676115985,0.029366370367097
"121","CASP9",0.869793031854982,0.995548325304691,0.0268760362763029,1,2372.46676115985,0.0557181113565643
"12502","EBP",0.869894597163558,0.995548325304691,0.0268337473508074,1,2372.46676115985,0.0532896125176843
"11188","ECH1",0.869954322186429,0.995548325304691,0.0268088955024831,1,2372.46676115985,0.0244061321294392
"12372","ODF3B",0.869962037212416,0.995548325304691,0.0268056861079832,1,2372.46676115985,-0.0296007621004604
"2651","ACKR4",0.870145821694258,0.995548325304691,0.0267292914234415,1,2372.46676115985,-0.189780939232162
"6569","ZRANB1",0.870355427292944,0.995548325304691,0.0266423001544741,1,2372.46676115985,-0.0273608040570511
"3035","OCIAD2",0.870498182566146,0.995548325304691,0.026583136677296,1,2372.46676115985,-0.0944423666579463
"11325","FBXO46",0.870523342662147,0.995548325304691,0.0265727163283672,1,2372.46676115985,-0.0536594884857721
"10761","RFX2",0.870715442316487,0.995548325304691,0.0264932251281708,1,2372.46676115985,-0.0323660125826909
"42","TNFRSF14",0.870754698727238,0.995548325304691,0.0264769957927142,1,2372.46676115985,-0.022768151186758
"12442","RPS6KA3",0.870756963751281,0.995548325304691,0.0264760595450986,1,2372.46676115985,-0.0184344644964117
"8432","DAAM1",0.870793442890708,0.995548325304691,0.0264609832345187,1,2372.46676115985,-0.0383899395577631
"3407","TTC23L",0.870807459007555,0.995548325304691,0.026455191744378,1,2372.46676115985,-0.272961230478974
"6582","C10orf143",0.870859083432673,0.995548325304691,0.0264338660304178,1,2372.46676115985,0.089830901788533
"2456","RPP14",0.870923896095321,0.995548325304691,0.0264071048376852,1,2372.46676115985,-0.0548613554769232
"1359","DNMT3A",0.870952742492965,0.995548325304691,0.0263951986139429,1,2372.46676115985,-0.0351944514513987
"214","UBXN11",0.871024408901036,0.995548325304691,0.0263656305462306,1,2372.46676115985,-0.0359014505543664
"149","EMC1",0.871054031138243,0.995548325304691,0.0263534139956787,1,2372.46676115985,0.0446316170486161
"8045","EEF1AKMT1",0.871108062127668,0.995548325304691,0.0263311384787807,1,2372.46676115985,0.0538494809142981
"1538","FBXO48",0.871146675143185,0.995548325304691,0.0263152252982795,1,2372.46676115985,0.0734095464366196
"7265","JAML",0.871286475854062,0.995548325304691,0.0262576519763006,1,2372.46676115985,-0.0467316501662997
"8204","DOCK9",0.871378911879331,0.995548325304691,0.0262196201153069,1,2372.46676115985,-0.238969993919181
"8875","USP3",0.871394441703467,0.995548325304691,0.0262132333026622,1,2372.46676115985,-0.0199410342606294
"11072","ZNF675",0.871485970343281,0.995548325304691,0.0261756073515886,1,2372.46676115985,-0.0450557224721337
"7597","LARP4",0.87151493953753,0.995548325304691,0.0261637043593768,1,2372.46676115985,-0.0215012794389356
"2790","FXR1",0.871585482597085,0.995548325304691,0.0261347309291437,1,2372.46676115985,-0.0192669829968584
"528","TYW3",0.871932027410675,0.995548325304691,0.025992637300637,1,2372.46676115985,0.0390440020248464
"5294","EIF4EBP1",0.871965802611928,0.995548325304691,0.0259788097224744,1,2372.46676115985,0.029256476352567
"11703","CRNKL1",0.872021630039375,0.995548325304691,0.0259559622316239,1,2372.46676115985,0.0393786675767158
"6933","OTUB1",0.872037634711399,0.995548325304691,0.0259494141882129,1,2372.46676115985,-0.0316219044591479
"11088","TDRD12",0.872153625834486,0.995548325304691,0.0259019836908879,1,2372.46676115985,-0.188987015131224
"12220","HMOX1",0.872273544221936,0.995548325304691,0.025852994072428,1,2372.46676115985,-0.016358377570978
"1105","ELK4",0.87233080359203,0.995548325304691,0.0258296189879083,1,2372.46676115985,-0.0300502320848076
"3377","MTRR",0.872365955187914,0.995548325304691,0.0258152743681246,1,2372.46676115985,0.0517228396389453
"11525","TMEM150B",0.872399897935269,0.995548325304691,0.0258014269324952,1,2372.46676115985,-0.0386883874717807
"4396","FRK",0.872726251647737,0.995548325304691,0.0256684806545908,1,2372.46676115985,-0.150475559199246
"3415","SKP2",0.873008843043981,0.995548325304691,0.0255536462962668,1,2372.46676115985,0.059660559446398
"8115","DNAJC15",0.873041605204393,0.995548325304691,0.0255403500841754,1,2372.46676115985,-0.0198398747669888
"181","ELOA",0.873264307545756,0.995548325304691,0.0254500624879665,1,2372.46676115985,-0.0320505634047375
"12174","GAS2L1",0.873312553272009,0.995548325304691,0.0254305243944053,1,2372.46676115985,0.0479052690101468
"7625","RARG",0.873344369042988,0.995548325304691,0.0254176441568386,1,2372.46676115985,-0.0923762542740919
"6995","FIBP",0.873512332847571,0.995548325304691,0.0253497014536967,1,2372.46676115985,-0.0294316647143976
"5616","GLIS3",0.873743257466596,0.995548325304691,0.0252564427977343,1,2372.46676115985,0.0325482234380543
"2484","GPR27",0.873829111933932,0.995548325304691,0.0252218154967869,1,2372.46676115985,-0.250754012754268
"12331","EFCAB6",0.873858157933465,0.995548325304691,0.0252101060160524,1,2372.46676115985,0.0948529431860545
"9082","CHSY1",0.87387385492556,0.995548325304691,0.025203779157589,1,2372.46676115985,-0.0272449363853789
"11831","SYS1",0.874022022089801,0.995548325304691,0.0251440987331066,1,2372.46676115985,0.0412816821407637
"10005","MYO19",0.874152674534534,0.995548325304691,0.0250915332512184,1,2372.46676115985,0.0453147794283639
"490","ATG4C",0.874153281225851,0.995548325304691,0.0250912892922318,1,2372.46676115985,0.0209510702941227
"2983","ZCCHC4",0.87423338852933,0.995548325304691,0.0250590877133623,1,2372.46676115985,-0.0576652711847836
"4356","RTN4IP1",0.874284140370378,0.995548325304691,0.0250386974273737,1,2372.46676115985,0.0460598652737522
"10732","UBXN6",0.874372664964449,0.995548325304691,0.0250031517514107,1,2372.46676115985,-0.0245353928418648
"953","TMCO1",0.874387518432288,0.995548325304691,0.0249971901076049,1,2372.46676115985,0.0224569289011356
"3807","MRPL22",0.874486464050614,0.995548325304691,0.0249574955134437,1,2372.46676115985,0.0297773604607049
"1623","ATOH8",0.874518992741392,0.995548325304691,0.0249444528489635,1,2372.46676115985,0.115178871594656
"1191","TMEM63A",0.87471968223054,0.995548325304691,0.0248640619062132,1,2372.46676115985,-0.0282277024286052
"3494","SLC30A5",0.874799464782634,0.995548325304691,0.0248321400494804,1,2372.46676115985,-0.0337702198628393
"1960","CFLAR",0.874840241485453,0.995548325304691,0.0248158329670832,1,2372.46676115985,-0.0130180802443899
"8879","SNX1",0.87492805499502,0.995548325304691,0.0247807339515426,1,2372.46676115985,0.0181188913980946
"5383","RDH10",0.875107264734271,0.995548325304691,0.0247091828883806,1,2372.46676115985,0.0655521331637797
"9682","RFLNB",0.875244114743726,0.995548325304691,0.0246546156986114,1,2372.46676115985,-0.0442478351207467
"6515","SHOC2",0.87549445881865,0.995548325304691,0.0245549541431914,1,2372.46676115985,-0.0173819995235547
"8327","KHNYN",0.875531725138072,0.995548325304691,0.0245401361674316,1,2372.46676115985,0.0388757896010912
"1483","PPP1R21",0.875543221411338,0.995548325304691,0.0245355659003144,1,2372.46676115985,0.0195348993637448
"10625","RBFA",0.875578811330063,0.995548325304691,0.0245214201289197,1,2372.46676115985,-0.0719116100093688
"143","RCC2",0.875643582951597,0.995548325304691,0.0244956863556247,1,2372.46676115985,-0.025677064943328
"9201","HMOX2",0.875699600447334,0.995548325304691,0.0244734417590599,1,2372.46676115985,0.0319086921580942
"7374","TIGAR",0.875730996707695,0.995548325304691,0.0244609788035979,1,2372.46676115985,-0.0212574306067211
"9084","SNRPA1",0.875746692344755,0.995548325304691,0.0244547495347018,1,2372.46676115985,-0.0335614478698608
"3683","CDKN2AIPNL",0.875747750516393,0.995548325304691,0.0244543295978315,1,2372.46676115985,0.0640901613679341
"4463","ARFGEF3",0.875821235643069,0.995548325304691,0.0244251759593234,1,2372.46676115985,0.0969155244731461
"6889","FEN1",0.875888519968117,0.995548325304691,0.0243984979768734,1,2372.46676115985,-0.117061773582235
"1546","GMCL1",0.876101124081365,0.995548325304691,0.0243142993789067,1,2372.46676115985,0.0309047616387442
"2337","TMA7",0.876167903694085,0.995548325304691,0.024287883103842,1,2372.46676115985,0.0155819317709951
"11445","FPR2",0.876280146044879,0.995548325304691,0.0242435160860132,1,2372.46676115985,-0.0413985433966549
"9729","CYB5D2",0.876307814479111,0.995548325304691,0.0242325857240906,1,2372.46676115985,-0.043562768195799
"2250","TRANK1",0.876349860508227,0.995548325304691,0.024215980353551,1,2372.46676115985,0.0238063441820613
"1209","IBA57",0.876485308287382,0.995548325304691,0.024162527170524,1,2372.46676115985,-0.0952961366547909
"2740","SHOX2",0.876485586381034,0.995548325304691,0.0241624174857214,1,2372.46676115985,0.0701767954204502
"1662","ANKRD23",0.87652905647945,0.995548325304691,0.024145275284457,1,2372.46676115985,-0.0806976747919316
"5188","ERI1",0.876544421443181,0.995548325304691,0.0241392176832087,1,2372.46676115985,-0.0374491226146885
"5001","TMEM168",0.876626037291596,0.995548325304691,0.0241070538717562,1,2372.46676115985,0.030720970278944
"1042","TRMT1L",0.876786656545066,0.995548325304691,0.0240438199108651,1,2372.46676115985,-0.0276958450662829
"2961","CC2D2A",0.876801965011619,0.995548325304691,0.0240377975816483,1,2372.46676115985,-0.0550252385865247
"12830","MT-ND4L",0.876839599093091,0.995548325304691,0.024022995670581,1,2372.46676115985,0.00956822239124942
"2833","RTP4",0.876862806273971,0.995548325304691,0.0240138703500772,1,2372.46676115985,-0.0391603143217761
"3076","CXCL3",0.876865865332684,0.995548325304691,0.0240126676267337,1,2372.46676115985,-0.0448434656784168
"1794","ACVR2A",0.876881375320199,0.995548325304691,0.0240065700739001,1,2372.46676115985,-0.0297668062229147
"12340","KIAA0930",0.876904587494163,0.995548325304691,0.023997445986398,1,2372.46676115985,-0.0151121717488967
"5774","UBQLN1",0.876924390013526,0.995548325304691,0.0239896635470426,1,2372.46676115985,0.0217532296706535
"12749","FGF13",0.877107307659949,0.995548325304691,0.0239178375609203,1,2372.46676115985,-0.115665874918738
"9657","APRT",0.877174111058542,0.995548325304691,0.0238916334626278,1,2372.46676115985,0.0181419073685328
"11107","ZNF599",0.877225458429929,0.995548325304691,0.0238715020941807,1,2372.46676115985,0.122040053633968
"9250","PDXDC1",0.877289547025883,0.995548325304691,0.0238463875605229,1,2372.46676115985,-0.0196827241765362
"6638","MRPL23",0.87731514316013,0.995548325304691,0.0238363609311387,1,2372.46676115985,0.0486979786376613
"11089","SLC7A9",0.877323707118387,0.995548325304691,0.0238330067019908,1,2372.46676115985,-0.239347617089922
"6975","DPF2",0.877403537724408,0.995548325304691,0.0238017512260726,1,2372.46676115985,-0.0312647591959756
"88","UBE4B",0.877455857054929,0.995548325304691,0.0237812784221521,1,2372.46676115985,0.0210421249894204
"2121","SNED1",0.877479813235803,0.995548325304691,0.0237719072641185,1,2372.46676115985,-0.0522590772420415
"1240","COA6",0.877483114816316,0.995548325304691,0.0237706159029586,1,2372.46676115985,-0.0267226670733054
"1983","NRP2",0.877571278849016,0.995548325304691,0.0237361452143834,1,2372.46676115985,-0.0172293056657575
"2039","RETREG2",0.877634278358738,0.995548325304691,0.0237115291266138,1,2372.46676115985,0.0306600152847149
"2910","HAUS3",0.877728930511376,0.995548325304691,0.0236745698328468,1,2372.46676115985,0.0568594934884503
"12334","PARVB",0.877777023920817,0.995548325304691,0.0236558018678124,1,2372.46676115985,-0.0256704609985
"1158","KCTD3",0.87778258633287,0.995548325304691,0.02365363168446,1,2372.46676115985,0.0426747743529585
"2341","COL7A1",0.877794270144747,0.995548325304691,0.0236490735596788,1,2372.46676115985,-0.134625551032159
"10452","METRNL",0.877860656814828,0.995548325304691,0.0236231831218686,1,2372.46676115985,0.0201301805343082
"8918","FEM1B",0.877984557755332,0.995548325304691,0.0235749012573315,1,2372.46676115985,-0.0240593135860619
"7098","PAAF1",0.878118995117531,0.995548325304691,0.02352257073301,1,2372.46676115985,-0.0384701940818273
"3838","NPM1",0.878134217749236,0.995548325304691,0.0235166489861285,1,2372.46676115985,0.0144277588914882
"4428","CENPW",0.878206837217955,0.995548325304691,0.0234884098320331,1,2372.46676115985,-0.065143062595838
"5319","SLC20A2",0.87829833616602,0.995548325304691,0.0234528538347642,1,2372.46676115985,0.0282322793367111
"6501","SFR1",0.878430935392931,0.995548325304691,0.0234013754066556,1,2372.46676115985,0.0551624908559046
"4818","SSC4D",0.878457827083415,0.995548325304691,0.0233909424210437,1,2372.46676115985,-0.0966424151792687
"4971","LHFPL3",0.878467857254166,0.995548325304691,0.0233870516937129,1,2372.46676115985,-0.163515484845685
"10021","CISD3",0.878549708687167,0.995548325304691,0.0233553137045804,1,2372.46676115985,-0.0301717647621349
"8267","HNRNPC",0.878658937255648,0.995548325304691,0.023312994549926,1,2372.46676115985,-0.0100406207553355
"2476","TMF1",0.878761923952447,0.995548325304691,0.0232731296929436,1,2372.46676115985,0.0200890732866338
"33","NADK",0.878833005988681,0.995548325304691,0.0232456350905684,1,2372.46676115985,0.0185475681741827
"11726","BCL2L1",0.878918325459728,0.995548325304691,0.0232126553917164,1,2372.46676115985,0.0256222438716774
"1442","SRSF7",0.879045329594201,0.995548325304691,0.0231636071202113,1,2372.46676115985,0.0196782313994752
"7381","ANO2",0.879055142010809,0.995548325304691,0.0231598198297269,1,2372.46676115985,0.237984102067493
"1757","ERCC3",0.87907656215094,0.995548325304691,0.0231515534162556,1,2372.46676115985,0.0318482919683638
"194","SRRM1",0.879138178739848,0.995548325304691,0.0231277828948797,1,2372.46676115985,-0.0149437868843844
"7424","SLC2A14",0.879168848384362,0.995548325304691,0.023115955779052,1,2372.46676115985,0.2596922948798
"100","UBIAD1",0.879204848600921,0.995548325304691,0.0231020769864301,1,2372.46676115985,-0.0619765668760252
"2227","NEK10",0.879227875687738,0.995548325304691,0.0230932018268359,1,2372.46676115985,0.052523499846795
"3477","IPO11",0.879233329980916,0.995548325304691,0.0230910998745402,1,2372.46676115985,0.0412265514983
"7020","ZDHHC24",0.879271482232594,0.995548325304691,0.0230763996588563,1,2372.46676115985,0.031296338454354
"1851","METTL5",0.879433380210348,0.995548325304691,0.0230140729924415,1,2372.46676115985,0.0291633527124974
"7159","RAB38",0.879469322481019,0.995548325304691,0.0230002478142759,1,2372.46676115985,0.0386135728551764
"9003","TLNRD1",0.879587990886056,0.995548325304691,0.0229546322410906,1,2372.46676115985,0.0372381861994174
"11190","RINL",0.879644866424534,0.995548325304691,0.0229327859729405,1,2372.46676115985,-0.105665261269938
"9004","CFAP161",0.879753978524708,0.995548325304691,0.022890905081162,1,2372.46676115985,-0.135788080498674
"1381","UCN",0.879764484981868,0.995548325304691,0.0228868744163338,1,2372.46676115985,-0.103818186404729
"2429","STIMATE",0.879847056335734,0.995548325304691,0.022855209634052,1,2372.46676115985,0.0314450417091004
"6367","GLUD1",0.879929773321949,0.995548325304691,0.0228235114841235,1,2372.46676115985,-0.0187219606253078
"6417","TM9SF3",0.880016610406002,0.995548325304691,0.0227902586700979,1,2372.46676115985,-0.0149323257292518
"10708","DOHH",0.880153923479577,0.995548325304691,0.0227377275170126,1,2372.46676115985,-0.0699179233697478
"1642","ZNF514",0.880346018846756,0.995548325304691,0.0226643426018994,1,2372.46676115985,-0.0587810126365924
"11283","ZNF284",0.880373057947573,0.995548325304691,0.0226540227731551,1,2372.46676115985,-0.0923937542919985
"12126","YDJC",0.88042754288712,0.995548325304691,0.0226332351791749,1,2372.46676115985,0.0756571319700313
"5707","TPM2",0.880436558573028,0.995548325304691,0.0226297963728929,1,2372.46676115985,0.0756176966637342
"3049","PPAT",0.8804661028289,0.995548325304691,0.0226185293330083,1,2372.46676115985,0.0613716325956468
"9920","VTN",0.8806161436893,0.995548325304691,0.0225613538163896,1,2372.46676115985,0.127117822519094
"11674","PLCB4",0.880643492330307,0.995548325304691,0.0225509401430602,1,2372.46676115985,0.141238259994355
"938","FCRLB",0.880698224196362,0.995548325304691,0.0225301070096942,1,2372.46676115985,0.137314815359669
"12477","FUNDC1",0.880724258624768,0.995548325304691,0.0225202007219369,1,2372.46676115985,-0.0429916238615075
"4083","SNHG32",0.880736620100586,0.995548325304691,0.022515497871124,1,2372.46676115985,-0.0322299313694524
"2062","CUL3",0.880814098331381,0.995548325304691,0.0224860331705505,1,2372.46676115985,-0.0146778538619091
"1455","MTA3",0.880867927789599,0.995548325304691,0.0224655736288783,1,2372.46676115985,-0.0325350122823738
"3643","CSNK1G3",0.880903983677486,0.995548325304691,0.0224518748040775,1,2372.46676115985,-0.024296650752864
"9534","CTRL",0.880964582198457,0.995548325304691,0.0224288610435538,1,2372.46676115985,-0.157970494654396
"11669","MCM8",0.8809884173114,0.995548325304691,0.0224198123865678,1,2372.46676115985,0.0913572281905402
"8889","ANKDD1A",0.88101075228945,0.995548325304691,0.0224113349282377,1,2372.46676115985,-0.031062281222937
"11855","ZMYND8",0.88101929159567,0.995548325304691,0.0224080941845502,1,2372.46676115985,0.0161701318576038
"8517","LIN52",0.881061959076113,0.995548325304691,0.0223919050802867,1,2372.46676115985,0.0362949637132078
"11644","FASTKD5",0.881246014831774,0.995548325304691,0.0223221382921101,1,2372.46676115985,0.0594743094430406
"10316","TMEM104",0.881272768593027,0.995548325304691,0.0223120064768111,1,2372.46676115985,0.0474022407047585
"12795","G6PD",0.881297484076336,0.995548325304691,0.0223026486593541,1,2372.46676115985,-0.0338531779571765
"11521","TMEM86B",0.881309502459974,0.995548325304691,0.0222980989640245,1,2372.46676115985,-0.100364273489023
"2912","ZFYVE28",0.881311279040624,0.995548325304691,0.0222974264595374,1,2372.46676115985,0.0215455971767899
"780","PIP5K1A",0.881380351896482,0.995548325304691,0.0222712877495611,1,2372.46676115985,-0.0185955492836565
"8623","CCDC85C",0.881395413557734,0.995548325304691,0.0222655901620364,1,2372.46676115985,-0.231634870611379
"5444","UQCRB",0.881412084795397,0.995548325304691,0.02225928456611,1,2372.46676115985,-0.0117631663852062
"5205","MSR1",0.881425160692295,0.995548325304691,0.0222543394819892,1,2372.46676115985,0.0119554691722862
"1101","TMCC2",0.881771934399061,0.995548325304691,0.0221234004180435,1,2372.46676115985,0.121077673334704
"8805","FBN1",0.881917135382875,0.995548325304691,0.0220686909429915,1,2372.46676115985,0.106312011301686
"734","GPR89B",0.881921345311103,0.995548325304691,0.0220671057400917,1,2372.46676115985,0.053590173667776
"3917","FOXC1",0.881924896209216,0.995548325304691,0.0220657687330877,1,2372.46676115985,-0.164307216227299
"12612","ATP7A",0.882060467977802,0.995548325304691,0.0220147533408775,1,2372.46676115985,0.0372825025063774
"7459","TAS2R30",0.882070193421122,0.995548325304691,0.0220110959951405,1,2372.46676115985,-0.129739444735304
"5930","NDUFA8",0.882167271120275,0.995548325304691,0.0219746060190684,1,2372.46676115985,0.0272247039064038
"10023","PSMB3",0.882315913190027,0.995548325304691,0.0219187937579297,1,2372.46676115985,0.0177036581553605
"6728","RPS13",0.882403487607714,0.995548325304691,0.0218859451856946,1,2372.46676115985,0.0103565048564621
"11230","SNRPA",0.882644485351532,0.995548325304691,0.0217956785039683,1,2372.46676115985,-0.0372125019977763
"532","MSH4",0.882674364395029,0.995548325304691,0.0217845004674923,1,2372.46676115985,-0.0951724072057022
"10167","UBE2Z",0.882732508642625,0.995548325304691,0.0217627565446437,1,2372.46676115985,0.0190379534188569
"11799","TTI1",0.882741374871369,0.995548325304691,0.0217594418587761,1,2372.46676115985,-0.0406322709227521
"6544","BAG3",0.882770568136292,0.995548325304691,0.0217485296272882,1,2372.46676115985,0.0533845237369407
"7541","LRRK2",0.88281589479081,0.995548325304691,0.021731592392913,1,2372.46676115985,0.0234290670450755
"55","KCNAB2",0.882864143546286,0.995548325304691,0.0217135706625498,1,2372.46676115985,0.0151449169966676
"6606","IFITM1",0.883037224877863,0.995548325304691,0.0216489846857799,1,2372.46676115985,-0.170436653573278
"2459","KCTD6",0.883043952156048,0.995548325304691,0.0216464763597999,1,2372.46676115985,-0.0684484974741689
"7483","EPS8",0.883093610480536,0.995548325304691,0.0216279654011278,1,2372.46676115985,-0.029275968454994
"1818","UPP2",0.88310913752644,0.995548325304691,0.0216221790990786,1,2372.46676115985,0.0964770808989989
"924","USP21",0.883112847427915,0.995548325304691,0.0216207966858958,1,2372.46676115985,0.0933970929164217
"818","C1orf189",0.883152133996608,0.995548325304691,0.0216061601807936,1,2372.46676115985,-0.154877199802781
"2266","EXOG",0.883169006846107,0.995548325304691,0.0215998756286465,1,2372.46676115985,0.0396558527323969
"11667","SHLD1",0.883176921222978,0.995548325304691,0.0215969281190853,1,2372.46676115985,0.0312533741611725
"2604","UMPS",0.883200866679041,0.995548325304691,0.0215880114906503,1,2372.46676115985,-0.047413067274468
"9656","PIEZO1",0.883227108458461,0.995548325304691,0.0215782419346472,1,2372.46676115985,-0.058107598438166
"5145","CDK5",0.883305015005085,0.995548325304691,0.0215492514017803,1,2372.46676115985,-0.0428979151962662
"12451","KLHL15",0.883326128885672,0.995548325304691,0.0215413979471806,1,2372.46676115985,-0.0578195839272756
"3824","NUDCD2",0.883346200672722,0.995548325304691,0.0215339334622106,1,2372.46676115985,-0.0338718199469793
"6766","QSER1",0.883360204934611,0.995548325304691,0.0215287262081602,1,2372.46676115985,-0.0210161380003226
"1360","DTNB",0.883495019309524,0.995548325304691,0.0214786306043577,1,2372.46676115985,-0.0194791708632869
"5890","KIAA1958",0.883511802192221,0.995548325304691,0.0214723984336869,1,2372.46676115985,-0.022025792624203
"888","CD1D",0.883518710854854,0.995548325304691,0.0214698332331115,1,2372.46676115985,0.04988814271919
"11207","EID2",0.883520646952727,0.995548325304691,0.0214691143840879,1,2372.46676115985,0.0528770621853318
"4465","NHSL1",0.883919795322409,0.995548325304691,0.0213211780463029,1,2372.46676115985,-0.0179613701991772
"11714","CST7",0.884068716265167,0.995548325304691,0.0212661172865123,1,2372.46676115985,0.0312370819329843
"7214","ATM",0.884087112327002,0.995548325304691,0.0212593207285712,1,2372.46676115985,0.0133732424142215
"3206","ALPK1",0.884138528293741,0.995548325304691,0.0212403306114075,1,2372.46676115985,-0.0185839254544775
"4205","BICRAL",0.884153554215616,0.995548325304691,0.0212347825316198,1,2372.46676115985,0.0212479997962554
"12522","MAGIX",0.884188788170118,0.995548325304691,0.0212217758633976,1,2372.46676115985,-0.155057671409514
"11123","RBM42",0.884301191561956,0.995548325304691,0.0211803091764179,1,2372.46676115985,-0.0324293989325575
"8392","ABHD12B",0.884354711141286,0.995548325304691,0.0211605798441645,1,2372.46676115985,-0.153538610822704
"3956","TMEM14C",0.884370992285667,0.995548325304691,0.0211545798635781,1,2372.46676115985,0.0185133429154711
"2542","ATG3",0.884402698245934,0.995548325304691,0.0211428979726094,1,2372.46676115985,-0.0179076708791852
"8316","GMPR2",0.884493747243143,0.995548325304691,0.0211093697725587,1,2372.46676115985,-0.0263240260366637
"3462","MAP3K1",0.88457764087276,0.995548325304691,0.0210785005383009,1,2372.46676115985,-0.0155304899764176
"1752","CLASP1",0.884621354580964,0.995548325304691,0.0210624249203301,1,2372.46676115985,-0.0141568244607971
"4184","OARD1",0.884656717184352,0.995548325304691,0.021049424983916,1,2372.46676115985,-0.0269049508710603
"46","MEGF6",0.884680197642309,0.995548325304691,0.0210407954040091,1,2372.46676115985,-0.108929639125941
"6236","CXCL12",0.884686619764663,0.995548325304691,0.0210384354487366,1,2372.46676115985,0.14024878533287
"9909","MTRNR2L1",0.884786452390884,0.995548325304691,0.021001767052578,1,2372.46676115985,-0.0208074661418303
"12362","HDAC10",0.884824918153249,0.995548325304691,0.0209876473421066,1,2372.46676115985,0.0495649331515633
"11465","ZNF701",0.88484632405964,0.995548325304691,0.0209797919292903,1,2372.46676115985,-0.0355653079892522
"4070","GPANK1",0.884873954258697,0.995548325304691,0.0209696545818533,1,2372.46676115985,0.0376345849804786
"2107","SCLY",0.884901140999133,0.995548325304691,0.0209596823778554,1,2372.46676115985,-0.0511267476336861
"4582","MRM2",0.885186448979592,0.995548325304691,0.0208551763172632,1,2372.46676115985,0.0276523944129026
"7452","KLRD1",0.885270488581818,0.995548325304691,0.0208244441115881,1,2372.46676115985,0.047512886735175
"9733","PELP1",0.885420452377869,0.995548325304691,0.0207696617395668,1,2372.46676115985,-0.0409234306695018
"12400","TBL1X",0.885426548111683,0.995548325304691,0.0207674365014753,1,2372.46676115985,-0.0198942357931242
"10155","PNPO",0.885476166508488,0.995548325304691,0.0207493279099169,1,2372.46676115985,0.0327515797912732
"2657","SRPRB",0.885583562994954,0.995548325304691,0.0207101603985661,1,2372.46676115985,-0.0470923972376093
"898","IGSF9",0.885645763009371,0.995548325304691,0.0206874933173357,1,2372.46676115985,-0.214510198270342
"7310","SIAE",0.88568363712743,0.995548325304691,0.0206736973439951,1,2372.46676115985,-0.0653667997964717
"3189","SGMS2",0.885755097783652,0.995548325304691,0.0206476799762213,1,2372.46676115985,0.0454586080857234
"4993","PNPLA8",0.885769169052827,0.995548325304691,0.0206425588843286,1,2372.46676115985,0.0224671963050471
"11832","TP53TG5",0.885852462089849,0.995548325304691,0.0206122585265682,1,2372.46676115985,0.224177928176651
"11952","GATD3B",0.885863966956661,0.995548325304691,0.0206080750691382,1,2372.46676115985,-0.0489670143377879
"451","PRPF38A",0.885889365645778,0.995548325304691,0.0205988410045723,1,2372.46676115985,-0.0359712888249353
"2261","MYD88",0.885892773911428,0.995548325304691,0.0205976020405056,1,2372.46676115985,0.0249944121236179
"7177","SRSF8",0.885917012072632,0.995548325304691,0.0205887921426191,1,2372.46676115985,-0.0510617962780743
"10063","CNP",0.886018712388471,0.995548325304691,0.0205518478690866,1,2372.46676115985,0.0246960567411424
"9787","EIF5A",0.886048430539323,0.995548325304691,0.0205410586657873,1,2372.46676115985,-0.0198484852107449
"7637","ATP5MC2",0.886066186077839,0.995548325304691,0.0205346138800378,1,2372.46676115985,0.0130180198005242
"12327","TTLL1",0.886146092161602,0.995548325304691,0.0205056228801766,1,2372.46676115985,0.0647699409237253
"3408","RAD1",0.886196973318293,0.995548325304691,0.0204871734044227,1,2372.46676115985,-0.046153860150101
"7599","ATF1",0.8863137250113,0.995548325304691,0.0204448713418824,1,2372.46676115985,-0.0266137678260263
"2549","SPICE1",0.886376833743922,0.995548325304691,0.0204220240419684,1,2372.46676115985,0.033758700816844
"3710","CTNNA1",0.886435782612487,0.995548325304691,0.0204006945142112,1,2372.46676115985,0.0128703196922692
"2871","NCBP2AS2",0.886547447128063,0.995548325304691,0.0203603220039907,1,2372.46676115985,-0.0393746505497057
"10968","SLC35E1",0.886554919235164,0.995548325304691,0.0203576219064874,1,2372.46676115985,0.0283496047295705
"1218","TAF5L",0.886579379940151,0.995548325304691,0.020348784139773,1,2372.46676115985,0.0400195358017055
"1831","DPP4",0.886667774919774,0.995548325304691,0.020316862942747,1,2372.46676115985,-0.0391202640787066
"5944","NR6A1",0.886679643037726,0.995548325304691,0.0203125790744665,1,2372.46676115985,-0.0272771903680502
"5455","POP1",0.887032232588639,0.995548325304691,0.0201855199742904,1,2372.46676115985,0.0492724859106954
"6225","ZNF33A",0.887172847729249,0.995548325304691,0.0201349613648568,1,2372.46676115985,0.021210452651887
"372","CCDC30",0.887201752710665,0.995548325304691,0.0201245765028136,1,2372.46676115985,0.039368164255989
"8990","PSMA4",0.887373816721312,0.995548325304691,0.0200628146053491,1,2372.46676115985,-0.017022726427906
"10920","TRMT1",0.887375236604687,0.995548325304691,0.0200623053449643,1,2372.46676115985,0.0495289288325567
"7139","NARS2",0.887411288161241,0.995548325304691,0.020049377175312,1,2372.46676115985,-0.0326218602247452
"5030","LRRC4",0.887418847718761,0.995548325304691,0.0200466668399696,1,2372.46676115985,0.137193768229981
"3607","PJA2",0.887515885905776,0.995548325304691,0.0200118922424435,1,2372.46676115985,-0.0133371793632312
"6297","FAM241B",0.887622825091236,0.995548325304691,0.0199736051880633,1,2372.46676115985,0.167989642812206
"5131","REPIN1",0.887669667020898,0.995548325304691,0.0199568463161554,1,2372.46676115985,0.0400059817000271
"2356","LAMB2",0.887760853884721,0.995548325304691,0.0199242425111201,1,2372.46676115985,-0.0489103828247745
"5866","FSD1L",0.887946023435462,0.995548325304691,0.0198581189068569,1,2372.46676115985,-0.0357103216348955
"9661","ACSF3",0.887983779855136,0.995548325304691,0.0198446499373817,1,2372.46676115985,0.0325533446687949
"993","PRDX6",0.888041302486473,0.995548325304691,0.0198241386612871,1,2372.46676115985,0.0151537377603963
"2656","TF",0.888054270331083,0.995548325304691,0.0198195161136905,1,2372.46676115985,0.219878402955353
"6846","SERPING1",0.888097946192867,0.995548325304691,0.0198039513592763,1,2372.46676115985,0.0268667208411423
"1939","HSPE1",0.888323001442748,0.995548325304691,0.0197238473221504,1,2372.46676115985,0.0190662991827992
"11409","MED25",0.888363950427985,0.995548325304691,0.0197092901275265,1,2372.46676115985,0.0267865191268243
"4485","STX11",0.888431084763704,0.995548325304691,0.0196854360057404,1,2372.46676115985,-0.0219337733553542
"9449","FTO",0.888457823306222,0.995548325304691,0.019675939388126,1,2372.46676115985,0.0184921224260141
"1178","CAPN2",0.888468254558979,0.995548325304691,0.0196722351967157,1,2372.46676115985,-0.0296683380618784
"11483","ZNF813",0.888636372934924,0.995548325304691,0.0196125845416732,1,2372.46676115985,-0.0530208345522278
"10055","EIF1",0.888809808890533,0.995548325304691,0.0195511439144711,1,2372.46676115985,0.00924995845953581
"12530","CLCN5",0.888830508572208,0.995548325304691,0.0195438175045741,1,2372.46676115985,-0.0288135433860812
"6806","DGKZ",0.88893086521926,0.995548325304691,0.0195083172890984,1,2372.46676115985,0.0212591151383261
"7474","ATF7IP",0.888971790343847,0.995548325304691,0.019493849857205,1,2372.46676115985,-0.0154483272583496
"4131","ZBTB22",0.889025466469643,0.995548325304691,0.0194748831152991,1,2372.46676115985,0.0715003146770095
"11798","CTNNBL1",0.889142171974636,0.995548325304691,0.0194336770859543,1,2372.46676115985,-0.0178487247034376
"5894","SLC31A2",0.889158647144101,0.995548325304691,0.0194278636660058,1,2372.46676115985,0.0230685726729851
"7339","NFRKB",0.88918548254757,0.995548325304691,0.0194183964372113,1,2372.46676115985,0.0362147635383153
"6445","DNMBP",0.889228587206159,0.995548325304691,0.0194031945212873,1,2372.46676115985,0.0236619391562214
"7914","RITA1",0.889371666913089,0.995548325304691,0.0193527774518122,1,2372.46676115985,0.0434270809408389
"1435","QPCT",0.889687495656681,0.995548325304691,0.0192417253667405,1,2372.46676115985,-0.0880253103005983
"6860","OSBP",0.889691952305391,0.995548325304691,0.0192401606449193,1,2372.46676115985,-0.0262945368201064
"12818","UTY",0.889785590969054,0.995548325304691,0.019207299263501,1,2372.46676115985,0.0144166777768477
"4527","ZDHHC14",0.889895192903008,0.995548325304691,0.0191688721233392,1,2372.46676115985,-0.0206096474831918
"10111","HDAC5",0.88993062422391,0.995548325304691,0.0191564580631266,1,2372.46676115985,-0.0307932006834972
"12136","ZNF70",0.890002934341184,0.995548325304691,0.019131135507382,1,2372.46676115985,0.0773973520239993
"9779","DLG4",0.890147523905695,0.995548325304691,0.0190805523216749,1,2372.46676115985,-0.0359413609521862
"11045","GMIP",0.890436239918907,0.995548325304691,0.0189797521234916,1,2372.46676115985,-0.022897033347958
"4778","AUTS2",0.890659601143626,0.995548325304691,0.0189019560461928,1,2372.46676115985,-0.0305492355628109
"2909","POLN",0.890718124240325,0.995548325304691,0.0188815995323375,1,2372.46676115985,0.124910871807125
"1911","ASNSD1",0.890842869236747,0.995548325304691,0.0188382458686003,1,2372.46676115985,0.046948349857411
"4417","HSF2",0.890915660146369,0.995548325304691,0.0188129716946364,1,2372.46676115985,0.0458273699545507
"3241","MGARP",0.890990524418356,0.995548325304691,0.0187869956463584,1,2372.46676115985,0.270975303930865
"4316","ZNF292",0.891044748113068,0.995548325304691,0.0187681927838263,1,2372.46676115985,0.0124772525962551
"9315","LCMT1",0.891318232751956,0.995548325304691,0.0186735041334678,1,2372.46676115985,0.0246554370219612
"9285","LYRM1",0.891327382973687,0.995548325304691,0.0186703402674787,1,2372.46676115985,0.0509063651138517
"1063","NEK7",0.891374506667597,0.995548325304691,0.0186540506638265,1,2372.46676115985,-0.0149894117982334
"9543","PLA2G15",0.891427249065269,0.995548325304691,0.0186358273889752,1,2372.46676115985,0.0263548338270104
"2124","PPP1R7",0.891453812388618,0.995548325304691,0.0186266528046483,1,2372.46676115985,0.0199997685343594
"9573","ZNF23",0.89156013340177,0.995548325304691,0.0185899541139511,1,2372.46676115985,0.0644459817805994
"4171","MTCH1",0.891738528266314,0.995548325304691,0.0185284605914697,1,2372.46676115985,0.0148224265779756
"9896","MAPK7",0.89175275349498,0.995548325304691,0.0185235615573371,1,2372.46676115985,0.0752783255343809
"10237","TUBD1",0.891850985247636,0.995548325304691,0.0184897494792649,1,2372.46676115985,0.0353820526543267
"7753","KCNMB4",0.89185112321591,0.995548325304691,0.018489702011713,1,2372.46676115985,0.0451261546629994
"1885","OSBPL6",0.891859086521618,0.995548325304691,0.0184869623665238,1,2372.46676115985,0.137934590512545
"1060","CRB1",0.891921804726425,0.995548325304691,0.0184653924191005,1,2372.46676115985,0.075800189964078
"10809","ADAMTS10",0.892092028413043,0.995548325304691,0.0184069139845968,1,2372.46676115985,0.0719123557943136
"3422","RICTOR",0.892103018627097,0.995548325304691,0.018403141666057,1,2372.46676115985,-0.0136145010444097
"140","SDHB",0.892112599317914,0.995548325304691,0.0183998534782821,1,2372.46676115985,0.0189564909353866
"8147","EBPL",0.892179920263818,0.995548325304691,0.018376756701686,1,2372.46676115985,0.0443310375631661
"12283","ATF4",0.892269267919238,0.995548325304691,0.0183461257136804,1,2372.46676115985,0.0189904711761797
"10227","TRIM37",0.892277710382615,0.995548325304691,0.0183432327358578,1,2372.46676115985,0.0269709265265643
"4740","ADCY1",0.892334988193583,0.995548325304691,0.0183236114900772,1,2372.46676115985,0.102965758128054
"7583","MCRS1",0.892410397000469,0.995548325304691,0.0182977955446081,1,2372.46676115985,0.0377435833059722
"2059","WDFY1",0.892450404351424,0.995548325304691,0.0182841066897286,1,2372.46676115985,0.014760639179219
"2946","SORCS2",0.892452193210699,0.995548325304691,0.0182834947381633,1,2372.46676115985,-0.0924847126654222
"5861","SMC2",0.892543343364151,0.995548325304691,0.018252326949731,1,2372.46676115985,0.0396875926605137
"7069","CTTN",0.89255164493069,0.995548325304691,0.0182494896659053,1,2372.46676115985,-0.0802997318181581
"9941","PHF12",0.89263085834697,0.995548325304691,0.0182224276432602,1,2372.46676115985,-0.0225426811986373
"5242","TNFRSF10C",0.892638264949032,0.995548325304691,0.0182198983389509,1,2372.46676115985,0.0828248127202534
"11365","CYTH2",0.892686612311536,0.995548325304691,0.0182033924344997,1,2372.46676115985,0.0383232309286276
"9686","GLOD4",0.893017687146511,0.995548325304691,0.0180905673337961,1,2372.46676115985,0.0302374043850502
"1655","NCAPH",0.893293048082324,0.995548325304691,0.0179970006447192,1,2372.46676115985,0.160485267559637
"8360","GEMIN2",0.893340076648018,0.995548325304691,0.0179810451928989,1,2372.46676115985,0.0550443667494578
"10116","SLC25A39",0.893419027044091,0.995548325304691,0.0179542757702429,1,2372.46676115985,-0.0261788972508677
"12462","CYBB",0.893439580717837,0.995548325304691,0.0179473100413702,1,2372.46676115985,-0.0188720715453659
"6815","ARFGAP2",0.893445185992135,0.995548325304691,0.0179454106284397,1,2372.46676115985,-0.0248965395323251
"9804","CD68",0.89352937617914,0.995548325304691,0.0179168941058554,1,2372.46676115985,-0.00846166450991484
"2678","COPB2",0.8935402402611,0.995548325304691,0.0179132159541815,1,2372.46676115985,-0.0180617170388061
"3805","CNOT8",0.893652025894574,0.995548325304691,0.0178753920498335,1,2372.46676115985,-0.0228683510872485
"9745","SLC25A11",0.893703802961355,0.995548325304691,0.017857886495197,1,2372.46676115985,-0.0248115995573916
"7296","GRIK4",0.893768068064848,0.995548325304691,0.0178361709417505,1,2372.46676115985,-0.250385510033967
"4332","LYRM2",0.893887014351844,0.995548325304691,0.0177960137737706,1,2372.46676115985,-0.0221051160405584
"1814","ERMN",0.89394831232707,0.995548325304691,0.0177753370981713,1,2372.46676115985,0.0838606643345305
"11345","CCDC9",0.894054663077198,0.995548325304691,0.017739492505129,1,2372.46676115985,-0.0528081287769984
"3656","LYRM7",0.894210558938469,0.995548325304691,0.0176870157067325,1,2372.46676115985,0.0371242964946132
"430","MOB3C",0.894222784654841,0.995548325304691,0.0176829036992567,1,2372.46676115985,0.0423562785844848
"10175","FAM117A",0.894248285845125,0.995548325304691,0.017674328173735,1,2372.46676115985,-0.0473992434569248
"8185","MYCBP2",0.894261018411492,0.995548325304691,0.0176700472659378,1,2372.46676115985,-0.0103177414930331
"8335","AP4S1",0.894299503528897,0.995548325304691,0.0176571111153825,1,2372.46676115985,-0.04015937674119
"10484","GNAL",0.894305174940258,0.995548325304691,0.0176552051696116,1,2372.46676115985,-0.107527179603176
"7590","ASIC1",0.894321312867907,0.995548325304691,0.0176497823983432,1,2372.46676115985,-0.127601156840841
"7128","CLNS1A",0.894520415461555,0.995548325304691,0.0175829483888195,1,2372.46676115985,-0.0194129780729686
"6187","COMMD3",0.894529227037136,0.995548325304691,0.0175799935334029,1,2372.46676115985,-0.0257688748870352
"7540","SLC2A13",0.894617837799061,0.995548325304691,0.0175502930311073,1,2372.46676115985,-0.020759954102599
"12598","PIN4",0.894672711962693,0.995548325304691,0.0175319131523964,1,2372.46676115985,-0.020285273421142
"505","TCTEX1D1",0.894762740526482,0.995548325304691,0.0175017796741225,1,2372.46676115985,-0.0273679452067142
"11545","ZNF444",0.894945351719185,0.995548325304691,0.0174407388415425,1,2372.46676115985,0.0404421728434738
"9523","PARD6A",0.894990224814945,0.995548325304691,0.0174257558674118,1,2372.46676115985,0.0643742030659857
"9484","SETD6",0.894998235011968,0.995548325304691,0.0174230819789104,1,2372.46676115985,-0.0991804196270156
"5304","PLEKHA2",0.89504833063086,0.995548325304691,0.0174063642661892,1,2372.46676115985,0.0147551450960929
"1066","DDX59",0.895133358953432,0.995548325304691,0.0173780076371747,1,2372.46676115985,0.0415216205281076
"5364","DNAJC5B",0.895184697302364,0.995548325304691,0.0173608978757093,1,2372.46676115985,0.0511753349311639
"6404","NOC3L",0.895268146993787,0.995548325304691,0.017333104517186,1,2372.46676115985,-0.0443794902030308
"2092","ATG16L1",0.895290812889703,0.995548325304691,0.0173255594330769,1,2372.46676115985,0.0369649408828447
"1536","CNRIP1",0.895297350669431,0.995548325304691,0.0173233834299665,1,2372.46676115985,0.0310817403712278
"12065","COL6A2",0.89535966950241,0.995548325304691,0.0173026485082647,1,2372.46676115985,-0.0871743229434062
"8483","SLC39A9",0.895397955611831,0.995548325304691,0.0172899160952201,1,2372.46676115985,-0.0211975242142387
"12374","SYCE3",0.895430853070938,0.995548325304691,0.0172789795376906,1,2372.46676115985,-0.19467123305389
"4395","HDAC2",0.895526580270593,0.995548325304691,0.0172471756425093,1,2372.46676115985,-0.0219239830879329
"3634","HSD17B4",0.895637847311281,0.995548325304691,0.0172102463237852,1,2372.46676115985,0.0141891840697359
"7873","MVK",0.895763833813575,0.995548325304691,0.0171684802439973,1,2372.46676115985,-0.0884351388508132
"8260","RNASE6",0.895813863576625,0.995548325304691,0.0171519090774378,1,2372.46676115985,0.0115283452267451
"4604","RNF216",0.89585010235211,0.995548325304691,0.0171399109293293,1,2372.46676115985,-0.0152542557339966
"2539","CD96",0.895901048950035,0.995548325304691,0.0171230504494184,1,2372.46676115985,-0.268112570985505
"3026","CORIN",0.895906017518972,0.995548325304691,0.0171214065821019,1,2372.46676115985,0.111463360090036
"4610","USP42",0.895952877923085,0.995548325304691,0.0171059066120399,1,2372.46676115985,0.0302023897983312
"3608","MAN2A1",0.896132531952223,0.995548325304691,0.0170465487749068,1,2372.46676115985,0.0197453626298869
"2503","DHFR2",0.89614285279044,0.995548325304691,0.0170431419486268,1,2372.46676115985,-0.0493284195233796
"8787","FRMD5",0.896178511137491,0.995548325304691,0.0170313740778961,1,2372.46676115985,-0.146958822317699
"6216","CCDC7",0.896341793398718,0.995548325304691,0.016977540905784,1,2372.46676115985,0.0259331706052927
"5012","CTTNBP2",0.896358361363161,0.995548325304691,0.0169720833910968,1,2372.46676115985,-0.0534649310230163
"130","ZBTB17",0.896442066262452,0.995548325304691,0.0169445245001968,1,2372.46676115985,-0.0369722888401401
"3293","GLRB",0.896470567415266,0.995548325304691,0.0169351460152056,1,2372.46676115985,0.217009843074287
"5936","RC3H2",0.896572035443398,0.995548325304691,0.0169017787476836,1,2372.46676115985,-0.0184487246292564
"2837","TP63",0.896801772232189,0.995548325304691,0.016826354560087,1,2372.46676115985,0.0789372095292395
"6564","OAT",0.89684661635128,0.995548325304691,0.0168116519297267,1,2372.46676115985,-0.0283813153729408
"6931","NAA40",0.896858150520667,0.995548325304691,0.0168078713837908,1,2372.46676115985,-0.0428653097848755
"9446","RBL2",0.896941002427844,0.995548325304691,0.0167807277816895,1,2372.46676115985,-0.0209390111550273
"11","B3GALT6",0.89701487029664,0.995548325304691,0.0167565463001096,1,2372.46676115985,-0.0450062851652207
"5179","MYOM2",0.897050901125793,0.995548325304691,0.0167447576335599,1,2372.46676115985,0.101664749575873
"12169","XBP1",0.897116833259714,0.995548325304691,0.0167231966956317,1,2372.46676115985,0.0356630002165723
"10717","MRPL54",0.897177499462223,0.995548325304691,0.0167033702830456,1,2372.46676115985,-0.0189681437660124
"4119","HLA-DPB1",0.897181921677167,0.995548325304691,0.0167019255198858,1,2372.46676115985,0.0174122908356678
"2415","DNAH1",0.897274136014143,0.995548325304691,0.0166718130377332,1,2372.46676115985,0.0431551841274263
"6214","KIF5B",0.897363014118253,0.995548325304691,0.0166428161401719,1,2372.46676115985,0.0121440951066541
"1937","COQ10B",0.897401200428018,0.995548325304691,0.0166303655582688,1,2372.46676115985,-0.0252621549450717
"1901","ZNF804A",0.897553884733292,0.995548325304691,0.0165806304268338,1,2372.46676115985,-0.0206546446480521
"8779","MAP1A",0.897556266139819,0.995548325304691,0.0165798553111214,1,2372.46676115985,0.102085620349623
"747","PLEKHO1",0.897673954274558,0.995548325304691,0.0165415723566021,1,2372.46676115985,-0.0120945180975907
"1123","YOD1",0.897676002476838,0.995548325304691,0.0165409064919614,1,2372.46676115985,-0.0587296896679012
"9930","SUPT6H",0.897790005050236,0.995548325304691,0.0165038660670451,1,2372.46676115985,-0.0164281566678537
"912","SLAMF7",0.897901842366474,0.995548325304691,0.0164675701621796,1,2372.46676115985,-0.0417865116465847
"2016","TNS1",0.897955068690352,0.995548325304691,0.016450310249404,1,2372.46676115985,-0.0199723913305141
"6385","PANK1",0.897957553227225,0.995548325304691,0.01644950480342,1,2372.46676115985,0.0877216216179287
"6799","PRDM11",0.898011082079523,0.995548325304691,0.0164321564977288,1,2372.46676115985,-0.0748231818559886
"5082","LUC7L2",0.898163929155281,0.995548325304691,0.016382671097474,1,2372.46676115985,0.0146885705978091
"12753","FMR1",0.898270745610241,0.995548325304691,0.0163481334837567,1,2372.46676115985,0.0218792953320655
"12714","SASH3",0.898410148531618,0.995548325304691,0.0163031152020167,1,2372.46676115985,0.0202891015109785
"9011","CPEB1",0.898417013291183,0.995548325304691,0.0163008999507678,1,2372.46676115985,-0.22572510653017
"3860","CLTB",0.898438022476744,0.995548325304691,0.0162941212574201,1,2372.46676115985,0.0182076230900745
"12093","CLTCL1",0.898459348451215,0.995548325304691,0.0162872418162186,1,2372.46676115985,0.0497051265520785
"4874","PPP1R9A",0.898536702456648,0.995548325304691,0.0162623009564729,1,2372.46676115985,-0.115472186980956
"1694","MAP4K4",0.898537966001345,0.995548325304691,0.0162618937193773,1,2372.46676115985,-0.0190972715454013
"2738","CCNL1",0.898538425079426,0.995548325304691,0.016261745761016,1,2372.46676115985,0.017790324218389
"4397","NT5DC1",0.898609480119626,0.995548325304691,0.0162388533555716,1,2372.46676115985,0.0210407415848872
"12361","TUBGCP6",0.898881650374248,0.995548325304691,0.0161513175430496,1,2372.46676115985,0.0507316237750829
"5456","NIPAL2",0.899002646231508,0.995548325304691,0.0161124798589797,1,2372.46676115985,-0.0327405424345845
"6504","ITPRIP",0.899372734475995,0.995548325304691,0.015993982453062,1,2372.46676115985,-0.0299383432477059
"4596","AP5Z1",0.899402759768632,0.995548325304691,0.015984388235338,1,2372.46676115985,-0.0290307954473398
"6971","MRPL49",0.899494345048673,0.995548325304691,0.0159551413360207,1,2372.46676115985,-0.037494766679471
"8651","PPP1R13B",0.899503917052032,0.995548325304691,0.0159520861770821,1,2372.46676115985,-0.0805628176869359
"9898","ALDH3A2",0.899530513112875,0.995548325304691,0.0159435988984576,1,2372.46676115985,-0.0226246335328927
"161","PINK1",0.899537074195963,0.995548325304691,0.0159415054923442,1,2372.46676115985,-0.0232886734246344
"12138","SMARCB1",0.899547912196301,0.995548325304691,0.0159380477812829,1,2372.46676115985,0.0260656814237503
"2017","RUFY4",0.89970965352818,0.995548325304691,0.0158864917609757,1,2372.46676115985,-0.0456986195108949
"3708","ETF1",0.899736279066654,0.995548325304691,0.0158780128442722,1,2372.46676115985,0.0162990580916995
"10588","LMAN1",0.899928946476729,0.995548325304691,0.0158167263192627,1,2372.46676115985,-0.0179885711551772
"1117","MAPKAPK2",0.899954368543054,0.995548325304691,0.0158086486790838,1,2372.46676115985,0.0180488744911818
"7912","CFAP73",0.900110032004462,0.995548325304691,0.0157592336737505,1,2372.46676115985,-0.18626948118773
"7238","PTS",0.900181557930352,0.995548325304691,0.015736554280007,1,2372.46676115985,-0.0231543586483986
"970","TBX19",0.900199548514745,0.995548325304691,0.0157308524481613,1,2372.46676115985,-0.0269805909014589
"3147","FAM13A",0.900288844550041,0.995548325304691,0.0157025670097744,1,2372.46676115985,0.0142137121127361
"4098","RNF5",0.900297409715879,0.995548325304691,0.0156998552641298,1,2372.46676115985,0.0265783460769898
"10699","ZNF57",0.900356069815301,0.995548325304691,0.0156812897723237,1,2372.46676115985,0.114865044453314
"6058","WDR5",0.900496458204672,0.995548325304691,0.0156369031721649,1,2372.46676115985,0.0392420871698396
"7467","CREBL2",0.900497229158498,0.995548325304691,0.0156366595960763,1,2372.46676115985,-0.0144683600438111
"11059","ZNF430",0.900537735378461,0.995548325304691,0.0156238647217466,1,2372.46676115985,-0.0241699522085053
"9143","ZNF598",0.900574998291817,0.995548325304691,0.0156120990216476,1,2372.46676115985,0.0568881670821747
"4379","CDC40",0.900596487554395,0.995548325304691,0.0156053158706671,1,2372.46676115985,-0.0170169204040443
"4647","RAPGEF5",0.900707758474865,0.995548325304691,0.0155702168087819,1,2372.46676115985,-0.161748340821865
"8527","PGF",0.900850229080964,0.995548325304691,0.0155253347718262,1,2372.46676115985,0.22818442005156
"11705","RALGAPA2",0.900939085652723,0.995548325304691,0.015497375893948,1,2372.46676115985,0.0173345116062731
"4789","DNAJC30",0.900943735370761,0.995548325304691,0.0154959135564549,1,2372.46676115985,-0.0469984134566711
"9272","TMC5",0.900956252990441,0.995548325304691,0.0154919771101307,1,2372.46676115985,-0.184432219497361
"9807","SHBG",0.900965720074075,0.995548325304691,0.015489000310556,1,2372.46676115985,-0.184685319423705
"5044","TSPAN33",0.901098401100192,0.995548325304691,0.0154473110723116,1,2372.46676115985,-0.0273058332342741
"3179","CENPE",0.901123172581799,0.995548325304691,0.0154395340319283,1,2372.46676115985,0.0610278521183522
"4969","SLC26A5",0.90113250522449,0.995548325304691,0.0154366045517373,1,2372.46676115985,0.0975057027790793
"2703","PLSCR1",0.90113899087564,0.995548325304691,0.0154345688973237,1,2372.46676115985,0.0100135156262998
"8165","CKAP2",0.901231851030266,0.995548325304691,0.0154054377830186,1,2372.46676115985,0.0299205622481087
"6591","ADAM8",0.901381763867915,0.995548325304691,0.0153584676622392,1,2372.46676115985,0.0254764127632961
"2454","FLNB",0.901517273482222,0.995548325304691,0.0153160729611549,1,2372.46676115985,0.0264847287769897
"964","ADCY10",0.901557142749251,0.995548325304691,0.0153036110349422,1,2372.46676115985,0.0951491026911751
"2680","NMNAT3",0.901599863388366,0.995548325304691,0.01529026357121,1,2372.46676115985,0.0389796471210395
"6180","CACNB2",0.901679022441408,0.995548325304691,0.0152655470638025,1,2372.46676115985,-0.0948316241471442
"12165","TTC28",0.901689384762183,0.995548325304691,0.0152623130503651,1,2372.46676115985,-0.0206467563686378
"3707","EGR1",0.901703326998295,0.995548325304691,0.0152579623172919,1,2372.46676115985,0.0825468843569891
"495","ROR1",0.901756478342062,0.995548325304691,0.0152413819940267,1,2372.46676115985,0.192737672269527
"1242","IRF2BP2",0.901834744778081,0.995548325304691,0.0152169837887771,1,2372.46676115985,0.0166848736796999
"3465","GPBP1",0.901864473777632,0.995548325304691,0.0152077214879572,1,2372.46676115985,-0.0115372181045251
"8228","CARS2",0.902094282991691,0.995548325304691,0.0151362192304858,1,2372.46676115985,0.0235920324480034
"7937","PRKAB1",0.90214962121227,0.995548325304691,0.0151190269885403,1,2372.46676115985,0.0434221055474363
"6056","BRD3OS",0.902170905130224,0.995548325304691,0.0151124172324801,1,2372.46676115985,-0.106530878749287
"12813","ZFY",0.902354246391186,0.995548325304691,0.0150555410428627,1,2372.46676115985,-0.0237228452392326
"5359","YTHDF3",0.902574380866457,0.995548325304691,0.01498739464572,1,2372.46676115985,-0.0143639672377097
"7504","BHLHE41",0.902580709357089,0.995548325304691,0.0149854378731332,1,2372.46676115985,-0.0345170461050828
"12699","RNF113A",0.90263243223183,0.995548325304691,0.0149694499938709,1,2372.46676115985,0.0368030101071711
"5825","SLC35D2",0.902691614854359,0.995548325304691,0.0149511668824418,1,2372.46676115985,-0.0307156678453616
"7648","PDE1B",0.902714919706411,0.995548325304691,0.0149439704955248,1,2372.46676115985,0.0380950075805578
"4795","LIMK1",0.902774337878119,0.995548325304691,0.0149256305060415,1,2372.46676115985,-0.0198751670624938
"3631","DTWD2",0.902791168931874,0.995548325304691,0.0149204375168422,1,2372.46676115985,0.0279218478259273
"11435","ETFB",0.902800966460263,0.995548325304691,0.014917415047035,1,2372.46676115985,-0.0141555477997578
"2365","NICN1",0.902827985263736,0.995548325304691,0.014909081542883,1,2372.46676115985,0.0547666079615802
"164","EIF4G3",0.902829161619192,0.995548325304691,0.0149087187691338,1,2372.46676115985,0.00848041380474054
"1160","SPATA17",0.902943481089779,0.995548325304691,0.0148734854010422,1,2372.46676115985,-0.186885675855113
"1530","MEIS1",0.903153693204312,0.995548325304691,0.0148088082365454,1,2372.46676115985,0.142648553839472
"7560","HDAC7",0.903253354025108,0.995548325304691,0.0147781949960728,1,2372.46676115985,0.0296277264698551
"10171","ZNF652",0.903401725732396,0.995548325304691,0.0147326785715123,1,2372.46676115985,-0.0152817389887933
"12273","APOBEC3D",0.903598472745464,0.995548325304691,0.0146724317721401,1,2372.46676115985,0.0792291705959418
"353","RLF",0.903789951669561,0.995548325304691,0.014613918398157,1,2372.46676115985,-0.0142696026049507
"9884","MIEF2",0.903790102008704,0.995548325304691,0.0146138725031477,1,2372.46676115985,-0.0753751075185489
"8028","GOLGA3",0.903791561751003,0.995548325304691,0.0146134268819118,1,2372.46676115985,0.0226259591740403
"6301","SAR1A",0.903833377212878,0.995548325304691,0.0146006646395547,1,2372.46676115985,-0.0207590790686723
"626","GPSM2",0.903852132386453,0.995548325304691,0.0145949423248394,1,2372.46676115985,0.0493807473454682
"10517","OSBPL1A",0.904005781352408,0.995548325304691,0.0145481059601681,1,2372.46676115985,-0.0111545862404043
"2939","MRFAP1L1",0.904104228528677,0.995548325304691,0.0145181367359152,1,2372.46676115985,0.0291092180261062
"1080","PPP1R12B",0.904166809731916,0.995548325304691,0.0144991021053158,1,2372.46676115985,0.0172948217455502
"2585","ILDR1",0.90424302479024,0.995548325304691,0.0144759377235488,1,2372.46676115985,-0.195696889402145
"12608","PBDC1",0.90425279744887,0.995548325304691,0.0144729688348708,1,2372.46676115985,0.0221747641021551
"8941","ADPGK",0.904336898722818,0.995548325304691,0.0144474320220753,1,2372.46676115985,-0.0132779194557761
"974","CCDC181",0.904517116220403,0.995548325304691,0.014392787159987,1,2372.46676115985,0.137947894466175
"7234","SDHD",0.904715223658219,0.995548325304691,0.0143328389603393,1,2372.46676115985,0.0180408156568565
"10245","BCAS3",0.904753139253876,0.995548325304691,0.0143213799989361,1,2372.46676115985,0.0126971340425437
"5742","TJP2",0.904780335843948,0.995548325304691,0.0143131634293126,1,2372.46676115985,-0.0525005152939645
"7392","IFFO1",0.904810127272027,0.995548325304691,0.0143041656579546,1,2372.46676115985,0.0232187853877488
"8846","RFX7",0.904862960201078,0.995548325304691,0.014288215822237,1,2372.46676115985,-0.0158959664742298
"3642","CEP120",0.904892579261891,0.995548325304691,0.0142792780141785,1,2372.46676115985,0.0237687711629973
"7482","PTPRO",0.904895208969686,0.995548325304691,0.0142784846141697,1,2372.46676115985,0.0220352090787511
"6955","MEN1",0.904949017786167,0.995548325304691,0.0142622550520377,1,2372.46676115985,-0.0610530801028554
"597","ALG14",0.905232512498544,0.995548325304691,0.0141769032737697,1,2372.46676115985,-0.0362376330698458
"6879","DDB1",0.905239856646159,0.995548325304691,0.0141746956228653,1,2372.46676115985,-0.0187310267748914
"7280","SLC37A4",0.90524333335474,0.995548325304691,0.0141736505850052,1,2372.46676115985,-0.0436112591592301
"8064","RPL21",0.905348248989076,0.995548325304691,0.0141421331569257,1,2372.46676115985,0.00816594637744776
"1760","WDR33",0.905628382082657,0.995548325304691,0.0140581534255233,1,2372.46676115985,0.0136966872971736
"2872","PIGZ",0.905652936098546,0.995548325304691,0.0140508045858744,1,2372.46676115985,-0.0484639802399651
"12702","ZBTB33",0.905687579849416,0.995548325304691,0.0140404392750626,1,2372.46676115985,0.0338012418045636
"6038","SPACA9",0.905800562938154,0.995548325304691,0.0140066620081668,1,2372.46676115985,-0.0684084103367553
"6829","KBTBD4",0.905931153988771,0.995548325304691,0.0139676720800644,1,2372.46676115985,-0.0578098741722036
"12277","CBX7",0.905934000479821,0.995548325304691,0.0139668228308509,1,2372.46676115985,-0.0360904171609276
"12484","JADE3",0.905964392485974,0.995548325304691,0.0139577570226118,1,2372.46676115985,-0.059690411508123
"870","SMG5",0.906058199488105,0.995548325304691,0.0139297936076194,1,2372.46676115985,0.0237073462636141
"5863","NIPSNAP3B",0.906088254475352,0.995548325304691,0.0139208403744406,1,2372.46676115985,0.0620825000868356
"3273","LRBA",0.906361668473771,0.995548325304691,0.0138395257096768,1,2372.46676115985,0.0127973206774789
"9167","PRSS21",0.906416563825769,0.995548325304691,0.013823228672042,1,2372.46676115985,0.136395413788387
"9874","SREBF1",0.906443846064534,0.995548325304691,0.0138151328882532,1,2372.46676115985,0.0291923065347531
"11742","CBFA2T2",0.906514520161688,0.995548325304691,0.0137941721018649,1,2372.46676115985,0.0139674472328411
"12162","CRYBB1",0.906552528679923,0.995548325304691,0.0137829060654213,1,2372.46676115985,0.0498041003383401
"4145","RPS10",0.906618264927887,0.995548325304691,0.0137634323158017,1,2372.46676115985,-0.010658192334543
"12156","MYO18B",0.906731232433386,0.995548325304691,0.0137299993468756,1,2372.46676115985,-0.202122479210546
"4430","ECHDC1",0.907077111736442,0.995548325304691,0.0136278919015361,1,2372.46676115985,0.0155029218000068
"5823","ERCC6L2",0.907112802299689,0.995548325304691,0.013617377634465,1,2372.46676115985,0.0180413314057238
"6249","WDFY4",0.907134173223414,0.995548325304691,0.0136110838325076,1,2372.46676115985,0.0145792423606041
"2389","TMEM115",0.907142624826768,0.995548325304691,0.0136085952165417,1,2372.46676115985,-0.0337780104163796
"603","AGL",0.907166781845083,0.995548325304691,0.013601483335946,1,2372.46676115985,0.0231351472916697
"11432","CD33",0.9072746250792,0.995548325304691,0.0135697570250095,1,2372.46676115985,-0.0278845673320047
"6878","VWCE",0.907320155724854,0.995548325304691,0.0135563736749971,1,2372.46676115985,-0.0712817831718673
"10976","MYO9B",0.907356090278421,0.995548325304691,0.0135458157408547,1,2372.46676115985,-0.00780350937214569
"9703","SERPINF1",0.907395090132738,0.995548325304691,0.0135343619076712,1,2372.46676115985,0.0533037506501491
"10954","BRD4",0.907400830183089,0.995548325304691,0.0135326765318131,1,2372.46676115985,0.0125877224243998
"7820","UTP20",0.907440898126829,0.995548325304691,0.0135209148684624,1,2372.46676115985,0.043534198828856
"2618","PLXNA1",0.907452718356609,0.995548325304691,0.0135174461130247,1,2372.46676115985,-0.0481550896441749
"7929","FBXO21",0.907566914972833,0.995548325304691,0.0134839572897464,1,2372.46676115985,-0.024845669080923
"3497","MRPS36",0.907686911011438,0.995548325304691,0.0134488131074376,1,2372.46676115985,0.0236644593846832
"12030","PRDM15",0.90775775571401,0.995548325304691,0.0134280860822921,1,2372.46676115985,-0.0430045281984336
"10823","UBL5",0.907918238549711,0.995548325304691,0.0133811935491581,1,2372.46676115985,-0.0103870018296584
"9565","DDX19A",0.908009883186174,0.995548325304691,0.0133544525862369,1,2372.46676115985,0.0282490337203909
"10011","ACACA",0.908083654814768,0.995548325304691,0.0133329464733315,1,2372.46676115985,-0.024630311144957
"116","PRDM2",0.908111308608459,0.995548325304691,0.013324889286998,1,2372.46676115985,0.0135779810288976
"1088","CHI3L1",0.90812736982198,0.995548325304691,0.013320210838005,1,2372.46676115985,0.0406908593272633
"6526","FAM160B1",0.908277202448261,0.995548325304691,0.0132766063992022,1,2372.46676115985,0.0239433934666862
"12670","MORC4",0.908399839637341,0.995548325304691,0.0132409703113542,1,2372.46676115985,0.0762720768924409
"11981","SCAF4",0.90860883403123,0.995548325304691,0.0131803522301802,1,2372.46676115985,0.0183601169348531
"1930","STK17B",0.908649309215715,0.995548325304691,0.0131686288340127,1,2372.46676115985,0.0174899335577734
"1754","TSN",0.908728251442933,0.995548325304691,0.0131457788931305,1,2372.46676115985,0.0247489789845992
"9709","SRR",0.908836950325048,0.995548325304691,0.0131143487421706,1,2372.46676115985,0.0415041868730539
"10731","CHAF1A",0.90887223081617,0.995548325304691,0.0131041556230166,1,2372.46676115985,0.0336973418356125
"3918","GMDS",0.908929651797292,0.995548325304691,0.0130875743335458,1,2372.46676115985,-0.0224189041702704
"777","SCNM1",0.908995263999188,0.995548325304691,0.013068640707377,1,2372.46676115985,-0.0231855347302108
"5394","ZC2HC1A",0.909031870179502,0.995548325304691,0.0130580833445797,1,2372.46676115985,0.0279954349266721
"3622","PGGT1B",0.909121300348338,0.995548325304691,0.0130323095168426,1,2372.46676115985,0.0182891179018217
"1809","FMNL2",0.909137213682002,0.995548325304691,0.0130277259878114,1,2372.46676115985,-0.00970790258290413
"10728","STAP2",0.909167994717202,0.995548325304691,0.0130188624215468,1,2372.46676115985,-0.184154258706278
"4734","ZMIZ2",0.90917207125032,0.995548325304691,0.0130176887908227,1,2372.46676115985,-0.01909221103994
"5789","CDK20",0.909207797531377,0.995548325304691,0.0130074055151082,1,2372.46676115985,0.177569875655978
"12570","ZC3H12B",0.909416274799244,0.995548325304691,0.0129474805382914,1,2372.46676115985,-0.222190986139533
"7847","CKAP4",0.90949219563473,0.995548325304691,0.0129256925663244,1,2372.46676115985,-0.0221964195068713
"3404","AMACR",0.909514900675447,0.995548325304691,0.0129191802209034,1,2372.46676115985,-0.0396933401908216
"2196","NR2C2",0.909545684359639,0.995548325304691,0.0129103533829943,1,2372.46676115985,0.0197262681213125
"1110","RAB7B",0.909568531423218,0.995548325304691,0.0129038042474907,1,2372.46676115985,-0.015545571724233
"6079","AGPAT2",0.909603167248641,0.995548325304691,0.0128938790602483,1,2372.46676115985,-0.0238232988303659
"10533","ZNF24",0.9096716119501,0.995548325304691,0.0128742770285509,1,2372.46676115985,-0.0191979617407314
"680","SYT6",0.909691336892127,0.995548325304691,0.0128686307616319,1,2372.46676115985,0.113747520867301
"5299","PLPP5",0.909736984301879,0.995548325304691,0.0128555689955835,1,2372.46676115985,-0.031371963974526
"5737","CBWD3",0.909781085868081,0.995548325304691,0.0128429559446722,1,2372.46676115985,-0.0588466915495203
"10800","CD320",0.910046779942008,0.995548325304691,0.0127671000921979,1,2372.46676115985,0.0902461039906135
"8344","SPTSSA",0.910057976564332,0.995548325304691,0.0127639084450713,1,2372.46676115985,0.018500017124685
"3492","CD180",0.910270683557289,0.995548325304691,0.0127033521208645,1,2372.46676115985,-0.0393246241954984
"10372","TNRC6C",0.910390184394136,0.995548325304691,0.0126693949688394,1,2372.46676115985,0.0340614465601046
"5329","CEBPD",0.910472316813748,0.995548325304691,0.0126460830468194,1,2372.46676115985,0.0114080241509874
"2117","DUSP28",0.910486785606724,0.995548325304691,0.0126419785725403,1,2372.46676115985,-0.0611277618498622
"12724","ENOX2",0.910512978551065,0.995548325304691,0.0126345499337269,1,2372.46676115985,0.0179510773179689
"1393","GPN1",0.910545323601397,0.995548325304691,0.0126253795332522,1,2372.46676115985,-0.0400824713258122
"5218","CSGALNACT1",0.910625275778255,0.995548325304691,0.0126027261264669,1,2372.46676115985,0.0863009579649503
"3677","VDAC1",0.910630941518963,0.995548325304691,0.0126011215942632,1,2372.46676115985,0.0140291751249533
"6512","SMC3",0.910739822374005,0.995548325304691,0.0125703067364029,1,2372.46676115985,-0.0189081558900587
"9814","CHD3",0.910762383093588,0.995548325304691,0.0125639265036453,1,2372.46676115985,-0.0175066332925621
"6315","DDIT4",0.910822037090667,0.995548325304691,0.0125470640922705,1,2372.46676115985,-0.0202991953289529
"11388","SLC6A16",0.910835077505936,0.995548325304691,0.0125433794817163,1,2372.46676115985,0.103655406308894
"2298","ZKSCAN7",0.910845597279133,0.995548325304691,0.012540407485813,1,2372.46676115985,-0.097172389047663
"4054","CCHCR1",0.910887341900459,0.995548325304691,0.0125286175100951,1,2372.46676115985,-0.0411796707444674
"4983","PRKAR2B",0.910906186350727,0.995548325304691,0.0125232970921665,1,2372.46676115985,0.0507479650214715
"11009","JUND",0.910907665998957,0.995548325304691,0.0125228793864772,1,2372.46676115985,0.0113094190645331
"7311","SPA17",0.910997908218407,0.995548325304691,0.0124974172805171,1,2372.46676115985,0.0504631652862702
"11887","CSTF1",0.911129474544532,0.995548325304691,0.0124603424634919,1,2372.46676115985,0.0334324194115019
"12319","RRP7A",0.911275355854936,0.995548325304691,0.0124192989369047,1,2372.46676115985,-0.0199688462421849
"1349","PFN4",0.911297662893686,0.995548325304691,0.0124130289216066,1,2372.46676115985,0.122368968520755
"8404","GNPNAT1",0.91131530136545,0.995548325304691,0.0124080722719815,1,2372.46676115985,0.0497229087126958
"2682","SLC25A36",0.911345603802424,0.995548325304691,0.0123995592161016,1,2372.46676115985,-0.0153339924668546
"1231","EGLN1",0.911408522168626,0.995548325304691,0.0123818926061231,1,2372.46676115985,0.016556653436374
"5079","TTC26",0.91142949242909,0.995548325304691,0.0123760072790425,1,2372.46676115985,-0.0762971258650446
"9014","WHAMM",0.911554207343618,0.99556628305913,0.0123410351575258,1,2372.46676115985,-0.0195475021072828
"9507","HSF4",0.911621689722498,0.99556628305913,0.0123221328696029,1,2372.46676115985,-0.0799032979289196
"411","TESK2",0.91167852367357,0.99556628305913,0.0123062246579137,1,2372.46676115985,-0.0205786030916963
"8065","GTF3A",0.91189248414993,0.99558086977192,0.0122464289464702,1,2372.46676115985,-0.0161175732114487
"2802","PARL",0.911924873343611,0.99558086977192,0.0122373899582756,1,2372.46676115985,0.0120091083889074
"3486","TRAPPC13",0.911926545342712,0.99558086977192,0.0122369234381579,1,2372.46676115985,0.0240748039084412
"1003","COP1",0.912002006940822,0.99558086977192,0.012215877562204,1,2372.46676115985,0.00831510250420503
"1124","CD55",0.91232288377599,0.995670578260212,0.0121265912885317,1,2372.46676115985,-0.0368635788560825
"2633","COPG1",0.912370768329265,0.995670578260212,0.0121132954928566,1,2372.46676115985,-0.0226268176104147
"1891","SESTD1",0.912405013205102,0.995670578260212,0.0121037914655193,1,2372.46676115985,0.0122130336505816
"8850","TCF12",0.912570658987969,0.995670578260212,0.0120578728560479,1,2372.46676115985,0.00761799855840334
"7554","SCAF11",0.912839109867885,0.995670578260212,0.0119836432246201,1,2372.46676115985,0.00783963250341115
"11222","BLVRB",0.912863371286891,0.995670578260212,0.0119769461024705,1,2372.46676115985,-0.0122582655654302
"2281","CTNNB1",0.913043402581764,0.995670578260212,0.0119273094436763,1,2372.46676115985,-0.00985371983482198
"7808","CFAP54",0.91305458253817,0.995670578260212,0.0119242304432141,1,2372.46676115985,-0.0987054725891748
"9357","KCTD13",0.913079865117754,0.995670578260212,0.011917269012515,1,2372.46676115985,-0.0282652085135177
"272","KPNA6",0.913080236430158,0.995670578260212,0.0119171667888445,1,2372.46676115985,0.014768427930516
"3318","HPF1",0.913091687512481,0.995670578260212,0.0119140144815781,1,2372.46676115985,0.0256608798044829
"9592","LDHD",0.91321609358867,0.995670578260212,0.0118797945900718,1,2372.46676115985,-0.115687582565095
"368","FOXJ3",0.913247570751353,0.995670578260212,0.0118711441845403,1,2372.46676115985,0.0147331552177429
"12317","TCF20",0.913316569461046,0.995670578260212,0.0118521934373741,1,2372.46676115985,-0.0207406109529934
"2211","TBC1D5",0.913320569281078,0.995670578260212,0.0118510953419409,1,2372.46676115985,-0.0081690399320224
"4013","ZNF391",0.913386269410464,0.995670578260212,0.0118330656441081,1,2372.46676115985,0.088158894823048
"11243","DMAC2",0.91349864413205,0.995670578260212,0.0118022595048105,1,2372.46676115985,0.0313570972293151
"902","IGSF8",0.91352705509249,0.995670578260212,0.0117944774256911,1,2372.46676115985,0.0460868629593418
"5219","INTS10",0.91360679387591,0.995670578260212,0.011772649954492,1,2372.46676115985,0.0173505631514972
"6495","PDCD11",0.913634952390007,0.995670578260212,0.01176494680865,1,2372.46676115985,-0.0308984688567726
"11516","RDH13",0.913865482228501,0.995722548709115,0.0117019781414215,1,2372.46676115985,-0.0504020507766469
"1087","PPFIA4",0.913937500323415,0.995722548709115,0.0116823416159499,1,2372.46676115985,0.067977759091899
"629","TAF13",0.914032326900026,0.995722548709115,0.0116565115504798,1,2372.46676115985,-0.0303214110404619
"1772","FAM168B",0.914198102236737,0.995722548709115,0.011611425032918,1,2372.46676115985,-0.0186572975813006
"10702","TLE5",0.914198829400126,0.995722548709115,0.0116112274583501,1,2372.46676115985,0.0136120101481241
"2453","SLMAP",0.914233809370631,0.995722548709115,0.0116017252030737,1,2372.46676115985,-0.0122070120732534
"5955","MVB12B",0.914347843236121,0.995722548709115,0.0115707754009568,1,2372.46676115985,-0.0184280299760766
"11393","FLT3LG",0.914437822211638,0.995722548709115,0.0115463838238832,1,2372.46676115985,0.0582865950800791
"9085","PCSK6",0.914463303720813,0.995722548709115,0.0115394810049422,1,2372.46676115985,-0.0741554006329392
"4523","TFB1M",0.914762214132406,0.995722548709115,0.0114586634876637,1,2372.46676115985,0.02039613183848
"10008","DHRS11",0.91478934433318,0.995722548709115,0.0114513424141504,1,2372.46676115985,-0.0541617243874198
"3744","HDAC3",0.914872028686815,0.995722548709115,0.0114290446706407,1,2372.46676115985,-0.0174756211346084
"8081","FRY",0.914887295367272,0.995722548709115,0.0114249300617107,1,2372.46676115985,0.0224374934803985
"8235","PCID2",0.914938515746294,0.995722548709115,0.0114111308430188,1,2372.46676115985,0.0268490583669159
"3183","INTS12",0.914959139886872,0.995722548709115,0.0114055769005341,1,2372.46676115985,0.0256156463822319
"7517","CCDC91",0.915000796500492,0.995722548709115,0.0113943632243222,1,2372.46676115985,-0.0100578608777275
"609","DBT",0.915013238654014,0.995722548709115,0.0113910149633291,1,2372.46676115985,0.0235681666128955
"9964","EVI2B",0.915211917951005,0.995722548709115,0.0113376165416126,1,2372.46676115985,-0.0107085180626869
"7258","CEP164",0.915222561842793,0.995722548709115,0.0113347593963533,1,2372.46676115985,0.0234668492605314
"99","MTOR",0.915437865850926,0.995722548709115,0.011277043409245,1,2372.46676115985,-0.0206588681139438
"5603","ZNF7",0.915481924775973,0.995722548709115,0.0112652510102368,1,2372.46676115985,-0.034654079922841
"1644","AC092835.1",0.915505163528936,0.995722548709115,0.011259033656357,1,2372.46676115985,0.0677904161052586
"10615","TSHZ1",0.915511067466787,0.995722548709115,0.0112574543785765,1,2372.46676115985,-0.0245352612367006
"10565","ACAA2",0.915707973501373,0.995722548709115,0.0112048470331987,1,2372.46676115985,-0.0187234435946129
"11147","ZNF146",0.915756619170053,0.995722548709115,0.0111918695717102,1,2372.46676115985,0.0252412568692955
"421","MAST2",0.915857919527197,0.995722548709115,0.0111648695448547,1,2372.46676115985,0.0181703870435312
"7965","ORAI1",0.916052520705013,0.995722548709115,0.0111130941489559,1,2372.46676115985,-0.0209038436527004
"967","GPR161",0.916155169396889,0.995722548709115,0.0110858325544429,1,2372.46676115985,-0.043800438653084
"8227","NAXD",0.916184129234529,0.995722548709115,0.0110781474792011,1,2372.46676115985,-0.0318396029174749
"11171","ZFP30",0.916220053167233,0.995722548709115,0.0110686180852562,1,2372.46676115985,-0.0320207697303967
"11990","IFNAR2",0.91627692215062,0.995722548709115,0.0110535411598374,1,2372.46676115985,0.00833024123921642
"2690","GK5",0.916405348624114,0.995722548709115,0.0110195313596142,1,2372.46676115985,0.0233665503343813
"12124","TMEM191C",0.91641057330208,0.995722548709115,0.0110181488859095,1,2372.46676115985,-0.091630858645301
"8387","MAP4K5",0.916442554950609,0.995722548709115,0.0110096883063837,1,2372.46676115985,-0.0178520031427666
"6882","TMEM138",0.916453767606013,0.995722548709115,0.0110067228342899,1,2372.46676115985,0.016741095286747
"6366","ADIRF",0.916593618787431,0.995722548709115,0.0109697695586631,1,2372.46676115985,-0.059719025363922
"10780","AC119396.1",0.916596766364126,0.995722548709115,0.0109689385883469,1,2372.46676115985,0.089076884440899
"2958","BOD1L1",0.916629253819052,0.995722548709115,0.0109603636554447,1,2372.46676115985,0.0115386651629924
"486","TM2D1",0.916820040285128,0.995806673821749,0.0109100747402566,1,2372.46676115985,0.0155925172333119
"3009","PDS5A",0.916866082767665,0.995806673821749,0.0108979560297643,1,2372.46676115985,-0.010981366682633
"12731","HPRT1",0.916939343607847,0.995806673821749,0.0108786872868832,1,2372.46676115985,0.0196721827385467
"9160","ATP6V0C",0.917256922440167,0.995990701459627,0.01079535838707,1,2372.46676115985,0.00671460585859215
"5943","PSMB7",0.917263923017019,0.995990701459627,0.0107935251670751,1,2372.46676115985,0.0125192267504942
"8243","TMEM255B",0.917823463495801,0.996432357101995,0.010647508831889,1,2372.46676115985,-0.0296598021774909
"9261","AC138969.1",0.917825864013893,0.996432357101995,0.0106468845635651,1,2372.46676115985,-0.15399820618187
"2034","TTLL4",0.918074655222273,0.996591144437626,0.0105822852915682,1,2372.46676115985,-0.0237243100246053
"2300","ZNF197",0.918192771594663,0.996591144437626,0.0105516856180677,1,2372.46676115985,0.03043880155874
"8798","SPATA5L1",0.918284342659502,0.996591144437626,0.0105279936819947,1,2372.46676115985,0.0296233806751307
"10498","FAM210A",0.918323134532971,0.996591144437626,0.0105179652785795,1,2372.46676115985,-0.0247869470824238
"5656","MTAP",0.918360175385907,0.996591144437626,0.0105083940525203,1,2372.46676115985,-0.0167297553315492
"7419","CLSTN3",0.918630008452453,0.99668666350092,0.0104388029861284,1,2372.46676115985,-0.0937404176946927
"7971","PSMD9",0.918747663985119,0.99668666350092,0.0104085322742394,1,2372.46676115985,0.0154844782739496
"4224","TJAP1",0.918762335400651,0.99668666350092,0.0104047606897857,1,2372.46676115985,0.0317845287170106
"4170","C6orf89",0.918766398478735,0.99668666350092,0.0104037163153915,1,2372.46676115985,-0.0162966789587028
"5384","STAU2",0.918854557949463,0.99668666350092,0.0103810688291217,1,2372.46676115985,-0.0112013991663187
"2465","C3orf49",0.918913901502017,0.99668666350092,0.0103658379699811,1,2372.46676115985,-0.151469459775242
"5998","TBC1D13",0.919032218381302,0.996686979008861,0.0103355049876849,1,2372.46676115985,-0.0293427775005224
"12194","TCN2",0.919073039204296,0.996686979008861,0.0103250501434232,1,2372.46676115985,-0.0181770227258842
"12321","POLDIP3",0.919147045045007,0.996686979008861,0.01030610973184,1,2372.46676115985,-0.0212976150038905
"8380","NEMF",0.919325950733925,0.996713482866018,0.0102603947302471,1,2372.46676115985,-0.0109966181445906
"4034","TRIM39",0.91932672619462,0.996713482866018,0.010260196803559,1,2372.46676115985,0.0430251106964571
"7749","CCT2",0.919468348697256,0.996774280922463,0.0102240817621969,1,2372.46676115985,-0.02143478535518
"284","ZBTB8OS",0.919561198832158,0.996774280922463,0.0102004390335255,1,2372.46676115985,0.0145027178604649
"8987","WDR61",0.919637994859473,0.996774280922463,0.0101809051038485,1,2372.46676115985,-0.0247631300795528
"1600","TACR1",0.919767618298833,0.996774280922463,0.010147976831109,1,2372.46676115985,-0.149771248456321
"6509","MXI1",0.919770925523734,0.996774280922463,0.0101471374008548,1,2372.46676115985,0.0156617336182354
"4895","ZNF789",0.919891817582774,0.996821167053198,0.0101164770004086,1,2372.46676115985,-0.0313451627814631
"3428","PRKAA1",0.920070058845765,0.996930185270312,0.0100713572873297,1,2372.46676115985,0.0187135232773715
"12250","TRIOBP",0.920484696466861,0.997006529292759,0.00996679062835611,1,2372.46676115985,0.0174230119571557
"5650","ACER2",0.920486860472649,0.997006529292759,0.00996624633759312,1,2372.46676115985,-0.0377358336341481
"2294","ABHD5",0.920488673455005,0.997006529292759,0.00996579034780401,1,2372.46676115985,-0.0222664073530447
"1562","DYSF",0.920639224097225,0.997006529292759,0.00992796157029137,1,2372.46676115985,0.0195341204020618
"7479","ERP27",0.920755565738537,0.997006529292759,0.00989877823091048,1,2372.46676115985,0.0735780932154823
"9170","FLYWCH1",0.920779759033248,0.997006529292759,0.00989271499135423,1,2372.46676115985,-0.0239867167034362
"2819","MAP3K13",0.921040263244864,0.997006529292759,0.0098275471713817,1,2372.46676115985,-0.0180010592927934
"5161","PAXIP1",0.921071862281192,0.997006529292759,0.00981965713559166,1,2372.46676115985,0.0328922970492762
"1082","RABIF",0.921108120431967,0.997006529292759,0.00981060769691111,1,2372.46676115985,-0.0248198946476568
"7785","POC1B",0.921229889362985,0.997006529292759,0.00978024700277607,1,2372.46676115985,-0.0201392355560196
"8558","ALKBH1",0.921240777601244,0.997006529292759,0.00977753454828585,1,2372.46676115985,0.0234058866063723
"6699","IPO7",0.921329963875618,0.997006529292759,0.00975533095439703,1,2372.46676115985,-0.0136000727106877
"459","MAGOH",0.921341414711735,0.997006529292759,0.00975248202876673,1,2372.46676115985,-0.0197508871176844
"11651","SIGLEC1",0.921350619398831,0.997006529292759,0.00975019224128342,1,2372.46676115985,0.00774218639620858
"4487","EPM2A",0.92136011677829,0.997006529292759,0.00974782992725759,1,2372.46676115985,-0.0308500894474515
"4111","PSMB8",0.921382795975171,0.997006529292759,0.00974219002602627,1,2372.46676115985,0.0118006981961353
"3899","LTC4S",0.921481094493192,0.997028878866454,0.00971776403384003,1,2372.46676115985,0.0562307103700394
"6610","RNH1",0.9218287243426,0.997100108921323,0.00963163053613758,1,2372.46676115985,-0.0121122791407482
"12423","CA5B",0.921833869555006,0.997100108921323,0.00963035859563685,1,2372.46676115985,-0.0198824956136619
"5095","AGK",0.921847300163936,0.997100108921323,0.00962703883385107,1,2372.46676115985,0.0246135288378457
"12838","AL592183.1",0.921875285937089,0.997100108921323,0.00962012320042568,1,2372.46676115985,-0.0200502491159969
"8172","MZT1",0.921935175860359,0.997100108921323,0.00960533208268339,1,2372.46676115985,-0.0270778396367419
"3914","DUSP22",0.922225007790167,0.997254559219444,0.00953391411760144,1,2372.46676115985,-0.0175331252553135
"4381","DDO",0.922317098758978,0.997254559219444,0.00951127815234611,1,2372.46676115985,0.0435839641307589
"9538","DPEP3",0.922376616276956,0.997254559219444,0.00949666319176971,1,2372.46676115985,-0.115529754197547
"2868","PAK2",0.922829368919565,0.997254559219444,0.00938585782258194,1,2372.46676115985,0.00744105791816287
"11760","GSS",0.92297059040372,0.997254559219444,0.0093514299743605,1,2372.46676115985,-0.0207688345942675
"9824","CTC1",0.922977899069099,0.997254559219444,0.00934964996036321,1,2372.46676115985,0.0322296205059054
"8456","HSPA2",0.923048061448487,0.997254559219444,0.00933257072357656,1,2372.46676115985,0.0881048739995701
"7549","TWF1",0.923128908703733,0.997254559219444,0.00931291006914431,1,2372.46676115985,0.0180755326878907
"10544","PIK3C3",0.923151784595604,0.997254559219444,0.00930735084571534,1,2372.46676115985,0.0134670324204194
"5644","SAXO1",0.923216173266112,0.997254559219444,0.00929171231781901,1,2372.46676115985,-0.0747912777350348
"1771","PTPN18",0.923338603577795,0.997254559219444,0.00926201341726786,1,2372.46676115985,-0.015712683065403
"3101","MRPL1",0.923398933948969,0.997254559219444,0.00924739624302024,1,2372.46676115985,-0.0208880322918942
"11415","NUP62",0.923488808022878,0.997254559219444,0.00922564266240393,1,2372.46676115985,-0.0166357738563811
"1228","GNPAT",0.923638094527173,0.997254559219444,0.00918956572997023,1,2372.46676115985,0.0183139393091471
"1857","DCAF17",0.923849327331057,0.997254559219444,0.00913864056794323,1,2372.46676115985,0.0285513728231603
"3582","SLF1",0.923862773735705,0.997254559219444,0.00913540366913492,1,2372.46676115985,-0.0294045975014287
"7106","LIPT2",0.92390353127135,0.997254559219444,0.00912559580664225,1,2372.46676115985,-0.101774749956222
"3476","DIMT1",0.924095442360111,0.997254559219444,0.00907948590916373,1,2372.46676115985,0.0278643576845585
"5421","NBN",0.924256262526036,0.997254559219444,0.00904093688863132,1,2372.46676115985,-0.0162099440603892
"11578","ZNF551",0.9242616474338,0.997254559219444,0.00903964754375332,1,2372.46676115985,0.0465652905401991
"9413","PYCARD",0.924353802661283,0.997254559219444,0.00901759657407272,1,2372.46676115985,-0.010077561003464
"6641","CD81",0.92439172882206,0.997254559219444,0.00900852946681805,1,2372.46676115985,-0.00838517549784308
"7628","PFDN5",0.924519739777259,0.997254559219444,0.00897795952890619,1,2372.46676115985,-0.00502371816079885
"4305","TPBG",0.924676823070888,0.997254559219444,0.00894051854001775,1,2372.46676115985,0.0782040087825981
"10352","SRP68",0.924745220810858,0.997254559219444,0.00892424052502994,1,2372.46676115985,-0.0219996376401844
"9125","CLCN7",0.924767446427276,0.997254559219444,0.00891895426001426,1,2372.46676115985,-0.011882644053918
"3458","MTREX",0.924800381105423,0.997254559219444,0.00891112379733152,1,2372.46676115985,-0.0145326779412726
"5937","ZBTB6",0.924841243611708,0.997254559219444,0.00890141325785591,1,2372.46676115985,0.0324893426364441
"3294","GASK1B",0.924844554735919,0.997254559219444,0.00890062663836881,1,2372.46676115985,-0.0121892635558842
"923","UFC1",0.924885222469422,0.997254559219444,0.00889096811798597,1,2372.46676115985,-0.0126474264723213
"6898","AHNAK",0.925102293777463,0.997254559219444,0.00883950350907965,1,2372.46676115985,0.0108963788863089
"12067","LSS",0.925279351443092,0.997254559219444,0.00879763717370463,1,2372.46676115985,-0.0270482633640914
"11548","ZNF582",0.925440663257558,0.997254559219444,0.0087595813148507,1,2372.46676115985,-0.0634419652288576
"4050","IER3",0.925518453126653,0.997254559219444,0.00874125926491065,1,2372.46676115985,0.014667772856285
"4444","VNN2",0.92557003262791,0.997254559219444,0.00872912127943563,1,2372.46676115985,-0.0264736051102939
"10094","AARSD1",0.925678687039398,0.997254559219444,0.00870357993133394,1,2372.46676115985,-0.0308033564616133
"6618","TALDO1",0.925725054789391,0.997254559219444,0.00869269177467046,1,2372.46676115985,-0.00910948129953972
"11403","IRF3",0.92576761237284,0.997254559219444,0.00868270437796459,1,2372.46676115985,-0.0159961217291588
"4126","B3GALT4",0.925775978898277,0.997254559219444,0.00868074160621282,1,2372.46676115985,0.0231813110394207
"1932","CCDC150",0.925810648291025,0.997254559219444,0.00867261061445044,1,2372.46676115985,-0.0726446706646439
"9567","FCSK",0.925887213766661,0.997254559219444,0.00865466737416769,1,2372.46676115985,0.0374510788189123
"9317","KDM8",0.926002423725155,0.997254559219444,0.00862770305622158,1,2372.46676115985,-0.0577092617628651
"12038","PKNOX1",0.926042651921172,0.997254559219444,0.00861829784202913,1,2372.46676115985,-0.0209492474933466
"655","OVGP1",0.926085040645719,0.997254559219444,0.00860839310130043,1,2372.46676115985,-0.138309125945182
"4717","PSMA2",0.926097387227012,0.997254559219444,0.0086055092235502,1,2372.46676115985,-0.0112204526582056
"5261","CLU",0.926224572151248,0.997254559219444,0.00857583011147165,1,2372.46676115985,0.0982418542657494
"9238","ZC3H7A",0.926351014653252,0.997254559219444,0.00854637550167056,1,2372.46676115985,0.0137608343460429
"8030","ZNF605",0.926523340565641,0.997254559219444,0.00850631469536861,1,2372.46676115985,-0.0373078734252085
"10135","ARHGAP27",0.926569093633589,0.997254559219444,0.00849569437137355,1,2372.46676115985,-0.0169311824638484
"4576","ZFAND2A",0.926581513983507,0.997254559219444,0.00849281248128835,1,2372.46676115985,0.021975445749986
"4870","GNG11",0.926611411047021,0.997254559219444,0.00848587749628798,1,2372.46676115985,0.100344374342628
"6626","POLR2L",0.926666825779808,0.997254559219444,0.00847303093411902,1,2372.46676115985,-0.00950071961502838
"2332","DHX30",0.926828748016436,0.997254559219444,0.00843554942268377,1,2372.46676115985,-0.021535210795874
"7955","ACADS",0.926915043511979,0.997254559219444,0.0084156080991731,1,2372.46676115985,-0.0235742680061951
"1974","WDR12",0.92697048986663,0.997254559219444,0.00840280800936792,1,2372.46676115985,0.0256713295167079
"10838","ZGLP1",0.927006907380802,0.997254559219444,0.00839440617502387,1,2372.46676115985,-0.0307020795187636
"2518","LNP1",0.927015508180958,0.997254559219444,0.00839242251492626,1,2372.46676115985,0.0730931650837736
"2264","XYLB",0.927065585218106,0.997254559219444,0.00838087760732905,1,2372.46676115985,-0.0465743544282556
"10233","DHX40",0.927153245318182,0.997254559219444,0.00836068747961127,1,2372.46676115985,-0.0239599232405122
"1973","ICA1L",0.927165228073502,0.997254559219444,0.00835792948427849,1,2372.46676115985,0.0707108567921897
"1436","CDC42EP3",0.927182324762687,0.997254559219444,0.0083539952412411,1,2372.46676115985,0.037290185319198
"8489","COX16",0.927189552664316,0.997254559219444,0.00835233225729684,1,2372.46676115985,0.0130200379998936
"2210","PLCL2",0.927295118165557,0.997254559219444,0.00832806293897902,1,2372.46676115985,-0.00960334036032908
"10122","CCDC43",0.927509799779161,0.997254559219444,0.00827881784945243,1,2372.46676115985,-0.0221298719539615
"9999","CCL18",0.927623251305667,0.997254559219444,0.00825285305183629,1,2372.46676115985,0.0259754788844147
"3980","NUP153",0.927633945058292,0.997254559219444,0.00825040777358411,1,2372.46676115985,-0.0137044907756398
"8942","NEO1",0.927659643304164,0.997254559219444,0.00824453299881694,1,2372.46676115985,-0.0987435215828208
"240","EYA3",0.92787947900303,0.997254559219444,0.00819436343562828,1,2372.46676115985,0.0118136563374903
"8117","CCDC122",0.928146894444277,0.997254559219444,0.00813354360481896,1,2372.46676115985,-0.0594769461995156
"2558","ZBTB20",0.928242435351766,0.997254559219444,0.00811186956286696,1,2372.46676115985,0.00801768760429063
"2011","PECR",0.928259858014989,0.997254559219444,0.00810792026736284,1,2372.46676115985,0.0366881138384348
"3266","LSM6",0.928318943553754,0.997254559219444,0.00809453422590043,1,2372.46676115985,0.0171297235030427
"10254","ACE",0.92836704135093,0.997254559219444,0.00808364572843979,1,2372.46676115985,-0.0227526570002094
"7347","NCAPD3",0.928379629378562,0.997254559219444,0.00808079723957074,1,2372.46676115985,0.0246329837428531
"10870","PRKCSH",0.928462742138012,0.997254559219444,0.00806200272216531,1,2372.46676115985,0.015928106125503
"4574","C7orf50",0.928581580394594,0.997254559219444,0.00803516781761233,1,2372.46676115985,-0.0131031714631287
"3503","MARVELD2",0.928593647283376,0.997254559219444,0.00803244551157716,1,2372.46676115985,-0.13360908184111
"5721","ZCCHC7",0.928619512882616,0.997254559219444,0.00802661176467834,1,2372.46676115985,-0.00920025121005635
"11869","UBE2V1",0.928622962143353,0.997254559219444,0.00802583397722316,1,2372.46676115985,0.00941134423114002
"11341","TMEM160",0.928719311606084,0.997254559219444,0.00800412310664472,1,2372.46676115985,0.0121832054894543
"4148","UHRF1BP1",0.929046613885978,0.997254559219444,0.00793059192665639,1,2372.46676115985,0.0115300220270904
"7947","GATC",0.92912457149311,0.997254559219444,0.00791312853266602,1,2372.46676115985,0.0242840702561666
"2928","ZBTB49",0.929135530329217,0.997254559219444,0.00791067518360614,1,2372.46676115985,0.0434392439689065
"6896","INCENP",0.929200946131948,0.997254559219444,0.0078960385555941,1,2372.46676115985,0.0409445773387432
"3345","CENPU",0.929423235360798,0.997254559219444,0.00784640395098717,1,2372.46676115985,0.0631308852649777
"9792","PLSCR3",0.929890390662614,0.997254559219444,0.0077426075922115,1,2372.46676115985,-0.0371000606319731
"110","MIIP",0.930182713001062,0.997254559219444,0.00767801129495106,1,2372.46676115985,0.018696729193316
"7684","TIMELESS",0.930408133261385,0.997254559219444,0.00762838496957426,1,2372.46676115985,-0.0397979071969551
"1711","SEPTIN10",0.930897935416343,0.997254559219444,0.00752111372637351,1,2372.46676115985,-0.014768440244338
"6813","CKAP5",0.930962285296779,0.997254559219444,0.00750707737918541,1,2372.46676115985,0.0130768875131834
"407","UROD",0.931075661965985,0.997254559219444,0.00748237917747519,1,2372.46676115985,-0.0197105461040286
"9216","RBFOX1",0.931157545226592,0.997254559219444,0.00746456706156115,1,2372.46676115985,-0.0589031841630382
"2990","ARAP2",0.93115930106444,0.997254559219444,0.00746418534727548,1,2372.46676115985,-0.0110814961336435
"10323","ARMC7",0.93120375793971,0.997254559219444,0.00745452382200607,1,2372.46676115985,-0.0294541509352805
"5898","PRPF4",0.931230631964457,0.997254559219444,0.00744868652091147,1,2372.46676115985,-0.020980433460046
"7055","C11orf24",0.931247512585916,0.997254559219444,0.00744502106261773,1,2372.46676115985,-0.0270642020478742
"12056","PTTG1IP",0.931265552996128,0.997254559219444,0.00744110477240442,1,2372.46676115985,0.0086603234470717
"981","KIFAP3",0.93131275691875,0.997254559219444,0.00743086245204709,1,2372.46676115985,0.0191587835039808
"9304","EARS2",0.931365006557485,0.997254559219444,0.00741953359707821,1,2372.46676115985,0.0439560568379825
"11984","EVA1C",0.931395753453092,0.997254559219444,0.00741287107241518,1,2372.46676115985,-0.0445920049525637
"3257","GAB1",0.931463855070296,0.997254559219444,0.00739812491171846,1,2372.46676115985,0.0139322654263839
"9483","GINS3",0.931560614340695,0.997254559219444,0.00737719889520641,1,2372.46676115985,0.0661787256810059
"762","CTSS",0.93163325492726,0.997254559219444,0.00736150861902841,1,2372.46676115985,-0.00441688488807932
"5916","CDK5RAP2",0.931667442532484,0.997254559219444,0.0073541299619918,1,2372.46676115985,0.0130088481020231
"11640","VPS16",0.931701509992213,0.997254559219444,0.00734678094312802,1,2372.46676115985,-0.0210727509813629
"11894","RAE1",0.931705233279172,0.997254559219444,0.00734597798148136,1,2372.46676115985,-0.0243275913351421
"8388","ATL1",0.931743492570692,0.997254559219444,0.00733772956839412,1,2372.46676115985,0.0510422082889555
"5025","ZNF800",0.931794998086658,0.997254559219444,0.00732663274092226,1,2372.46676115985,0.0133840944989512
"3169","PPP3CA",0.931862161778843,0.997254559219444,0.00731217507716186,1,2372.46676115985,-0.00787372610802842
"5594","PPP1R16A",0.931933170309701,0.997254559219444,0.00729690541473716,1,2372.46676115985,-0.04138152031994
"4238","SLC35B2",0.932013926068217,0.997254559219444,0.00727955924826362,1,2372.46676115985,0.0357588611489747
"7551","NELL2",0.932051187988441,0.997254559219444,0.00727156247681389,1,2372.46676115985,-0.180129485358607
"8104","ELF1",0.93222846532489,0.997254559219444,0.00723357765918285,1,2372.46676115985,0.00681854809265937
"200","TMEM50A",0.932291328225038,0.997254559219444,0.00722013222956527,1,2372.46676115985,-0.00840170539117862
"9464","NUP93",0.932312385059608,0.997254559219444,0.007215631305756,1,2372.46676115985,0.017921873745899
"1357","EFR3B",0.932388029598989,0.997254559219444,0.00719947385356764,1,2372.46676115985,-0.143492601098593
"7835","HCFC2",0.932565952034826,0.997254559219444,0.00716154204943366,1,2372.46676115985,0.0245296191555963
"5920","PSMD5",0.932573672417996,0.997254559219444,0.00715989840266829,1,2372.46676115985,-0.0160672493961937
"943","C1orf226",0.932659885765303,0.997254559219444,0.00714155674240016,1,2372.46676115985,-0.129602210603344
"6035","DDX31",0.932765984123088,0.997254559219444,0.0071190171167116,1,2372.46676115985,0.031678250439504
"11390","SLC17A7",0.932790682275166,0.997254559219444,0.0071137753683641,1,2372.46676115985,0.0922906992244366
"5956","ZBTB43",0.932866474621187,0.997254559219444,0.00709770191357915,1,2372.46676115985,0.0143343372281256
"7420","PEX5",0.933001583623108,0.997254559219444,0.00706909444854722,1,2372.46676115985,0.0440123511618869
"8604","UBR7",0.933078555464126,0.997254559219444,0.00705282273673134,1,2372.46676115985,-0.0241622217235478
"7054","KMT5B",0.933362870075422,0.997254559219444,0.00699288279732859,1,2372.46676115985,-0.0125897788046209
"5517","SQLE",0.933394642668908,0.997254559219444,0.0069862004184393,1,2372.46676115985,0.0402271212728591
"7991","KMT5A",0.93340228588452,0.997254559219444,0.00698459338523964,1,2372.46676115985,0.0211268458262754
"11837","ACOT8",0.933453205892174,0.997254559219444,0.00697389189068553,1,2372.46676115985,0.0220877954147648
"9215","EEF2KMT",0.933709555655859,0.997254559219444,0.00692014217832062,1,2372.46676115985,0.0525821014705163
"9145","SLC9A3R2",0.933793449039345,0.997254559219444,0.00690259744377601,1,2372.46676115985,-0.0881991005467818
"11824","PKIG",0.933794355251301,0.997254559219444,0.00690240804888084,1,2372.46676115985,0.0404586545030852
"7720","MON2",0.933890287882162,0.997254559219444,0.00688237328756134,1,2372.46676115985,-0.0087238939588733
"6340","VCL",0.933931393298704,0.997254559219444,0.00687379772340436,1,2372.46676115985,-0.0152255422473962
"3720","IGIP",0.933955926025351,0.997254559219444,0.00686868218010015,1,2372.46676115985,-0.0442882916068768
"880","ISG20L2",0.934024363862663,0.997254559219444,0.00685442171509814,1,2372.46676115985,0.0236817101025117
"9924","PIGS",0.934039905053842,0.997254559219444,0.00685118545936531,1,2372.46676115985,-0.0180655123067088
"2592","PARP9",0.934062691841149,0.997254559219444,0.00684644179132174,1,2372.46676115985,-0.00698178079268268
"8703","CHRM5",0.934096734389064,0.997254559219444,0.00683935802256246,1,2372.46676115985,0.0755691993022691
"363","CITED4",0.934141884898162,0.997254559219444,0.00682996854048212,1,2372.46676115985,0.0905005305409613
"7423","CD163",0.934203477625918,0.997254559219444,0.00681717021249579,1,2372.46676115985,-0.00872604123047782
"2979","CCDC149",0.934365620601656,0.997254559219444,0.00678353636583143,1,2372.46676115985,0.0193967572941667
"4081","HSPA1A",0.934374311563688,0.997254559219444,0.00678173593575427,1,2372.46676115985,-0.0137673951800036
"12225","APOL2",0.934413097604522,0.997254559219444,0.00677370390579017,1,2372.46676115985,-0.0181592461163783
"12376","CHKB",0.934446077750277,0.997254559219444,0.00676687796230238,1,2372.46676115985,-0.0152159081515523
"7576","KMT2D",0.934506815418534,0.997254559219444,0.00675431607326828,1,2372.46676115985,-0.0167501897000174
"11052","ZNF682",0.934606216181124,0.997254559219444,0.00673378315240581,1,2372.46676115985,-0.0626150756760855
"4412","MCM9",0.9347006833677,0.997254559219444,0.00671429850925467,1,2372.46676115985,-0.0150270105643437
"787","TUFT1",0.934702736121673,0.997254559219444,0.00671387542716701,1,2372.46676115985,-0.0574592556262239
"10292","FAM20A",0.934706351226709,0.997254559219444,0.00671313036992646,1,2372.46676115985,-0.0156409987564452
"7792","MRPL42",0.934763416040479,0.997254559219444,0.00670137507663534,1,2372.46676115985,-0.0152678678010411
"9118","TPSD1",0.934778277552381,0.997254559219444,0.00669831532245175,1,2372.46676115985,-0.127580056035647
"6251","TMEM273",0.935132164144394,0.997254559219444,0.00662566335288078,1,2372.46676115985,0.0346412146152282
"8389","SAV1",0.935149152548108,0.997254559219444,0.00662218571044576,1,2372.46676115985,0.0204763044160329
"3023","GNPDA2",0.935193687891064,0.997254559219444,0.00661307338330287,1,2372.46676115985,-0.0295601168361915
"8904","TIPIN",0.935320416200222,0.997254559219444,0.00658717819720994,1,2372.46676115985,0.0277462414634232
"412","CCDC163",0.93558503308038,0.997254559219444,0.006533272231537,1,2372.46676115985,-0.0862280235945915
"9664","SPG7",0.935623729007513,0.997254559219444,0.00652540804139473,1,2372.46676115985,0.0108496926775334
"2512","DCBLD2",0.935692892659109,0.997254559219444,0.00651136375660691,1,2372.46676115985,-0.0276034165320501
"1424","FAM98A",0.935761323959331,0.997254559219444,0.00649748316927627,1,2372.46676115985,0.0198713970945826
"7564","PFKM",0.935791337046563,0.997254559219444,0.00649140002513704,1,2372.46676115985,0.0391345562126828
"7960","P2RX4",0.935799263663174,0.997254559219444,0.00648979391294401,1,2372.46676115985,0.0154424103072047
"5140","GIMAP5",0.936002759602348,0.997254559219444,0.00644862949897651,1,2372.46676115985,-0.0230189660753272
"8574","ZC3H14",0.936009492798528,0.997254559219444,0.00644726971936202,1,2372.46676115985,0.0130463084034623
"5858","ZNF189",0.936019965625419,0.997254559219444,0.00644515500219264,1,2372.46676115985,-0.0174185275441316
"1718","ANAPC1",0.936042888457675,0.997254559219444,0.00644052754599384,1,2372.46676115985,-0.021884807207302
"6683","ZNF215",0.936148487771917,0.997254559219444,0.00641923170060839,1,2372.46676115985,0.0577752216846214
"1849","KLHL23",0.936168454356728,0.997254559219444,0.00641520909898096,1,2372.46676115985,0.0360096825222972
"10779","INSR",0.936473239646414,0.997254559219444,0.00635396252669667,1,2372.46676115985,-0.0164064218015905
"9012","AP3B2",0.936511971022004,0.997254559219444,0.00634620063222363,1,2372.46676115985,-0.119682028215716
"9223","USP7",0.936516567796318,0.997254559219444,0.0063452797405162,1,2372.46676115985,0.0117801579196848
"3985","DEK",0.936534950835359,0.997254559219444,0.00634159765885721,1,2372.46676115985,-0.00768586463832894
"8406","DDHD1",0.936702033816665,0.997254559219444,0.00630818061706826,1,2372.46676115985,-0.00906102325163264
"5877","SVEP1",0.93686452190666,0.997254559219444,0.00627576776885469,1,2372.46676115985,-0.128795460031362
"5776","KIF27",0.937041358208438,0.997254559219444,0.00624058822822736,1,2372.46676115985,-0.0263612195524333
"10009","MRM1",0.937041850271882,0.997254559219444,0.00624049047670082,1,2372.46676115985,0.062245425553195
"12497","ZNF182",0.937127748107544,0.997254559219444,0.00622343813139643,1,2372.46676115985,0.0322702910000189
"12764","NSDHL",0.937159134551372,0.997254559219444,0.00621721318449168,1,2372.46676115985,-0.0363732928774123
"1677","AC079447.1",0.93721643466284,0.997254559219444,0.00620585680303126,1,2372.46676115985,-0.0218213103994166
"9352","PAGR1",0.937253264818433,0.997254559219444,0.00619856290277779,1,2372.46676115985,0.0166769797620405
"3197","CASP6",0.937423454244665,0.997254559219444,0.0061649143724888,1,2372.46676115985,0.0211824931327687
"12463","DYNLT3",0.937428690700616,0.997254559219444,0.00616388052229676,1,2372.46676115985,0.01633953940628
"10335","TSEN54",0.93751604612569,0.997254559219444,0.00614664652746414,1,2372.46676115985,0.0319506343802387
"1927","CAVIN2",0.93762953071737,0.997254559219444,0.00612429386796813,1,2372.46676115985,0.120689071805747
"10097","RPL27",0.937652561062787,0.997254559219444,0.00611976266258306,1,2372.46676115985,-0.0063174310726054
"11248","RABAC1",0.937670360757462,0.997254559219444,0.00611626174019014,1,2372.46676115985,-0.010032430990869
"8995","MINAR1",0.937766813637316,0.997254559219444,0.00609730848919041,1,2372.46676115985,-0.117882902353127
"1457","HAAO",0.937768940473133,0.997254559219444,0.00609689089366503,1,2372.46676115985,0.0245550612677223
"1233","DISC1",0.938083419647515,0.997254559219444,0.00603530253377157,1,2372.46676115985,0.00808695785078087
"12454","PDK3",0.938169365797971,0.997254559219444,0.00601852536030382,1,2372.46676115985,-0.0122000306193064
"10377","AFMID",0.938180407219809,0.997254559219444,0.00601637171532557,1,2372.46676115985,0.0149482832931572
"8422","EXOC5",0.938187742411975,0.997254559219444,0.00601494119004039,1,2372.46676115985,-0.0105651815134587
"8320","DHRS1",0.938228166042804,0.997254559219444,0.00600706075463176,1,2372.46676115985,-0.0213369800294656
"7701","ARHGAP9",0.938239984892337,0.997254559219444,0.00600475769598962,1,2372.46676115985,-0.0173962223007833
"3883","B4GALT7",0.938290971765283,0.997254559219444,0.00599482732348832,1,2372.46676115985,-0.0229974566956713
"2254","GOLGA4",0.938402468950269,0.997254559219444,0.00597314056797455,1,2372.46676115985,-0.00642041886888961
"39","RER1",0.938570164242229,0.997254559219444,0.00594059744347282,1,2372.46676115985,0.0112178991393953
"3928","PSMG4",0.93862313280515,0.997254559219444,0.0059303368917658,1,2372.46676115985,-0.0231606036994895
"2094","USP40",0.938677570364437,0.997254559219444,0.0059198010762102,1,2372.46676115985,-0.0116230633808331
"5592","CYHR1",0.938914824400989,0.997254559219444,0.0058739930801761,1,2372.46676115985,-0.0176479352747322
"11144","CAPNS1",0.938915635553045,0.997254559219444,0.00587383677338833,1,2372.46676115985,0.00917853334792774
"9195","TFAP4",0.939002028065962,0.997254559219444,0.00585720114795499,1,2372.46676115985,-0.0818437535367697
"6764","CCDC73",0.939202458781631,0.997254559219444,0.00581869786354597,1,2372.46676115985,-0.0585938895679922
"8118","LACC1",0.939340147856356,0.997254559219444,0.0057923214189865,1,2372.46676115985,-0.00851666560135186
"6352","RPS24",0.939351671689724,0.997254559219444,0.00579011658580489,1,2372.46676115985,-0.00477123070712027
"5288","RNF122",0.939377930146673,0.997254559219444,0.00578509418189684,1,2372.46676115985,0.0476285112080225
"11830","SDC4",0.939551198089497,0.997254559219444,0.00575200850670504,1,2372.46676115985,-0.0211292145979237
"8356","BRMS1L",0.939664579365138,0.997254559219444,0.00573040989971089,1,2372.46676115985,-0.0305331636597053
"10727","YJU2",0.939764929254232,0.997254559219444,0.0057113277968618,1,2372.46676115985,0.0234271242104617
"6438","HPS1",0.93978858058628,0.997254559219444,0.00570683502211135,1,2372.46676115985,-0.0110903915069232
"2359","C3orf84",0.939967711834593,0.997254559219444,0.00567286521875685,1,2372.46676115985,-0.121750727384009
"1153","RPS6KC1",0.940138981151035,0.997254559219444,0.0056404816865183,1,2372.46676115985,0.00895811340501272
"12262","DDX17",0.940315766536766,0.997254559219444,0.00560715294675888,1,2372.46676115985,0.00517504093788232
"7063","TPCN2",0.940417063603845,0.997254559219444,0.00558810051568956,1,2372.46676115985,-0.0199735537609734
"1079","UBE2T",0.940701346768501,0.997254559219444,0.0055348053418343,1,2372.46676115985,0.114684795169376
"6391","TNKS2",0.94073082250674,0.997254559219444,0.00552929415431134,1,2372.46676115985,-0.00820337397467335
"2018","CXCR2",0.94086950022482,0.997254559219444,0.00550340211358763,1,2372.46676115985,0.114229129218489
"6825","RAPSN",0.941029687661892,0.997254559219444,0.00547357011538502,1,2372.46676115985,0.0584038948302506
"1412","CAPN14",0.941179393536095,0.997254559219444,0.0054457638084504,1,2372.46676115985,0.11445085892233
"828","PMVK",0.941323949414896,0.997254559219444,0.00541898162221773,1,2372.46676115985,0.0150412279383366
"12629","SRPX2",0.94133218286539,0.997254559219444,0.00541745819070282,1,2372.46676115985,0.0706851336229472
"10179","PDK2",0.941410783252779,0.997254559219444,0.00540292563741811,1,2372.46676115985,-0.0273366635735422
"1653","SNRNP200",0.941429310175508,0.997254559219444,0.00539950302248923,1,2372.46676115985,0.0118674742086984
"3785","IRGM",0.941440592256302,0.997254559219444,0.00539741933469996,1,2372.46676115985,0.12434238186214
"5682","DCAF12",0.941504630891661,0.997254559219444,0.00538559969785899,1,2372.46676115985,0.0146761716445335
"12645","NXF5",0.941597968609646,0.997254559219444,0.00536839564561914,1,2372.46676115985,-0.109939204290739
"10045","NR1D1",0.941780139721916,0.997254559219444,0.00533489748425498,1,2372.46676115985,0.0685410281521507
"2781","KCNMB3",0.941788143534895,0.997254559219444,0.00533342813665291,1,2372.46676115985,-0.022109458548779
"7619","EIF4B",0.94180328193789,0.997254559219444,0.00533064957054679,1,2372.46676115985,0.00777872985224353
"6536","CACUL1",0.941867939028277,0.997254559219444,0.00531879032919182,1,2372.46676115985,0.00746489198954781
"1955","PPIL3",0.941890979655661,0.997254559219444,0.00531456748367675,1,2372.46676115985,0.0157702805531432
"9375","TBC1D10B",0.941947585023915,0.997254559219444,0.00530420011055339,1,2372.46676115985,0.0166520889493929
"10854","C19orf38",0.941973331334481,0.997254559219444,0.00529948799501514,1,2372.46676115985,0.0170459665633609
"3555","FAM151B",0.942085685819598,0.997254559219444,0.00527894940191131,1,2372.46676115985,0.0186921295580414
"1277","KIF26B",0.942205785423484,0.997254559219444,0.00525703931503691,1,2372.46676115985,-0.0821765364449828
"2610","OSBPL11",0.94224855629635,0.997254559219444,0.00524924757244493,1,2372.46676115985,0.00802017854480466
"7716","ATP23",0.942339339894471,0.997254559219444,0.00523272840781899,1,2372.46676115985,0.0298817363733506
"6258","PRKG1",0.942433980716506,0.997254559219444,0.0052155352360994,1,2372.46676115985,-0.0615429014615441
"9362","DOC2A",0.942469286532063,0.997254559219444,0.0052091285967518,1,2372.46676115985,0.0587732221550521
"10764","ALKBH7",0.942756193395603,0.997254559219444,0.00515721286123553,1,2372.46676115985,-0.0103599544271848
"11281","ZNF222",0.942782926452497,0.997254559219444,0.00515238883039247,1,2372.46676115985,0.0448936660887991
"12785","DNASE1L1",0.942946905738851,0.997254559219444,0.00512284809835442,1,2372.46676115985,0.0171906053405785
"545","SAMD13",0.943010051823256,0.997254559219444,0.00511149514913586,1,2372.46676115985,-0.0542951754285815
"10376","TK1",0.943054082730702,0.997254559219444,0.00510358638220695,1,2372.46676115985,0.0454017618518484
"11410","PTOV1",0.94308134814751,0.997254559219444,0.00509869209354895,1,2372.46676115985,0.0185133550347485
"7969","SETD1B",0.943167240657705,0.997254559219444,0.00508328935367873,1,2372.46676115985,-0.0176499362349689
"4214","RRP36",0.943168792929524,0.997254559219444,0.00508301120679273,1,2372.46676115985,0.0131389360594201
"2567","ADPRH",0.943174048607988,0.997254559219444,0.00508206951447569,1,2372.46676115985,-0.0223837454635769
"3292","PDGFC",0.943175792818976,0.997254559219444,0.00508175701281629,1,2372.46676115985,-0.00906756923183959
"6951","RASGRP2",0.943290996610161,0.997254559219444,0.00506113790244225,1,2372.46676115985,0.0314508041223398
"12539","KDM5C",0.943311250643476,0.997254559219444,0.0050575172012011,1,2372.46676115985,-0.0165159269743221
"12760","CD99L2",0.943311564805834,0.997254559219444,0.00505746105039363,1,2372.46676115985,-0.0127184249042865
"1970","NOP58",0.943336467526664,0.997254559219444,0.00505301113861142,1,2372.46676115985,-0.0137581862684302
"2006","BARD1",0.943511674051028,0.997254559219444,0.0050217588134714,1,2372.46676115985,-0.0155046442973852
"3361","PDCD6",0.943878060560532,0.997254559219444,0.00495671980953943,1,2372.46676115985,0.0076541063047172
"11457","PPP2R1A",0.943903139201337,0.997254559219444,0.0049522835598555,1,2372.46676115985,0.0119788374555603
"4506","PPP1R14C",0.944023579577743,0.997254559219444,0.00493100624437772,1,2372.46676115985,-0.0558895479834821
"10685","LINGO3",0.944064084887233,0.997254559219444,0.00492386081320889,1,2372.46676115985,0.107834245153187
"6783","FJX1",0.944064230107006,0.997254559219444,0.00492383520475138,1,2372.46676115985,0.107851229325262
"3856","KIAA1191",0.944087334981921,0.997254559219444,0.00491976167936568,1,2372.46676115985,-0.0168626930651595
"2877","FYTTD1",0.944102426760752,0.997254559219444,0.00491710182459913,1,2372.46676115985,0.00885866227028979
"6616","DEAF1",0.944212537973127,0.997254559219444,0.0048977171168847,1,2372.46676115985,-0.0141634499145679
"3571","TMEM161B",0.94423625778707,0.997254559219444,0.00489354636017451,1,2372.46676115985,0.015959226871232
"2385","RASSF1",0.944240190850014,0.997254559219444,0.00489285496538936,1,2372.46676115985,-0.0133631572766764
"10737","SEMA6B",0.944385391253334,0.997254559219444,0.00486736448086237,1,2372.46676115985,0.0090671118867536
"2805","DVL3",0.94441743157546,0.997254559219444,0.00486174868965231,1,2372.46676115985,-0.0157525949293821
"12737","RTL8C",0.944435147573919,0.997254559219444,0.00485864495862903,1,2372.46676115985,0.0170385199602979
"11519","TNNT1",0.944507799024849,0.997254559219444,0.00484592729888298,1,2372.46676115985,0.0468376882047493
"7520","TMTC1",0.944772914228043,0.997254559219444,0.0047996608534576,1,2372.46676115985,0.0268303330405198
"4069","C6orf47",0.944843736347977,0.997254559219444,0.00478733910812054,1,2372.46676115985,-0.0214612564688219
"12119","CRKL",0.945095419144452,0.997254559219444,0.00474367968392718,1,2372.46676115985,0.0151419134840917
"7688","ATP5F1B",0.945095562123594,0.997254559219444,0.00474365493844035,1,2372.46676115985,0.00785911244850186
"8741","DNAJC17",0.94518441604383,0.997254559219444,0.00472828947877636,1,2372.46676115985,-0.0159447354509805
"2137","TRNT1",0.945234789784762,0.997254559219444,0.00471958949904047,1,2372.46676115985,-0.0181622106719385
"3912","RACK1",0.945322647617644,0.997254559219444,0.00470443495482645,1,2372.46676115985,0.00482684872879436
"8390","NIN",0.945388444739825,0.997254559219444,0.00469310168346505,1,2372.46676115985,0.00741263076860905
"6005","NUP188",0.945514415472484,0.997254559219444,0.0046714420777783,1,2372.46676115985,0.0189030856809628
"241","PTAFR",0.945549706268573,0.997254559219444,0.0046653831481747,1,2372.46676115985,0.0080385000301697
"10078","COASY",0.945566156489371,0.997254559219444,0.00466256022816639,1,2372.46676115985,-0.0180990963569625
"7491","RECQL",0.945675784141738,0.997254559219444,0.00464376962763477,1,2372.46676115985,0.0110238179815233
"11656","MAVS",0.945750131896777,0.997254559219444,0.00463104782755094,1,2372.46676115985,-0.0120552682106606
"10127","DCAKD",0.945803223437584,0.997254559219444,0.00462197395183994,1,2372.46676115985,0.0199291133955732
"6805","CREB3L1",0.945816925732962,0.997254559219444,0.0046196335437069,1,2372.46676115985,-0.113288960723581
"7927","FBXW8",0.945930784917362,0.997254559219444,0.00460020895951212,1,2372.46676115985,0.0212722807219062
"4345","PNISR",0.94601905202489,0.997254559219444,0.00458517871985722,1,2372.46676115985,0.00570331483782044
"6153","OPTN",0.946202639195882,0.997254559219444,0.00455399638823411,1,2372.46676115985,0.0157610297953249
"4496","SUMO4",0.946246242015036,0.997254559219444,0.00454660614370715,1,2372.46676115985,-0.0280461313333428
"7882","ANAPC7",0.946261417480257,0.997254559219444,0.00454403546738755,1,2372.46676115985,0.0148093210750349
"504","SGIP1",0.9463037222744,0.997254559219444,0.00453687302298317,1,2372.46676115985,0.0535193230902175
"6487","WBP1L",0.946310894801293,0.997254559219444,0.0045356592356606,1,2372.46676115985,-0.00764797052609727
"10974","CPAMD8",0.946347205031258,0.997254559219444,0.00452951705685733,1,2372.46676115985,-0.0399229696642074
"7361","ADIPOR2",0.946390143266856,0.997254559219444,0.00452225909034662,1,2372.46676115985,0.00988724091343412
"6422","FRAT1",0.946425170482347,0.997254559219444,0.0045163426746078,1,2372.46676115985,-0.0321996234119028
"2543","SLC35A5",0.94648148640522,0.997254559219444,0.00450683855754149,1,2372.46676115985,-0.0164013187994045
"2103","LRRFIP1",0.94651983351904,0.997254559219444,0.00450037268877427,1,2372.46676115985,0.00481576267367362
"10099","VAT1",0.946548955162414,0.997254559219444,0.0044954654803765,1,2372.46676115985,0.00876090811152873
"2299","ZNF660",0.946579108498042,0.997254559219444,0.0044903872578213,1,2372.46676115985,-0.0748972675183561
"7747","YEATS4",0.946669238697075,0.997254559219444,0.00447522532048909,1,2372.46676115985,-0.0194473514399036
"7302","CRTAM",0.946772342246394,0.997254559219444,0.00445791255519431,1,2372.46676115985,-0.0475422881930034
"6166","NMT2",0.946776208236448,0.997254559219444,0.00445726404804549,1,2372.46676115985,-0.0245301554259959
"3442","CCL28",0.94703931318667,0.997254559219444,0.00441324039822218,1,2372.46676115985,0.0522985000761121
"4806","GTF2IRD2B",0.947105760671179,0.997254559219444,0.00440215688035787,1,2372.46676115985,0.0279859884508665
"9359","TAOK2",0.947370820139849,0.997254559219444,0.0043580839224627,1,2372.46676115985,0.0186687132574775
"1043","SWT1",0.947446135344047,0.997254559219444,0.00434560146121723,1,2372.46676115985,0.0146867023136049
"6416","TLL2",0.947703291009107,0.997254559219444,0.00430311693507014,1,2372.46676115985,0.145603551170432
"3006","UGDH",0.947738600051993,0.997254559219444,0.00429729991526139,1,2372.46676115985,0.0206441830331189
"4053","VARS2",0.947793054604047,0.997254559219444,0.00428833649740066,1,2372.46676115985,0.033712782059614
"10375","SYNGR2",0.947817372899295,0.997254559219444,0.00428433665291785,1,2372.46676115985,0.00583213794997235
"11269","ZNF428",0.947903174092794,0.997254559219444,0.00427023914611676,1,2372.46676115985,-0.0129758873630589
"7125","CAPN5",0.948409655883137,0.997254559219444,0.00418749732535438,1,2372.46676115985,-0.0453606450355526
"2158","ARPC4",0.94846134762486,0.997254559219444,0.00417909837572999,1,2372.46676115985,-0.00671424880704024
"12613","PGK1",0.948684766942044,0.997254559219444,0.00414289425681793,1,2372.46676115985,-0.0057193150486718
"9102","METTL26",0.948724787037921,0.997254559219444,0.00413642587833716,1,2372.46676115985,0.0127189165839246
"9846","COX10",0.948959621008894,0.997254559219444,0.00409857232039958,1,2372.46676115985,0.0171896205513471
"913","LY9",0.949034258216317,0.997254559219444,0.00408657792508619,1,2372.46676115985,0.0338426266807651
"8485","SUSD6",0.949035972433786,0.997254559219444,0.00408630265315746,1,2372.46676115985,0.00627014459774074
"613","SLC30A7",0.949163295518736,0.997254559219444,0.00406588292176973,1,2372.46676115985,0.00908195570795914
"7430","FAM90A1",0.949194371750113,0.997254559219444,0.00406090679697144,1,2372.46676115985,-0.0729494798526809
"9393","PHKG2",0.949203103502293,0.997254559219444,0.00405950916356734,1,2372.46676115985,-0.0166426431698688
"48","WRAP73",0.949250446015321,0.997254559219444,0.00405193556771364,1,2372.46676115985,-0.0248950620971894
"2560","IGSF11",0.94931493466006,0.997254559219444,0.00404163045048867,1,2372.46676115985,0.0407474441565773
"904","DCAF8",0.949353866122165,0.997254559219444,0.00403541568153967,1,2372.46676115985,0.0092230389054909
"2248","PDCD6IP",0.949423017348246,0.997254559219444,0.00402438866101271,1,2372.46676115985,-0.00643966866159352
"8401","ERO1A",0.949507695559602,0.997254559219444,0.00401090630090116,1,2372.46676115985,0.00783113897428565
"8000","ATP6V0A2",0.949510953057171,0.997254559219444,0.0040103880998425,1,2372.46676115985,-0.0167623058903421
"2064","RHBDD1",0.949716546839564,0.997254559219444,0.00397775034876287,1,2372.46676115985,-0.0126840603664341
"1618","RNF181",0.949719080195796,0.997254559219444,0.00397734901671152,1,2372.46676115985,0.00629990166461402
"7887","RAD9B",0.949741612773642,0.997254559219444,0.00397378032013223,1,2372.46676115985,-0.0433320878205375
"4827","PTPN12",0.949808431793378,0.997254559219444,0.00396320701763078,1,2372.46676115985,-0.00547727383257481
"7321","CHEK1",0.949902132610268,0.997254559219444,0.00394840381449653,1,2372.46676115985,0.0330925730735413
"12682","AMOT",0.949904304445998,0.997254559219444,0.00394806102955476,1,2372.46676115985,0.0964796909433553
"8182","KCTD12",0.949941838555186,0.997254559219444,0.00394213931013503,1,2372.46676115985,0.00704935596638387
"3184","GSTCD",0.949963854683304,0.997254559219444,0.00393866792344699,1,2372.46676115985,-0.0133507835616432
"10784","MCOLN1",0.949971406919349,0.997254559219444,0.003937477480412,1,2372.46676115985,0.00920298473932321
"4374","MICAL1",0.950033529033833,0.997254559219444,0.00392769215659591,1,2372.46676115985,-0.0138423752648447
"1149","TATDN3",0.950049378880974,0.997254559219444,0.00392519748434954,1,2372.46676115985,-0.0105674562543923
"11591","ZNF606",0.950134733350103,0.997254559219444,0.00391177687404699,1,2372.46676115985,0.0243197473325879
"2892","GAK",0.950195069258443,0.997254559219444,0.00390230394716757,1,2372.46676115985,0.00756929500162555
"9071","MCTP2",0.950267982194343,0.997254559219444,0.00389087177140954,1,2372.46676115985,-0.109057575646699
"6210","MAP3K8",0.950285504621967,0.997254559219444,0.00388812690149897,1,2372.46676115985,0.0109454254561956
"3547","JMY",0.950304524992817,0.997254559219444,0.00388514848089731,1,2372.46676115985,0.0157007833716578
"8691","MTMR10",0.950312822755553,0.997254559219444,0.00388384948410589,1,2372.46676115985,0.0111931542998517
"11972","LTN1",0.950338919936144,0.997254559219444,0.00387976544823526,1,2372.46676115985,-0.0123615486260038
"1339","LDAH",0.950344002246725,0.997254559219444,0.00387897035120495,1,2372.46676115985,0.0108216651511713
"3532","SV2C",0.950346473780277,0.997254559219444,0.00387858372415419,1,2372.46676115985,0.104247744676265
"7663","CDK2",0.950380839258094,0.997254559219444,0.00387320986653807,1,2372.46676115985,-0.0358038195484748
"1593","HTRA2",0.950573339409087,0.997254559219444,0.00384317704766869,1,2372.46676115985,0.0236955711689784
"7604","CSRNP2",0.95065964739699,0.997254559219444,0.00382974984686498,1,2372.46676115985,-0.0196183870609325
"3897","CANX",0.950764368859613,0.997254559219444,0.00381348967650339,1,2372.46676115985,-0.00546072546281043
"7719","USP15",0.950988891278421,0.997254559219444,0.00377874496205229,1,2372.46676115985,0.00443368209775978
"5111","ARHGEF5",0.95103088550415,0.997254559219444,0.00377226409787839,1,2372.46676115985,-0.0923193831279926
"11966","NCAM2",0.951092155834341,0.997254559219444,0.0037628184163829,1,2372.46676115985,-0.0490676591918785
"6858","DTX4",0.951140845851208,0.997254559219444,0.00375532064207683,1,2372.46676115985,-0.0428423648725134
"12546","TSR2",0.951174663838567,0.997254559219444,0.0037501174280543,1,2372.46676115985,0.0147580830290733
"12678","ACSL4",0.951246021787088,0.997254559219444,0.00373915021969725,1,2372.46676115985,-0.00586619880714093
"11091","FAAP24",0.951289261079954,0.997254559219444,0.00373251249193553,1,2372.46676115985,-0.0337193052776596
"656","WDR77",0.951290807207926,0.997254559219444,0.00373227525315163,1,2372.46676115985,-0.0235394087722478
"5449","TSPYL5",0.951384252187949,0.997254559219444,0.00371795105086513,1,2372.46676115985,-0.0240868404090731
"7140","TENM4",0.951395201011394,0.997254559219444,0.00371627451241707,1,2372.46676115985,0.0428970227158732
"12606","UPRT",0.951494394633775,0.997254559219444,0.00370110278335108,1,2372.46676115985,-0.016801731441043
"11164","ZNF383",0.951564514075272,0.997254559219444,0.00369039676037238,1,2372.46676115985,0.018475120052519
"157","TMCO4",0.951568613044618,0.997254559219444,0.00368977140033067,1,2372.46676115985,0.0141509099146756
"9147","TSC2",0.951580886894464,0.997254559219444,0.00368789915615003,1,2372.46676115985,0.0143731466407883
"9772","ALOX12",0.951633627499709,0.997254559219444,0.00367985956944215,1,2372.46676115985,0.0931158302641598
"9590","WDR59",0.951845942331319,0.997254559219444,0.00364758413289341,1,2372.46676115985,-0.0130537428839172
"10831","EIF3G",0.951905069233874,0.997254559219444,0.00363862124687722,1,2372.46676115985,-0.007023148144875
"3822","PTTG1",0.952074485518774,0.997254559219444,0.00361300116976193,1,2372.46676115985,-0.0261249051797274
"11139","CLIP3",0.952304749594115,0.997254559219444,0.00357832499109512,1,2372.46676115985,-0.0658647024171934
"9511","E2F4",0.952382424398418,0.997254559219444,0.00356666555258763,1,2372.46676115985,0.0178739300312635
"3615","APC",0.952385291394021,0.997254559219444,0.00356623556531625,1,2372.46676115985,-0.00622814913378489
"2402","PARP3",0.952391863457827,0.997254559219444,0.00356524999618825,1,2372.46676115985,0.0345978332688446
"3268","TMEM184C",0.952547624451423,0.997254559219444,0.00354193155551545,1,2372.46676115985,0.0121479667261328
"3263","SMAD1",0.952575802530164,0.997254559219444,0.00353772131381529,1,2372.46676115985,0.0137133680345585
"9219","ABAT",0.952622605408498,0.997254559219444,0.00353073379110461,1,2372.46676115985,0.0139165016809517
"7122","GVQW3",0.952640841983534,0.997254559219444,0.00352801300445338,1,2372.46676115985,0.036485226923912
"5572","OPLAH",0.952673836489868,0.997254559219444,0.00352309309828747,1,2372.46676115985,-0.0366645137778306
"10817","ZNF426",0.952711995301859,0.997254559219444,0.00351740742354137,1,2372.46676115985,-0.0183657794479881
"8737","RPUSD2",0.952796398501456,0.997254559219444,0.00350484768812614,1,2372.46676115985,0.0343484312627962
"1478","CALM2",0.952824168135139,0.997254559219444,0.00350072031769101,1,2372.46676115985,0.00403442496624109
"3517","FCHO2",0.952991308845348,0.997254559219444,0.0034759299178874,1,2372.46676115985,0.00492175853890571
"12578","STARD8",0.953215491666657,0.997254559219444,0.00344281779376773,1,2372.46676115985,0.0242761176012008
"4747","GRB10",0.953317921243075,0.997254559219444,0.00342774172382499,1,2372.46676115985,0.0242156614890668
"12647","BEX5",0.953364428353429,0.997254559219444,0.00342090754464956,1,2372.46676115985,-0.106295430910752
"1332","TTC32",0.953632450336176,0.997254559219444,0.00338165530195203,1,2372.46676115985,0.0256146422793694
"10578","TCF4",0.953677898644358,0.997254559219444,0.00337502186113067,1,2372.46676115985,-0.00560488153843634
"2195","FGD5",0.953850607901317,0.997254559219444,0.00334987355282339,1,2372.46676115985,0.0334563971052679
"10159","CBX1",0.953911545914533,0.997254559219444,0.00334102284897542,1,2372.46676115985,0.00934946393273904
"1545","ANXA4",0.953969295922419,0.997254559219444,0.00333264601556415,1,2372.46676115985,-0.00626719037801318
"5201","TRMT9B",0.954067718599887,0.997254559219444,0.0033183937852936,1,2372.46676115985,0.0211196338911214
"8066","MTIF3",0.954088679615231,0.997254559219444,0.00331536245462414,1,2372.46676115985,0.00823627624866231
"4044","DHX16",0.954135305570635,0.997254559219444,0.00330862450723874,1,2372.46676115985,0.0148490400815307
"3153","SMARCAD1",0.954197467553295,0.997254559219444,0.00329965213357129,1,2372.46676115985,-0.0117273189223108
"654","CHI3L2",0.954474012058589,0.997254559219444,0.00325988422071539,1,2372.46676115985,-0.0272147819867851
"7341","APLP2",0.954487584031775,0.997254559219444,0.00325793875791755,1,2372.46676115985,-0.00385185257925907
"2728","DHX36",0.954507567680805,0.997254559219444,0.00325507527939738,1,2372.46676115985,-0.00737381726553686
"8338","DTD2",0.954532403135779,0.997254559219444,0.00325151834063879,1,2372.46676115985,0.0262427101675692
"10016","MRPL45",0.954534822748901,0.997254559219444,0.00325117190745705,1,2372.46676115985,0.0181976755283569
"2372","INKA1",0.954640489768856,0.997254559219444,0.00323606087131315,1,2372.46676115985,0.0879619625466263
"8079","HSPH1",0.954669038924312,0.997254559219444,0.00323198422514649,1,2372.46676115985,-0.00887186965077202
"13","UBE2J2",0.954739370066448,0.997254559219444,0.00322195236178622,1,2372.46676115985,-0.0115442989635228
"4884","BRI3",0.954826832584555,0.997254559219444,0.00320949874381388,1,2372.46676115985,-0.00384657228378909
"6784","TRIM44",0.954959098059621,0.997254559219444,0.00319071167438183,1,2372.46676115985,0.00677174781641403
"8782","PDIA3",0.954992237188643,0.997254559219444,0.00318601323922694,1,2372.46676115985,0.00603029852951406
"8002","CCDC92",0.955167711310313,0.997254559219444,0.00316119255983824,1,2372.46676115985,0.0103694153045941
"513","DIRAS3",0.955201213727246,0.997254559219444,0.00315646473845589,1,2372.46676115985,0.0863816937741166
"12791","LAGE3",0.955358139019233,0.997254559219444,0.00313436687373539,1,2372.46676115985,0.0118124589014405
"11133","NFKBID",0.955465349816954,0.997254559219444,0.0031193144631182,1,2372.46676115985,-0.00991149434570644
"1340","KLHL29",0.955616730742899,0.997254559219444,0.00309812244810277,1,2372.46676115985,-0.0665380659035651
"9850","TVP23C",0.955675873443295,0.997254559219444,0.00308986266737214,1,2372.46676115985,-0.012132776389288
"2897","RNF212",0.955752324805793,0.997254559219444,0.00307920197263838,1,2372.46676115985,0.0636122290052919
"4678","SCRN1",0.955782583674775,0.997254559219444,0.00307498765499263,1,2372.46676115985,0.0167406747174519
"4326","SRSF12",0.955784922979248,0.997254559219444,0.00307466196785412,1,2372.46676115985,0.0492094608401302
"10103","CCDC200",0.95585121373125,0.997254559219444,0.00306543990144614,1,2372.46676115985,-0.0136328264107586
"3349","SNX25",0.955881230934563,0.997254559219444,0.00306126861523053,1,2372.46676115985,0.0149973474503437
"10812","OR7D2",0.956015016833288,0.997254559219444,0.00304271194205032,1,2372.46676115985,0.0620299840478507
"8524","FCF1",0.9560514821787,0.997254559219444,0.00303766385713473,1,2372.46676115985,0.0124036877620172
"3173","MANBA",0.956079586733888,0.997254559219444,0.00303377606782823,1,2372.46676115985,0.00488462264233676
"12524","PRICKLE3",0.95611965985066,0.997254559219444,0.00302823694926902,1,2372.46676115985,-0.0263292795119642
"5152","SMARCD3",0.95612181464178,0.997254559219444,0.00302793924645086,1,2372.46676115985,-0.0194554301515318
"11082","TSHZ3",0.956239286695895,0.997254559219444,0.00301173169029135,1,2372.46676115985,-0.0102890872276393
"5489","EIF3H",0.956269952874706,0.997254559219444,0.00300750787462003,1,2372.46676115985,-0.00586764549839817
"11034","RFXANK",0.956331528894133,0.997254559219444,0.0029990356600966,1,2372.46676115985,-0.0120208191826855
"7922","TBX3",0.956346008364206,0.997254559219444,0.0029970451774676,1,2372.46676115985,-0.0569740044916036
"12270","CBX6",0.956415289820156,0.997254559219444,0.00298753027627672,1,2372.46676115985,0.0106899883993362
"6000","SPOUT1",0.956423514651532,0.997254559219444,0.00298640171089942,1,2372.46676115985,-0.0223083208901716
"9605","WWOX",0.956468852882762,0.997254559219444,0.00298018449053842,1,2372.46676115985,0.00694617007533688
"7485","DERA",0.956550496554648,0.997254559219444,0.00296900509972777,1,2372.46676115985,-0.00821276519755426
"8776","ZSCAN29",0.956594374360305,0.997254559219444,0.00296300565797933,1,2372.46676115985,0.0185674768485153
"7501","ETFRF1",0.956602584088017,0.997254559219444,0.00296188381225875,1,2372.46676115985,0.0120441163496606
"2795","LAMP3",0.956706556706116,0.997254559219444,0.00294769456001161,1,2372.46676115985,0.0644251874487253
"2436","ACTR8",0.956755411249216,0.997254559219444,0.00294103912917972,1,2372.46676115985,-0.0165360051187113
"5333","PXDNL",0.956826972772338,0.997254559219444,0.00293130395588521,1,2372.46676115985,-0.022838844089799
"7018","DPP3",0.956838613722895,0.997254559219444,0.00292972186080926,1,2372.46676115985,0.0203358709110169
"2944","TADA2B",0.956978913276483,0.997254559219444,0.00291068775641814,1,2372.46676115985,-0.0171384139124228
"2751","KPNA4",0.956982944077748,0.997254559219444,0.00291014182664124,1,2372.46676115985,-0.00593480284290912
"7185","JRKL",0.956987381226654,0.997254559219444,0.00290954092071329,1,2372.46676115985,-0.0187921905923845
"10966","C19orf44",0.95701473705271,0.997254559219444,0.00290583760132898,1,2372.46676115985,0.0412513358837196
"1136","HHAT",0.957152582719118,0.997254559219444,0.00288721260744109,1,2372.46676115985,0.0166592875155429
"10283","NOL11",0.957241321097861,0.997254559219444,0.00287525450963217,1,2372.46676115985,0.0152615226212718
"8291","HOMEZ",0.957370426953658,0.997254559219444,0.00285790106327232,1,2372.46676115985,0.016709096737166
"3360","SDHA",0.957543354611295,0.997254559219444,0.0028347399469234,1,2372.46676115985,-0.00787192075933153
"8009","BRI3BP",0.957557650829263,0.997254559219444,0.00283282940802439,1,2372.46676115985,-0.0120703712858538
"557","ZNHIT6",0.957837101902309,0.997254559219444,0.00279561341676707,1,2372.46676115985,-0.0128141288864055
"4836","CACNA2D1",0.957970187865769,0.997254559219444,0.00277797639259975,1,2372.46676115985,0.111271246564091
"11796","SRC",0.958015558486262,0.997254559219444,0.00277197650884106,1,2372.46676115985,0.0104675128723925
"4769","GUSB",0.958041072585662,0.997254559219444,0.00276860534061393,1,2372.46676115985,-0.00713138021090077
"7603","LETMD1",0.958083858761704,0.997254559219444,0.00276295663628185,1,2372.46676115985,0.0115386798463553
"5914","TRIM32",0.958101441661146,0.997254559219444,0.00276063698868225,1,2372.46676115985,0.0236416551119171
"112","TNFRSF1B",0.958152280440289,0.997254559219444,0.0027539355098948,1,2372.46676115985,0.00399571886211284
"10143","NSF",0.958243404915526,0.997254559219444,0.00274194407800656,1,2372.46676115985,-0.00666106113702516
"2737","LEKR1",0.958317926603723,0.997254559219444,0.00273215697386546,1,2372.46676115985,0.0186105450919982
"12583","PDZD11",0.958323976783234,0.997254559219444,0.00273136316000531,1,2372.46676115985,-0.0152710188795137
"4615","GRID2IP",0.958444614322893,0.997254559219444,0.00271555905372644,1,2372.46676115985,0.0568130716293299
"1817","ACVR1",0.958509188289507,0.997254559219444,0.00270711844187894,1,2372.46676115985,-0.0084712048130504
"5248","ENTPD4",0.958550059798701,0.997254559219444,0.00270178284068903,1,2372.46676115985,-0.0110002923584808
"3587","SPATA9",0.958715243747641,0.997254559219444,0.00268027254637972,1,2372.46676115985,-0.0323267890617221
"1420","BIRC6",0.958774229284074,0.997254559219444,0.00267261232183422,1,2372.46676115985,-0.00366932062237667
"9630","USP10",0.958826023142741,0.997254559219444,0.00266589511574872,1,2372.46676115985,-0.00750160200041856
"3784","SMIM3",0.958861692883481,0.997254559219444,0.00266127399318279,1,2372.46676115985,-0.0091615304605246
"6276","JMJD1C",0.958917759555238,0.997254559219444,0.00265401851061186,1,2372.46676115985,-0.00347710933028502
"2334","ZNF589",0.958961439590125,0.997254559219444,0.0026483728411654,1,2372.46676115985,0.0118348749146843
"4067","BAG6",0.958982819246012,0.997254559219444,0.00264561170540918,1,2372.46676115985,0.00978973676923047
"12407","PRPS2",0.959110492327877,0.997254559219444,0.00262915306326872,1,2372.46676115985,0.0150242912131166
"3612","WDR36",0.959135032826393,0.997254559219444,0.0026259953887205,1,2372.46676115985,0.0100885924512412
"4885","BAIAP2L1",0.95917040474323,0.997254559219444,0.00262144736121004,1,2372.46676115985,0.0400263567034955
"7623","ZNF740",0.959469196555626,0.997254559219444,0.00258318719094897,1,2372.46676115985,-0.0179134713514848
"5224","XPO7",0.959479479876123,0.997254559219444,0.00258187543546077,1,2372.46676115985,-0.00851964477425739
"5361","ARMC1",0.959491878511205,0.997254559219444,0.00258029429146055,1,2372.46676115985,-0.0105838712521819
"10665","MEX3D",0.959789097407186,0.997254559219444,0.00254253658459274,1,2372.46676115985,-0.0384168721306712
"7094","PLEKHB1",0.959903396273957,0.997254559219444,0.00252809071145301,1,2372.46676115985,-0.0756507585360576
"10322","SLC16A5",0.95992077601333,0.997254559219444,0.00252589775486885,1,2372.46676115985,-0.0215012765328286
"7818","SCYL2",0.959930901814395,0.997254559219444,0.00252462053211893,1,2372.46676115985,0.00659933825138796
"11454","ZNF841",0.959976950612451,0.997254559219444,0.00251881622970486,1,2372.46676115985,0.0313628650511715
"4866","SAMD9",0.960216210363529,0.997254559219444,0.00248876609950436,1,2372.46676115985,-0.00453242966119012
"9220","TMEM186",0.960221946828745,0.997254559219444,0.00248804784006152,1,2372.46676115985,-0.0257775137225094
"6027","PRRC2B",0.96026682681531,0.997254559219444,0.0024824320301499,1,2372.46676115985,-0.00565683316723969
"9666","CHMP1A",0.960296917906936,0.997254559219444,0.0024786703091917,1,2372.46676115985,-0.00986374657379167
"203","LDLRAP1",0.960358595126772,0.997254559219444,0.00247096890784734,1,2372.46676115985,-0.0196217238010235
"2648","CPNE4",0.960450850581664,0.997254559219444,0.00245947174009634,1,2372.46676115985,-0.0538740683758425
"3761","STK32A",0.960511318574568,0.997254559219444,0.0024519506075451,1,2372.46676115985,-0.0967473365328708
"1784","UBXN4",0.960521259471879,0.997254559219444,0.0024507152435036,1,2372.46676115985,-0.00486319447510781
"12468","ATP6AP2",0.960524098293911,0.997254559219444,0.00245036251787545,1,2372.46676115985,0.00433762188337846
"7861","TMEM119",0.960605046036011,0.997254559219444,0.00244031541233647,1,2372.46676115985,0.0270737885344382
"6338","CAMK2G",0.960672571714434,0.997254559219444,0.00243195006091121,1,2372.46676115985,0.0101267117930956
"8534","FOS",0.960709009394946,0.997254559219444,0.00242744199589608,1,2372.46676115985,0.0107323691491081
"10944","DNAJB1",0.960966676955026,0.997254559219444,0.00239568303878864,1,2372.46676115985,-0.0116606736069415
"11209","FBL",0.960982635663128,0.997254559219444,0.0023937229331852,1,2372.46676115985,-0.0152183326941865
"9300","HS3ST2",0.961050084231475,0.997254559219444,0.0023854475398641,1,2372.46676115985,0.0256633179270529
"2684","ZBTB38",0.96108292372426,0.997254559219444,0.00238142359906526,1,2372.46676115985,0.00752131465930155
"3210","CAMK2D",0.961158445159641,0.997254559219444,0.00237218260556554,1,2372.46676115985,0.00697706417219334
"9270","SYT17",0.961325660676034,0.997254559219444,0.00235178576665322,1,2372.46676115985,0.01663252070637
"3282","TRIM2",0.961342674924595,0.997254559219444,0.00234971532780605,1,2372.46676115985,-0.0518535773228049
"7676","NABP2",0.961354744115282,0.997254559219444,0.00234824719985272,1,2372.46676115985,-0.0179946946977844
"941","OLFML2B",0.961358026088545,0.997254559219444,0.00234784805156183,1,2372.46676115985,0.00703603400899265
"11498","LILRA6",0.961428103881456,0.997254559219444,0.00233933341845959,1,2372.46676115985,0.0103957646330096
"11291","ZNF112",0.961628236179868,0.997254559219444,0.00231510218708398,1,2372.46676115985,0.0251202871169981
"8275","ABHD4",0.961713984113762,0.997254559219444,0.00230475885769901,1,2372.46676115985,-0.0182950779396319
"4456","BCLAF1",0.961721258915861,0.997254559219444,0.00230388240411504,1,2372.46676115985,0.0057050596037673
"7002","EIF1AD",0.961733997390915,0.997254559219444,0.00230234810054868,1,2372.46676115985,0.0156888010671631
"11215","AKT2",0.961795303173669,0.997254559219444,0.00229497120398006,1,2372.46676115985,0.00944252308993218
"4136","ZBTB9",0.961855776513148,0.997254559219444,0.00228770609854415,1,2372.46676115985,-0.0525200240737405
"3682","UBE2B",0.961999795572101,0.997254559219444,0.0022704505163984,1,2372.46676115985,-0.00493373953066066
"5448","CPQ",0.962034376856662,0.997254559219444,0.00226631692241778,1,2372.46676115985,0.00407982710247637
"10969","MED26",0.962062188698447,0.997254559219444,0.00226299523685641,1,2372.46676115985,0.0149118419404912
"12242","CDC42EP1",0.962120306411057,0.997254559219444,0.0022560618751513,1,2372.46676115985,-0.0343958350877638
"5316","IKBKB",0.962230359247605,0.997254559219444,0.00224296193513955,1,2372.46676115985,0.00672346715986597
"12476","MAOA",0.962333433102807,0.997254559219444,0.00223072739489823,1,2372.46676115985,-0.00956507852432827
"4890","PDAP1",0.96234776358234,0.997254559219444,0.00222902906754973,1,2372.46676115985,-0.00668381244557054
"3544","LHFPL2",0.962390021133987,0.997254559219444,0.00222402483335274,1,2372.46676115985,-0.00478248395335626
"12822","MT-ND1",0.962660242170201,0.997254559219444,0.00219215790344196,1,2372.46676115985,-0.00218748094076334
"2824","ETV5",0.962744983900349,0.997254559219444,0.00218221185357774,1,2372.46676115985,0.00692778946186795
"11999","CRYZL1",0.962763137830694,0.997254559219444,0.0021800840930661,1,2372.46676115985,-0.00743344159960378
"5427","LRRC69",0.963118170363624,0.997254559219444,0.00213868100375855,1,2372.46676115985,0.0109274416077823
"837","EFNA3",0.963143862476763,0.997254559219444,0.00213570028219036,1,2372.46676115985,-0.0697867298527576
"11867","RNF114",0.963151282369441,0.997254559219444,0.00213483983625358,1,2372.46676115985,-0.00541576672710204
"9947","TAOK1",0.963215968243477,0.997254559219444,0.0021273459149993,1,2372.46676115985,0.00382177646546397
"660","ADORA3",0.963236592781433,0.997254559219444,0.00212495931844494,1,2372.46676115985,0.0096266458647752
"8547","IRF2BPL",0.963293789064728,0.997254559219444,0.00211834779541782,1,2372.46676115985,-0.0100953294651977
"5067","WDR91",0.963310887822675,0.997254559219444,0.00211637329317499,1,2372.46676115985,-0.00791565338946996
"1004","PAPPA2",0.963416929010302,0.997254559219444,0.00210414864585284,1,2372.46676115985,-0.0562667613956817
"6083","AJM1",0.963527266980391,0.997254559219444,0.0020914663251356,1,2372.46676115985,-0.0405123275072991
"12720","RAB33A",0.963610848089916,0.997254559219444,0.002081885027593,1,2372.46676115985,-0.0432390215688555
"9835","STX8",0.963649750587172,0.997254559219444,0.0020774329680534,1,2372.46676115985,0.00450667236471494
"6309","SLC29A3",0.963707002603948,0.997254559219444,0.00207088964737259,1,2372.46676115985,0.00904043654524309
"12151","SGSM1",0.963820190483845,0.997254559219444,0.00205798386435079,1,2372.46676115985,0.060107468575399
"9725","CAMKK1",0.963915557113383,0.997254559219444,0.00204714145347714,1,2372.46676115985,-0.0176811061341049
"9442","CYLD",0.96400753803768,0.997254559219444,0.00203671115515065,1,2372.46676115985,0.00578293601682606
"2408","DUSP7",0.964081408600708,0.997254559219444,0.00202835383246843,1,2372.46676115985,0.0288869341715976
"6150","CDC123",0.964086439556257,0.997254559219444,0.00202778528310775,1,2372.46676115985,0.00790494479708729
"7866","ALKBH2",0.964108302016587,0.997254559219444,0.00202531552930515,1,2372.46676115985,0.037273422714434
"8296","SLC22A17",0.964167569072208,0.997254559219444,0.00201862784618124,1,2372.46676115985,-0.067655901731843
"5285","FUT10",0.964208396414789,0.997254559219444,0.00201402734325126,1,2372.46676115985,-0.0118850683116682
"3260","ANAPC10",0.964254958603278,0.997254559219444,0.00200878704572354,1,2372.46676115985,-0.00732039654168138
"11371","NTN5",0.96427640612412,0.997254559219444,0.00200637555568438,1,2372.46676115985,0.0784626465916737
"142","PADI4",0.964475678054396,0.997254559219444,0.00198403944293504,1,2372.46676115985,0.08492190340651
"6711","ZBED5",0.964489970386519,0.997254559219444,0.0019824422500938,1,2372.46676115985,0.00960213825855275
"8940","BBS4",0.964524332617001,0.997254559219444,0.00197860484855494,1,2372.46676115985,0.0099228587567663
"7432","CLEC4E",0.964531186470484,0.997254559219444,0.00197783989016382,1,2372.46676115985,-0.0191265286254517
"10569","MRO",0.964585564820121,0.997254559219444,0.00197177597622373,1,2372.46676115985,-0.0126828219303831
"4182","MOCS1",0.964636532050294,0.997254559219444,0.0019661009167538,1,2372.46676115985,-0.0410817701265692
"11739","EFCAB8",0.964660088728018,0.997254559219444,0.00196348071518245,1,2372.46676115985,0.0283672081093556
"10945","TECR",0.964681700087013,0.997254559219444,0.00196107843045675,1,2372.46676115985,-0.00722379039261175
"4779","CALN1",0.964702999630127,0.997254559219444,0.00195871224832068,1,2372.46676115985,-0.0222823058454328
"1480","MSH6",0.96473192933487,0.997254559219444,0.00195550071782804,1,2372.46676115985,-0.01226671681934
"7694","NEMP1",0.964738859057669,0.997254559219444,0.00195473183071704,1,2372.46676115985,-0.014428427356758
"2423","GNL3",0.964791724392438,0.997254559219444,0.00194887114555499,1,2372.46676115985,0.0108258422776543
"300","ZMYM6",0.964829766246908,0.997254559219444,0.00194465925561387,1,2372.46676115985,-0.00684998045608347
"10552","LOXHD1",0.964850221151065,0.997254559219444,0.00194239643189908,1,2372.46676115985,0.0454939598410838
"6471","LDB1",0.964851854300606,0.997254559219444,0.00194221582163183,1,2372.46676115985,-0.0143889030650054
"6320","P4HA1",0.964858737677607,0.997254559219444,0.00194145468033715,1,2372.46676115985,-0.00473183159258174
"7585","FMNL3",0.965049663738595,0.997254559219444,0.00192040226830516,1,2372.46676115985,0.00707159627547352
"9354","CDIPT",0.965053489591677,0.997254559219444,0.00191998158677414,1,2372.46676115985,-0.00993735570228817
"9372","SULT1A3",0.96508446122895,0.997254559219444,0.00191657772038509,1,2372.46676115985,0.0240024408563811
"4809","SPDYE5",0.965161806600427,0.997254559219444,0.00190809046877845,1,2372.46676115985,-0.038618628943379
"7367","FOXM1",0.965165956288415,0.997254559219444,0.0019076356491467,1,2372.46676115985,0.0486816695609652
"8171","DACH1",0.96526884747347,0.997254559219444,0.00189637580211807,1,2372.46676115985,0.0363152135829668
"8298","ZFHX2",0.965353411142634,0.997254559219444,0.00188714661789435,1,2372.46676115985,0.0156064805503459
"4959","UPK3BL1",0.965435614310539,0.997254559219444,0.00187819667579344,1,2372.46676115985,-0.0112364228397138
"11599","ZSCAN22",0.965447294458378,0.997254559219444,0.00187692671878456,1,2372.46676115985,0.0499576993075373
"5889","HSDL2",0.965606540659711,0.997254559219444,0.00185965515198035,1,2372.46676115985,-0.00546012991178801
"9156","RNPS1",0.965637869501052,0.997254559219444,0.00185626669563222,1,2372.46676115985,-0.00787814636785926
"7799","FGD6",0.965672672292947,0.997254559219444,0.00185250613418047,1,2372.46676115985,0.00594549129897344
"12300","TOB2",0.965723887850929,0.997254559219444,0.00184697906411167,1,2372.46676115985,-0.00826964213493081
"5892","SNX30",0.965920426061419,0.9973252368837,0.00182584587921844,1,2372.46676115985,0.00592720227965205
"9594","BCAR1",0.965947665378286,0.9973252368837,0.00182292652635188,1,2372.46676115985,0.0343675631062177
"6073","ENTR1",0.966057468952592,0.997347855350269,0.0018111821408201,1,2372.46676115985,0.00900152545343899
"6371","ATAD1",0.966124910264154,0.997347855350269,0.00180398759278932,1,2372.46676115985,0.00685167259993914
"12210","PRR14L",0.966315680127703,0.997464601971048,0.00178371419247057,1,2372.46676115985,0.00518568302774673
"8421","TMEM260",0.966418042776507,0.997490080161814,0.00177288327156613,1,2372.46676115985,0.00757870401716718
"10497","LDLRAD4",0.966568017467038,0.997549994176225,0.00175707422261196,1,2372.46676115985,0.00402992483669976
"9678","CENPBD1",0.966835152014809,0.997549994176225,0.00172909086030156,1,2372.46676115985,-0.0128275514249169
"10860","KANK2",0.966883045426536,0.997549994176225,0.00172409763011198,1,2372.46676115985,0.0287949009279364
"1853","GAD1",0.966936147806873,0.997549994176225,0.00171856978298829,1,2372.46676115985,-0.0444817132838619
"5393","PKIA",0.96696055846933,0.997549994176225,0.00171603166694198,1,2372.46676115985,-0.0293384686470923
"9163","KCTD5",0.967118790814492,0.997549994176225,0.0016996249072641,1,2372.46676115985,-0.0118624454781173
"3687","CAMLG",0.967220680688988,0.997549994176225,0.00168910195579227,1,2372.46676115985,-0.00768139662635024
"9311","RBBP6",0.967229811906569,0.997549994176225,0.00168816050282235,1,2372.46676115985,-0.00618549216164079
"1586","MOGS",0.967234369714522,0.997549994176225,0.00168769067898193,1,2372.46676115985,-0.00973950478228579
"9993","SLFN12L",0.967252938049076,0.997549994176225,0.00168577731164437,1,2372.46676115985,-0.0371395776205001
"5613","VLDLR",0.967618469191689,0.997551008787159,0.00164833261339012,1,2372.46676115985,-0.0377487860505498
"8567","SEL1L",0.967629088512615,0.997551008787159,0.00164725107590367,1,2372.46676115985,0.00527791687601049
"1915","PMS1",0.967655536595922,0.997551008787159,0.00164455898446711,1,2372.46676115985,0.00931823035787344
"6288","CCAR1",0.967695861278716,0.997551008787159,0.00164045866924158,1,2372.46676115985,-0.00487199509566012
"10820","ZNF562",0.967716636264125,0.997551008787159,0.00163834821730276,1,2372.46676115985,-0.00875266346423088
"2601","MYLK",0.96772003087467,0.997551008787159,0.00163800350102662,1,2372.46676115985,0.0479524598457405
"4026","ZNF311",0.968110497600532,0.997873406621323,0.00159859475383808,1,2372.46676115985,0.0280385152297821
"825","TDRD10",0.968337312615117,0.997914372502628,0.00157592360830325,1,2372.46676115985,0.0722528293012806
"4158","LHFPL5",0.968351120189739,0.997914372502628,0.00157454871775679,1,2372.46676115985,-0.0272427397206111
"4837","PCLO",0.968383381026029,0.997914372502628,0.00157133868431791,1,2372.46676115985,0.0447158296491448
"11074","ZNF726",0.968465505265311,0.997918917758936,0.00156318192352275,1,2372.46676115985,-0.0449581437511923
"12824","MT-CO1",0.968594578054594,0.997970983057548,0.00155040509164901,1,2372.46676115985,-0.00152057070574222
"986","VAMP4",0.968671468953296,0.997970983057548,0.00154281867023757,1,2372.46676115985,-0.00802592876797828
"3667","RAD50",0.969527729275008,0.998062875675714,0.00145959513689867,1,2372.46676115985,0.00578271865401706
"379","ERMAP",0.969555170212385,0.998062875675714,0.00145696624968091,1,2372.46676115985,-0.00998209994478039
"245","MED18",0.969618143641527,0.998062875675714,0.00145094226256105,1,2372.46676115985,0.0152503131420265
"8302","NRL",0.969708109119373,0.998062875675714,0.0014423579182496,1,2372.46676115985,0.017944968922184
"4628","PHF14",0.969895931536016,0.998062875675714,0.00142451845016035,1,2372.46676115985,-0.00557663687406011
"2119","CAPN10",0.969949847992156,0.998062875675714,0.00141941797410879,1,2372.46676115985,0.0160224869699362
"71","TNFRSF9",0.970325619755826,0.998062875675714,0.00138412450723538,1,2372.46676115985,0.0151796700207165
"3718","NRG2",0.970445326779394,0.998062875675714,0.00137297475749049,1,2372.46676115985,0.084692445080668
"1925","MYO1B",0.970520565643838,0.998062875675714,0.00136598996829509,1,2372.46676115985,0.0277761458193394
"9806","FXR2",0.970576811202079,0.998062875675714,0.00136078007090003,1,2372.46676115985,-0.0115965142598536
"36","FAAP20",0.970606802326022,0.998062875675714,0.00135800613623889,1,2372.46676115985,-0.00578706577831317
"11464","ZNF808",0.970610870191143,0.998062875675714,0.00135763011011953,1,2372.46676115985,-0.00861081085412962
"3580","POU5F2",0.970658405333318,0.998062875675714,0.00135323991163524,1,2372.46676115985,-0.019192872004927
"3711","SIL1",0.970664371404921,0.998062875675714,0.00135268940659469,1,2372.46676115985,-0.00381488613408938
"7505","SSPN",0.970794833557556,0.998062875675714,0.00134067936194412,1,2372.46676115985,-0.0423783301141725
"8495","SIPA1L1",0.970828055856021,0.998062875675714,0.00133762956057025,1,2372.46676115985,0.0035652612462285
"2507","CRYBG3",0.970856485101921,0.998062875675714,0.00133502252171448,1,2372.46676115985,-0.00535457412327998
"4300","SH3BGRL2",0.970871115888591,0.998062875675714,0.00133368183140728,1,2372.46676115985,0.0207210199292681
"9809","TP53",0.970988209798284,0.998062875675714,0.00132297624353211,1,2372.46676115985,-0.0095158031467342
"162","DDOST",0.970996730756216,0.998062875675714,0.00132219888092006,1,2372.46676115985,0.006549189694836
"10133","FMNL1",0.970998604159644,0.998062875675714,0.00132202800196363,1,2372.46676115985,-0.00427109742028785
"11042","YJEFN3",0.971106732436443,0.998062875675714,0.0013121840221661,1,2372.46676115985,0.0219432631924816
"6919","TMEM179B",0.971142904885979,0.998062875675714,0.0013088991109753,1,2372.46676115985,0.00549253361055057
"7771","NAV3",0.971175612807798,0.998062875675714,0.00130593237119292,1,2372.46676115985,0.0397991959742695
"2491","ROBO2",0.971209606912189,0.998062875675714,0.00130285254129976,1,2372.46676115985,-0.0386187541404227
"12663","MORF4L2",0.97125338164418,0.998062875675714,0.00129889195945157,1,2372.46676115985,-0.00540956724910934
"5048","NRF1",0.971311142804753,0.998062875675714,0.00129367517371694,1,2372.46676115985,0.00533355995360997
"6418","PIK3AP1",0.971370986959518,0.998062875675714,0.00128828134547016,1,2372.46676115985,0.00324114474747977
"10788","PCP2",0.971376636146741,0.998062875675714,0.00128777275997964,1,2372.46676115985,0.0551221042914704
"1170","DUSP10",0.971445672120166,0.998062875675714,0.00128156570524026,1,2372.46676115985,-0.00967648765563632
"7726","TBK1",0.971461935153114,0.998062875675714,0.00128010567389509,1,2372.46676115985,0.00467464575019638
"2312","LIMD1",0.971503640710775,0.998062875675714,0.00127636532052802,1,2372.46676115985,-0.00475188452091646
"6580","PTPRE",0.9715767969351,0.998062875675714,0.00126981755701671,1,2372.46676115985,0.00319537887322352
"2846","ATP13A3",0.971651456642607,0.998062875675714,0.00126315260886591,1,2372.46676115985,0.0037599205190795
"4510","ZBTB2",0.971817306282357,0.998062875675714,0.00124840987050194,1,2372.46676115985,0.011728836603542
"11272","SMG9",0.971897337564688,0.998062875675714,0.00124132670858235,1,2372.46676115985,0.00987863660436678
"4587","LFNG",0.971939876250276,0.998062875675714,0.00123757003797492,1,2372.46676115985,-0.00876715075543701
"2027","USP37",0.971946621417871,0.998062875675714,0.00123697488323503,1,2372.46676115985,0.00613000283117286
"1096","PPP1R15B",0.972046442284853,0.998062875675714,0.00122818401905126,1,2372.46676115985,-0.0091566581115277
"11992","IFNAR1",0.972184923370564,0.998062875675714,0.00121604046377186,1,2372.46676115985,-0.00315168959215094
"5137","GIMAP6",0.972185132593247,0.998062875675714,0.00121602216251094,1,2372.46676115985,-0.00967582209663051
"7437","KLRG1",0.97218750861495,0.998062875675714,0.00121581433528831,1,2372.46676115985,0.0109557586395446
"909","CD84",0.972433760962215,0.998062875675714,0.00119437142003382,1,2372.46676115985,0.00307850266406942
"463","DIO1",0.972546678413011,0.998062875675714,0.00118460277974109,1,2372.46676115985,0.0371507586980982
"3231","MFSD8",0.972547332450956,0.998062875675714,0.00118454631502132,1,2372.46676115985,-0.00838207927905709
"9822","TMEM107",0.972765253576206,0.998062875675714,0.00116580765592901,1,2372.46676115985,0.00874080120641206
"3133","KLHL8",0.972806448883468,0.998062875675714,0.00116228215313871,1,2372.46676115985,-0.00587445967626658
"3402","SUB1",0.972818181797416,0.998062875675714,0.00116127902591831,1,2372.46676115985,0.00347721957527787
"7127","PAK1",0.972887021163618,0.998062875675714,0.00115540221130369,1,2372.46676115985,0.00452127155951518
"12494","ELK1",0.972917187079795,0.998062875675714,0.00115283165112328,1,2372.46676115985,0.0102442866808285
"1173","AIDA",0.97305092761018,0.998062875675714,0.00114146959747941,1,2372.46676115985,0.00528772914356697
"9480","CFAP20",0.973056622470517,0.998062875675714,0.00114098703565476,1,2372.46676115985,0.0143062814045685
"6325","MRPS16",0.973176805627427,0.998062875675714,0.00113082697335385,1,2372.46676115985,-0.00559015983304426
"5705","SIT1",0.973237795769106,0.998062875675714,0.00112568837931857,1,2372.46676115985,0.0235380736890125
"6350","DLG5",0.973754343549235,0.998062875675714,0.00108263750277797,1,2372.46676115985,-0.017678992117588
"10613","ZNF407",0.973791300962883,0.998062875675714,0.0010795895539474,1,2372.46676115985,0.00399552119967008
"6625","CD151",0.973827816434497,0.998062875675714,0.00107658227721014,1,2372.46676115985,0.00638118804738003
"5544","JRK",0.973885399876046,0.998062875675714,0.00107184845336253,1,2372.46676115985,0.0138289449038763
"10017","SOCS7",0.973889854718651,0.998062875675714,0.00107148266447713,1,2372.46676115985,-0.00962237487176345
"3330","SPCS3",0.973903888272929,0.998062875675714,0.0010703307723098,1,2372.46676115985,0.00379730169806538
"10393","EIF4A3",0.973941795795722,0.998062875675714,0.00106722237423948,1,2372.46676115985,-0.00733668773028469
"11778","SCAND1",0.973955359489386,0.998062875675714,0.00106611125729754,1,2372.46676115985,0.00327656529362514
"7499","BCAT1",0.973992310467983,0.998062875675714,0.00106308722878335,1,2372.46676115985,0.00459420340267414
"8832","GNB5",0.974050457965457,0.998062875675714,0.00105833720627359,1,2372.46676115985,-0.0106394498563601
"5076","KIAA1549",0.974074032039057,0.998062875675714,0.00105641449229049,1,2372.46676115985,0.0201430891957439
"7524","SINHCAF",0.974229361218254,0.998062875675714,0.00104378951374769,1,2372.46676115985,0.00703678386355138
"9793","TMEM256",0.974475912037884,0.998062875675714,0.00102390614225147,1,2372.46676115985,0.00592392268899815
"282","BSDC1",0.974578778370573,0.998062875675714,0.00101566695741911,1,2372.46676115985,0.00633187307351359
"1387","PPM1G",0.974632565722541,0.998062875675714,0.00101137206933847,1,2372.46676115985,-0.00475761066760847
"3961","NEDD9",0.974636518932391,0.998062875675714,0.0010110567672355,1,2372.46676115985,0.0264996102289767
"7190","BIRC2",0.974702523172624,0.998062875675714,0.00100579963711483,1,2372.46676115985,-0.00553576503331949
"12535","FAM156A",0.974722753390908,0.998062875675714,0.00100419107963636,1,2372.46676115985,-0.0171497129390136
"7173","PIWIL4",0.974786578827149,0.998062875675714,0.000999124598400334,1,2372.46676115985,-0.00756249584060944
"11775","ROMO1",0.974819818891133,0.998062875675714,0.000996491072025914,1,2372.46676115985,0.00422324621039624
"6973","POLA2",0.974889748814714,0.998062875675714,0.000990962058437441,1,2372.46676115985,-0.00865533305208115
"6025","FAM78A",0.975113495002366,0.998062875675714,0.000973374993816175,1,2372.46676115985,0.00599659404845026
"7410","ATN1",0.975244584229388,0.998062875675714,0.00096314424461928,1,2372.46676115985,-0.00795072438883499
"1773","PLEKHB2",0.975302673413984,0.998062875675714,0.000958628021567674,1,2372.46676115985,-0.00318768294537174
"12515","KCND1",0.975346366165991,0.998062875675714,0.000955238069273246,1,2372.46676115985,-0.0466259502855195
"10312","RAB37",0.975379661226949,0.998062875675714,0.000952658868766211,1,2372.46676115985,-0.0219061416940197
"12589","NLGN3",0.975450027775707,0.998062875675714,0.000947219409132758,1,2372.46676115985,0.0255135219988135
"6222","CCNY",0.975518618093823,0.998062875675714,0.000941932258261356,1,2372.46676115985,-0.00285053393852537
"9581","DHODH",0.975577905088516,0.998062875675714,0.000937374169840464,1,2372.46676115985,-0.0232652796236726
"7065","CCND1",0.975613813573659,0.998062875675714,0.000934618843061013,1,2372.46676115985,0.00864251750635343
"7031","GRK2",0.975635863418502,0.998062875675714,0.000932928927887647,1,2372.46676115985,-0.00474247775849923
"8965","MAN2C1",0.975842786765329,0.998062875675714,0.000917144759420879,1,2372.46676115985,-0.00550764289050487
"9188","NAA60",0.97639714540235,0.998062875675714,0.000875522391971899,1,2372.46676115985,-0.00571611029778898
"3652","SLC27A6",0.976454979465438,0.998062875675714,0.000871235819149369,1,2372.46676115985,-0.0335882354522129
"4861","GATAD1",0.976462945777379,0.998062875675714,0.000870646193222754,1,2372.46676115985,0.00393365890905863
"2963","FAM200B",0.976491310778265,0.998062875675714,0.000868548381929352,1,2372.46676115985,-0.00517392714600201
"2314","LZTFL1",0.976598159099595,0.998062875675714,0.000860668859773372,1,2372.46676115985,0.0141262173826056
"457","CPT2",0.977118819628533,0.998062875675714,0.000822786976118375,1,2372.46676115985,0.00581087908894443
"494","PGM1",0.977132473638001,0.998062875675714,0.000821805027864014,1,2372.46676115985,0.00644997025053141
"10967","CHERP",0.977196190710686,0.998062875675714,0.000817230478649719,1,2372.46676115985,-0.0092529220570277
"4010","HMGN4",0.977213845126052,0.998062875675714,0.000815965245617248,1,2372.46676115985,0.0062774726534938
"1663","ANKRD39",0.977245931492007,0.998062875675714,0.00081366823446422,1,2372.46676115985,0.00996424402950435
"5537","CHRAC1",0.977352499639257,0.998062875675714,0.000806062445754842,1,2372.46676115985,-0.00854982501983411
"3693","SLC25A48",0.977383949990742,0.998062875675714,0.000803824659125516,1,2372.46676115985,0.0488229517674984
"9524","ENKD1",0.977464071073326,0.998062875675714,0.00079813787155179,1,2372.46676115985,0.0152211118315224
"12601","HDAC8",0.977725124844531,0.998062875675714,0.00077974910373711,1,2372.46676115985,-0.00299237922599239
"1219","URB2",0.97787208146339,0.998062875675714,0.000769491752690445,1,2372.46676115985,0.01790018532113
"5350","UBXN2B",0.977942582674893,0.998062875675714,0.000764594998336553,1,2372.46676115985,-0.00436511375548528
"7518","FAR2",0.978062105647807,0.998062875675714,0.000756329111468263,1,2372.46676115985,-0.0066254621925531
"4031","ZNRD1",0.978135398810462,0.998062875675714,0.000751282590759424,1,2372.46676115985,-0.00859705424147508
"12021","BRWD1",0.978231915207346,0.998062875675714,0.000744662848155802,1,2372.46676115985,-0.00286659101707216
"3464","MIER3",0.978339797359928,0.998062875675714,0.000737298262196541,1,2372.46676115985,-0.00877057477213869
"6746","PRMT3",0.978340515498468,0.998062875675714,0.00073724936111088,1,2372.46676115985,-0.00744748249304839
"3686","SEC24A",0.978377407253712,0.998062875675714,0.000734739428860298,1,2372.46676115985,-0.00450695365069262
"4762","ZNF107",0.978396039529766,0.998062875675714,0.000733473408894058,1,2372.46676115985,0.00635829088777454
"9042","PEX11A",0.978421785581356,0.998062875675714,0.000731725822123879,1,2372.46676115985,0.0151310452711824
"124","DDI2",0.978560611210645,0.998062875675714,0.000722338583695974,1,2372.46676115985,-0.00415992794183737
"4868","VPS50",0.978578627138369,0.998062875675714,0.000721124812104455,1,2372.46676115985,0.00401110233191605
"9957","CRLF3",0.978590147940978,0.998062875675714,0.000720349166392643,1,2372.46676115985,-0.00335292817050588
"12288","SGSM3",0.9786404204203,0.998062875675714,0.000716969425965925,1,2372.46676115985,-0.00654371229752482
"1018","LHX4",0.978788048531299,0.998062875675714,0.000707090585421813,1,2372.46676115985,0.0286917786665379
"6156","BEND7",0.978817026429055,0.998062875675714,0.000705159521364731,1,2372.46676115985,-0.0292890207281999
"4107","HLA-DQB1",0.978839993047723,0.998062875675714,0.000703630921150113,1,2372.46676115985,0.00540712288138439
"4834","SEMA3C",0.978898827948194,0.998062875675714,0.000699722590698194,1,2372.46676115985,0.00522517699648104
"1437","RMDN2",0.979018930816949,0.998062875675714,0.000691778116285985,1,2372.46676115985,-0.00654958214856659
"9707","HIC1",0.979118288881183,0.998062875675714,0.000685240159875585,1,2372.46676115985,0.0192664685490639
"6985","SIPA1",0.979124631598145,0.998062875675714,0.000684823851381611,1,2372.46676115985,0.00489087043809502
"12295","L3MBTL2",0.979243922742915,0.998062875675714,0.00067701767552061,1,2372.46676115985,-0.0073345243999697
"9818","CNTROB",0.979273920312786,0.998062875675714,0.000675061739599111,1,2372.46676115985,0.00970322291198301
"4433","ARHGAP18",0.979795730194046,0.998062875675714,0.000641491083765674,1,2372.46676115985,-0.00180440099259426
"1515","B3GNT2",0.979819821055506,0.998062875675714,0.000639961886616069,1,2372.46676115985,0.00445894880349955
"3996","KIAA0319",0.979853259036744,0.998062875675714,0.000637842395675316,1,2372.46676115985,0.0205023430314699
"2125","ANO7",0.98002539355611,0.998062875675714,0.000626987189812855,1,2372.46676115985,-0.0269016249651502
"3386","TRIO",0.980168103594371,0.998062875675714,0.000618058242396239,1,2372.46676115985,-0.00190786156708326
"11497","LILRB3",0.980219475412332,0.998062875675714,0.000614859742930254,1,2372.46676115985,-0.00433831186524658
"10572","SMAD4",0.980226090352925,0.998062875675714,0.000614448488524027,1,2372.46676115985,0.00322171816597214
"8110","RGCC",0.980234342192319,0.998062875675714,0.000613935660221207,1,2372.46676115985,0.00494485374042242
"4957","POLR2J3",0.98030093773166,0.998062875675714,0.000609804778123214,1,2372.46676115985,0.00353555911821317
"6372","KLLN",0.980396066868916,0.998062875675714,0.000603928174591781,1,2372.46676115985,-0.0371077833906144
"8397","RTRAF",0.98053213421478,0.998062875675714,0.000595572097412151,1,2372.46676115985,0.00344592741219822
"7095","RAB6A",0.980533707268807,0.998062875675714,0.00059547583464769,1,2372.46676115985,-0.00272137246337187
"5226","FAM160B2",0.980535241196724,0.998062875675714,0.000595381973695427,1,2372.46676115985,0.0069750145207176
"2183","RAF1",0.980629989935363,0.998062875675714,0.000589598654257472,1,2372.46676115985,-0.00300488877101425
"11919","CABLES2",0.98066063394553,0.998062875675714,0.000587734234565886,1,2372.46676115985,-0.0151930216376122
"9871","MED9",0.980781783411404,0.998062875675714,0.000580392276829529,1,2372.46676115985,-0.0103284588334631
"1602","GCFC2",0.980783498449709,0.998062875675714,0.000580288672709896,1,2372.46676115985,-0.00596724809010387
"7630","SP1",0.980947163675125,0.998062875675714,0.000570444359552825,1,2372.46676115985,0.00381695133894502
"70","PER3",0.98095311517,0.998062875675714,0.000570087970427917,1,2372.46676115985,-0.00476066069933362
"9307","PALB2",0.981082841499039,0.998062875675714,0.000562347345957831,1,2372.46676115985,-0.00719769135894476
"3976","GMPR",0.98115444461035,0.998062875675714,0.000558097543289784,1,2372.46676115985,-0.00391333702339031
"8588","CCDC88C",0.981193173401767,0.998062875675714,0.000555805625022944,1,2372.46676115985,0.00703788909203852
"5938","ZBTB26",0.981239939171708,0.998062875675714,0.000553044377775079,1,2372.46676115985,-0.00769883628715465
"5132","ZNF775",0.981250423813767,0.998062875675714,0.000552426264637707,1,2372.46676115985,-0.00992239656530341
"4134","CUTA",0.981481540292114,0.998062875675714,0.000538888814480186,1,2372.46676115985,-0.00390833049703874
"3589","GLRX",0.981689345269272,0.998062875675714,0.000526860272917197,1,2372.46676115985,0.00293392979730305
"819","C1orf43",0.98172831787823,0.998062875675714,0.000524619516702995,1,2372.46676115985,0.00339748152759534
"10061","ACLY",0.981757595594135,0.998062875675714,0.000522939317594209,1,2372.46676115985,-0.00453441343474102
"11860","CSE1L",0.981837307225836,0.998062875675714,0.000518378464251665,1,2372.46676115985,0.00475295175217346
"10072","STAT5A",0.981856468394104,0.998062875675714,0.0005172851010158,1,2372.46676115985,0.00384440778636588
"12377","ARSA",0.981863986623205,0.998062875675714,0.000516856415745427,1,2372.46676115985,-0.00441513115986689
"9912","LGALS9",0.981872948591859,0.998062875675714,0.000516345641530965,1,2372.46676115985,0.00224926643297061
"10132","HEXIM2",0.981890916223926,0.998062875675714,0.000515322363776529,1,2372.46676115985,0.00836676766913836
"529","SLC44A5",0.981913199705974,0.998062875675714,0.000514054703947921,1,2372.46676115985,-0.0460967574284561
"9606","MAF",0.982041256726302,0.998062875675714,0.000506800091423215,1,2372.46676115985,0.0025589609321361
"10914","FARSA",0.982247963372368,0.998062875675714,0.000495198694264758,1,2372.46676115985,0.00472488485779558
"1789","LRP1B",0.982253666870878,0.998062875675714,0.000494880491071093,1,2372.46676115985,0.0235640236942619
"6996","CCDC85B",0.982338549688762,0.998062875675714,0.000490156896751229,1,2372.46676115985,0.00295590250166179
"849","HCN3",0.982369521269554,0.998062875675714,0.000488439020406024,1,2372.46676115985,-0.0333845149426007
"3853","HRH2",0.98242161206829,0.998062875675714,0.000485556545559403,1,2372.46676115985,-0.00611650705084177
"5953","MAPKAP1",0.98259745186535,0.998062875675714,0.000475889377988232,1,2372.46676115985,0.0018835738231077
"11753","DYNLRB1",0.982667784734618,0.998062875675714,0.000472049907178705,1,2372.46676115985,0.00251225271129219
"9412","FUS",0.982714540916876,0.998062875675714,0.00046950609702402,1,2372.46676115985,0.00221656282470243
"8286","ACIN1",0.982754378996661,0.998062875675714,0.000467344097251664,1,2372.46676115985,0.00236049328060736
"12047","PWP2",0.982783368818381,0.998062875675714,0.000465773966771799,1,2372.46676115985,0.0330088246740197
"3619","MCC",0.982799312193952,0.998062875675714,0.00046491157718266,1,2372.46676115985,-0.0115588419238843
"3703","CDC23",0.982882616714085,0.998062875675714,0.000460418572695349,1,2372.46676115985,-0.00585572354931019
"202","MACO1",0.982890304162366,0.998062875675714,0.000460005052474641,1,2372.46676115985,-0.00414009917253357
"4477","ADAT2",0.982978100449892,0.998062875675714,0.000455295531840954,1,2372.46676115985,0.00849369372574352
"8256","PIP4P1",0.982999841775416,0.998062875675714,0.000454133040546806,1,2372.46676115985,0.00553166131775358
"10217","SRSF1",0.983026985011338,0.998062875675714,0.000452683800022506,1,2372.46676115985,-0.00384913657651251
"8925","PAQR5",0.983182715722509,0.998062875675714,0.000444413759605303,1,2372.46676115985,-0.00652137111441113
"4310","ME1",0.983294238885979,0.998062875675714,0.000438538219112908,1,2372.46676115985,-0.00281347836524479
"508","SLC35D1",0.983389679290626,0.998062875675714,0.000433541051739767,1,2372.46676115985,0.00543864270325713
"107","KIAA2013",0.983502348639032,0.998062875675714,0.000427678664614266,1,2372.46676115985,0.00310575934629289
"8646","BAG5",0.983510704631939,0.998062875675714,0.000427245477628035,1,2372.46676115985,0.00463820798580134
"6219","PARD3",0.983564147561133,0.998062875675714,0.000424480110837827,1,2372.46676115985,0.0165240633797235
"2056","MOGAT1",0.983614189002778,0.998062875675714,0.000421898894636605,1,2372.46676115985,0.0335424494139997
"7974","DIABLO",0.983700980945904,0.998062875675714,0.000417440704311866,1,2372.46676115985,-0.0187491372115326
"9711","SGSM2",0.983727063977587,0.998062875675714,0.000416105542140005,1,2372.46676115985,0.00472041449528265
"12758","MTM1",0.983776779044707,0.998062875675714,0.000413566607059536,1,2372.46676115985,0.00293120644373209
"3159","RAP1GDS1",0.983956135428189,0.998062875675714,0.000404471528475881,1,2372.46676115985,0.00243292838680485
"3537","AGGF1",0.983995687996317,0.998062875675714,0.000402479450730833,1,2372.46676115985,0.00298326108667083
"2421","SMIM4",0.984092773284726,0.998062875675714,0.000397610577706174,1,2372.46676115985,-0.00261969164855354
"6647","PHLDA2",0.98426403665631,0.998062875675714,0.000389093902430779,1,2372.46676115985,-0.0129735968931059
"10845","KEAP1",0.984338246108924,0.998062875675714,0.000385432218300596,1,2372.46676115985,-0.00498294481136211
"9029","AKAP13",0.984432650466377,0.998062875675714,0.000380799094222261,1,2372.46676115985,-0.00139315029681676
"4229","GTPBP2",0.984553002924204,0.998062875675714,0.000374933142911039,1,2372.46676115985,0.00444656632302232
"6046","SURF1",0.984575481378064,0.998062875675714,0.000373842596294225,1,2372.46676115985,0.00313922264806542
"850","FDPS",0.984579313024487,0.998062875675714,0.000373656861718803,1,2372.46676115985,0.00368236114451103
"4664","C7orf31",0.984695012277333,0.998062875675714,0.000368070220152889,1,2372.46676115985,0.00627322703367031
"4135","SYNGAP1",0.984699421165678,0.998062875675714,0.000367858165644758,1,2372.46676115985,-0.0102920368081435
"3284","TLR2",0.984735910998583,0.998062875675714,0.00036610545890624,1,2372.46676115985,0.00273234665315076
"11986","CFAP298",0.984783902791826,0.998062875675714,0.000363806656154366,1,2372.46676115985,0.00489291690056222
"4684","GGCT",0.984784402563648,0.998062875675714,0.000363782755230876,1,2372.46676115985,0.00406849839811524
"11150","ZNF566",0.984810005225588,0.998062875675714,0.000362559392668661,1,2372.46676115985,0.00649225277509033
"4223","ABCC10",0.98486103192092,0.998062875675714,0.000360127350671739,1,2372.46676115985,-0.00531871136338524
"2318","CCR1",0.984867198078712,0.998062875675714,0.000359834012809488,1,2372.46676115985,-0.00207760321529082
"6004","DOLK",0.984957393205968,0.998062875675714,0.000355556894648663,1,2372.46676115985,-0.00914606079496385
"5120","ZNF282",0.98508775716886,0.998062875675714,0.000349420147901406,1,2372.46676115985,-0.00642835449413577
"12230","EIF3D",0.985214101760952,0.998062875675714,0.00034352360199315,1,2372.46676115985,-0.00254676766280205
"1804","RIF1",0.985304761651758,0.998062875675714,0.000339323404485209,1,2372.46676115985,0.00236331455512099
"3792","SLC36A3",0.985493653768856,0.998062875675714,0.000330655209192025,1,2372.46676115985,-0.0278062525195984
"8119","TSC22D1",0.985504109324762,0.998062875675714,0.000330178684143047,1,2372.46676115985,0.00220109274462613
"9176","IL32",0.985540581666363,0.998062875675714,0.000328519102387184,1,2372.46676115985,-0.0161603694455739
"1132","TRAF3IP3",0.985649947813794,0.998062875675714,0.000323567747744521,1,2372.46676115985,-0.00492602558689116
"4201","MRPS10",0.985752299663069,0.998062875675714,0.000318968020731068,1,2372.46676115985,-0.00314904433232242
"11373","BCAT2",0.985846531007649,0.998062875675714,0.000314762354587453,1,2372.46676115985,-0.00663360178002402
"10663","PCSK4",0.98601750059532,0.998062875675714,0.000307203043588984,1,2372.46676115985,0.0120272397412315
"6279","DNAJC12",0.986122918695226,0.998062875675714,0.000302587854724224,1,2372.46676115985,-0.0192023607958151
"12464","RPGR",0.986214150073063,0.998062875675714,0.000298621962512854,1,2372.46676115985,-0.00511105567089595
"5747","SMC5",0.986273281721195,0.998062875675714,0.000296065445737091,1,2372.46676115985,-0.00216770430959385
"11960","NRIP1",0.986295839855831,0.998062875675714,0.000295093057001214,1,2372.46676115985,-0.00164952662678279
"2278","ZNF619",0.986322890073639,0.998062875675714,0.000293929142536336,1,2372.46676115985,-0.00985081414227537
"5713","HINT2",0.98659413750525,0.998062875675714,0.000282385128876435,1,2372.46676115985,0.0034484743318003
"12178","THOC5",0.986611183815888,0.998062875675714,0.000281667380785848,1,2372.46676115985,0.0057180380325451
"2898","CTBP1",0.986789446287656,0.998062875675714,0.000274216232884276,1,2372.46676115985,-0.00367382264735919
"8630","DYNC1H1",0.986862918845711,0.998062875675714,0.000271174247043294,1,2372.46676115985,0.0015712959666298
"11122","HAUS5",0.986874789511646,0.998062875675714,0.000270684358161717,1,2372.46676115985,0.0112917750686064
"7331","ST3GAL4",0.986941842283607,0.998062875675714,0.000267925485480885,1,2372.46676115985,0.00590387536130066
"4322","ORC3",0.987051914781431,0.998062875675714,0.000263427222982514,1,2372.46676115985,0.00335889709076487
"10466","MYL12B",0.987128525616311,0.998062875675714,0.000260318898978865,1,2372.46676115985,0.00141258259271758
"6024","NUP214",0.987360998753969,0.998062875675714,0.000250999738509273,1,2372.46676115985,0.00200499788017679
"8860","CCNB2",0.987406782267174,0.998062875675714,0.000249184438521689,1,2372.46676115985,0.0180461587843184
"5139","GIMAP1",0.987462887635129,0.998062875675714,0.000246968866517421,1,2372.46676115985,0.00268393359632003
"12544","PHF8",0.987484665281126,0.998062875675714,0.000246111544646694,1,2372.46676115985,-0.00352700222283888
"3959","SYCP2L",0.987592695476006,0.998062875675714,0.000241880756593856,1,2372.46676115985,-0.0168896832324311
"7086","STARD10",0.987640715544869,0.998062875675714,0.000240011924986921,1,2372.46676115985,-0.00446478657018975
"8536","BATF",0.987651497165237,0.998062875675714,0.000239593325440266,1,2372.46676115985,-0.00437016549417925
"6398","EXOC6",0.987666085952867,0.998062875675714,0.000239027493307276,1,2372.46676115985,0.00224830739548798
"9955","CPD",0.987814979684378,0.998062875675714,0.000233290850439734,1,2372.46676115985,-0.00233153971897488
"2749","SMC4",0.987815563340614,0.998062875675714,0.000233268500211815,1,2372.46676115985,-0.0038582003701922
"11619","TRIB3",0.987862464414228,0.998062875675714,0.000231475995587874,1,2372.46676115985,0.00943351522481432
"1188","ENAH",0.987898904552229,0.998062875675714,0.000230088069458283,1,2372.46676115985,0.0108182553662659
"9111","HAGHL",0.988043124088383,0.998062875675714,0.000224636012823117,1,2372.46676115985,-0.00788394438701866
"1943","PLCL1",0.988098010129528,0.998062875675714,0.000222578285264936,1,2372.46676115985,-0.00284793941693067
"5561","TSTA3",0.988182999387195,0.998062875675714,0.000219410646471534,1,2372.46676115985,0.00414620884547758
"186","FUCA1",0.988191937343865,0.998062875675714,0.000219078839020216,1,2372.46676115985,-0.00161235145665162
"2863","WDR53",0.988192934260531,0.998062875675714,0.000219041845639389,1,2372.46676115985,-0.00575296836290806
"2368","MST1",0.988226422658511,0.998062875675714,0.000217800980202097,1,2372.46676115985,0.0103323195887104
"6678","TAF10",0.988310193717619,0.998062875675714,0.000214712401363802,1,2372.46676115985,-0.00180166160645067
"8700","FMN1",0.988638807407398,0.998062875675714,0.000202809652398862,1,2372.46676115985,0.00152535550963763
"4408","NUS1",0.988700575159048,0.998062875675714,0.000200610256744186,1,2372.46676115985,-0.00223251189427773
"4853","CDK14",0.988782781163851,0.998062875675714,0.000197701708391506,1,2372.46676115985,0.00194115851129325
"7492","GOLT1B",0.988906424130011,0.998062875675714,0.000193367073755462,1,2372.46676115985,-0.00293191324797628
"1139","TRAF5",0.988925786110865,0.998062875675714,0.000192692639692626,1,2372.46676115985,0.00317924116160409
"3689","C5orf24",0.988937227648864,0.998062875675714,0.000192294651613948,1,2372.46676115985,-0.00277067798080365
"9645","KLHDC4",0.989034578564387,0.998062875675714,0.000188924995793741,1,2372.46676115985,-0.00419027124252773
"2418","NISCH",0.989098969958203,0.998062875675714,0.000186712553542662,1,2372.46676115985,0.00177088773981685
"808","GATAD2B",0.989149966241508,0.998062875675714,0.000184969606220269,1,2372.46676115985,0.00148896716744364
"2767","RPL22L1",0.989259539635823,0.998062875675714,0.000181252267457953,1,2372.46676115985,-0.00261292340803566
"12","C1QTNF12",0.989292434957532,0.998062875675714,0.000180143641105142,1,2372.46676115985,-0.0202557199000187
"12763","CETN2",0.989424339292891,0.998062875675714,0.000175732413500683,1,2372.46676115985,-0.0054343987819884
"9904","USP22",0.98945189339766,0.998062875675714,0.000174817837388418,1,2372.46676115985,0.00186226659465138
"2367","APEH",0.989519690796864,0.998062875675714,0.000172577665686851,1,2372.46676115985,-0.00344141549539232
"5043","TNPO3",0.98961411853519,0.998062875675714,0.000169481646073285,1,2372.46676115985,-0.00178372640617918
"7344","ADAMTS15",0.989673331650752,0.998062875675714,0.000167554513043668,1,2372.46676115985,-0.0126276157593277
"6906","INTS5",0.989804047739782,0.998062875675714,0.000163339283892281,1,2372.46676115985,-0.00471281420242509
"11458","ZNF766",0.989887678175173,0.998062875675714,0.00016067060879003,1,2372.46676115985,0.00265700461877956
"12483","RP2",0.98991852417002,0.998062875675714,0.000159691852460411,1,2372.46676115985,-0.00229935147453145
"10491","SPIRE1",0.989965097981006,0.998062875675714,0.000158219712818722,1,2372.46676115985,0.00137513376225301
"8340","ARHGAP5",0.98996826184944,0.998062875675714,0.000158119954229723,1,2372.46676115985,0.00165629510309028
"4793","CLDN4",0.990088011063221,0.998062875675714,0.000154367325021856,1,2372.46676115985,-0.0223070045663639
"7721","PPM1H",0.990246653801586,0.998062875675714,0.000149465283816494,1,2372.46676115985,0.00214645103990007
"4980","NAMPT",0.990266485083487,0.998062875675714,0.000148858062110188,1,2372.46676115985,0.00151498659943934
"11875","BCAS4",0.990280349549856,0.998062875675714,0.000148434274849071,1,2372.46676115985,-0.0137240010104393
"7057","PPP6R3",0.990369161897241,0.998062875675714,0.000145733929614764,1,2372.46676115985,0.00114209249042009
"12643","ARMCX3",0.990486048142547,0.998062875675714,0.000142217781816291,1,2372.46676115985,0.00203842875746465
"5927","STOM",0.990500407643305,0.998062875675714,0.000141788784123677,1,2372.46676115985,-0.00162630683255574
"396","ERI3",0.990505910270004,0.998062875675714,0.000141624561999186,1,2372.46676115985,0.00248258241898969
"4835","HGF",0.990522873946696,0.998062875675714,0.000141118891632222,1,2372.46676115985,-0.00450990429381892
"3553","SERINC5",0.99061761721925,0.998062875675714,0.000138311321371595,1,2372.46676115985,0.0017650072786308
"9797","CHRNB1",0.990620707044884,0.998062875675714,0.000138220234234657,1,2372.46676115985,-0.00455890550131528
"12628","RPA4",0.990687402293806,0.998062875675714,0.00013626139277828,1,2372.46676115985,-0.0125464159959262
"11551","ZNF471",0.990753386635395,0.998062875675714,0.000134337189309859,1,2372.46676115985,0.00839131221291523
"7642","COPZ1",0.990772400426009,0.998062875675714,0.000133785258181974,1,2372.46676115985,0.00198300739566237
"3833","C5orf58",0.990823129026845,0.998062875675714,0.000132318271550916,1,2372.46676115985,0.0175121137845075
"7756","TMEM19",0.990875105542084,0.998062875675714,0.000130823586611874,1,2372.46676115985,-0.00220456798940807
"8166","HNRNPA1L2",0.990901442447654,0.998062875675714,0.000130069459450428,1,2372.46676115985,0.0174202542026488
"9120","TSR3",0.990904306376841,0.998062875675714,0.000129987585540751,1,2372.46676115985,0.0025693708987426
"2513","CMSS1",0.99112556535143,0.998062875675714,0.000123740172442119,1,2372.46676115985,0.00267228929628975
"2391","C3orf18",0.99128031313169,0.998062875675714,0.000119462193501966,1,2372.46676115985,-0.00744982352521748
"6006","SH3GLB2",0.991317930427243,0.998062875675714,0.000118433640884689,1,2372.46676115985,-0.00354680014015617
"6298","COL13A1",0.991417419562748,0.998062875675714,0.000115734790840861,1,2372.46676115985,0.0174470093620939
"6248","ARHGAP22",0.99144303189162,0.998062875675714,0.000115045038352317,1,2372.46676115985,0.00114984354349445
"9705","RPA1",0.991458696073908,0.998062875675714,0.000114624210362142,1,2372.46676115985,0.00214724172470795
"7433","MFAP5",0.991590253302334,0.998062875675714,0.000111120280252967,1,2372.46676115985,-0.0178915997292971
"12745","MAP7D3",0.991620524775665,0.998062875675714,0.000110321720158154,1,2372.46676115985,0.00327891659692622
"187","CNR2",0.991643681476737,0.998062875675714,0.000109712791693172,1,2372.46676115985,0.00731670784352004
"11727","TPX2",0.991656421230262,0.998062875675714,0.000109378505868276,1,2372.46676115985,0.0159099282537127
"5081","FMC1",0.991739966944198,0.998062875675714,0.000107198942414744,1,2372.46676115985,-0.00328271063330459
"4780","TYW1B",0.991955286621685,0.998062875675714,0.000101682749751305,1,2372.46676115985,0.00171035446758708
"10908","PRDX2",0.992001315582685,0.998062875675714,0.000100522455305596,1,2372.46676115985,0.00299073835221525
"3489","ERBIN",0.992021036146065,0.998062875675714,0.000100027378449865,1,2372.46676115985,-0.000855604523470267
"4232","VEGFA",0.992291895657473,0.998062875675714,9.3351240737414e-05,1,2372.46676115985,-0.00245046833249251
"11660","PRNP",0.992311605782361,0.998062875675714,9.2874425948441e-05,1,2372.46676115985,-0.00106658235131913
"10109","LSM12",0.992336727085458,0.998062875675714,9.22684771522006e-05,1,2372.46676115985,0.0015223707473551
"3568","COX7C",0.992358214652838,0.998062875675714,9.1751751175723e-05,1,2372.46676115985,0.000739704478064157
"3237","C4orf33",0.992405439996848,0.998062875675714,9.06211908120557e-05,1,2372.46676115985,0.00197342248243917
"4812","POR",0.992443187601321,0.998062875675714,8.97225649939788e-05,1,2372.46676115985,0.00152654910995488
"4880","SDHAF3",0.992545722425964,0.998062875675714,8.73042065911454e-05,1,2372.46676115985,0.00310621045093243
"9861","TRPV2",0.992573265243192,0.998062875675714,8.66602190931336e-05,1,2372.46676115985,0.00173587688895601
"12090","DGCR2",0.992573303306671,0.998062875675714,8.66593307683363e-05,1,2372.46676115985,0.00178787102334552
"11636","ZNF343",0.992690945764607,0.998062875675714,8.39355479652218e-05,1,2372.46676115985,-0.00471126258480725
"11550","ZNF667",0.992699871359724,0.998062875675714,8.37306683284516e-05,1,2372.46676115985,0.0156298008187819
"9732","MYBBP1A",0.992886756155912,0.99817261691052,7.94983860461344e-05,1,2372.46676115985,-0.00556526713880906
"556","DDAH1",0.992976033646583,0.998184221704695,7.75153078705901e-05,1,2372.46676115985,0.010925396528317
"10404","CEP131",0.993066853197619,0.998197374709246,7.55236785137601e-05,1,2372.46676115985,0.00505949239292933
"7434","RIMKLB",0.993337969134852,0.998391739328478,6.97324276603255e-05,1,2372.46676115985,0.00243995447207549
"10554","PIAS2",0.993572888275119,0.998549695416827,6.49011666045596e-05,1,2372.46676115985,0.00118168504745684
"9346","SPN",0.993994844559,0.998822497870116,5.66588972426e-05,1,2372.46676115985,0.00304442255953874
"5875","TMEM245",0.993999898783756,0.998822497870116,5.6563561928359e-05,1,2372.46676115985,0.00103008991570945
"8617","ATG2B",0.994143329463054,0.998888458030913,5.3891565232791e-05,1,2372.46676115985,-0.00154661037744433
"2440","ERC2",0.994384818528744,0.998983221388462,4.95388787024022e-05,1,2372.46676115985,0.00837786121336861
"6573","UROS",0.994425847637435,0.998983221388462,4.88175686854224e-05,1,2372.46676115985,0.00115203404636518
"342","AKIRIN1",0.99466187046395,0.998983221388462,4.47709289403695e-05,1,2372.46676115985,0.000943750535846592
"10494","PTPN2",0.994915621604928,0.998983221388462,4.06156133901945e-05,1,2372.46676115985,0.000759376843702882
"8473","VTI1B",0.99494740938772,0.998983221388462,4.0109332597272e-05,1,2372.46676115985,-0.000710184500241297
"10431","DCXR",0.995141166302975,0.998983221388462,3.70920508459201e-05,1,2372.46676115985,-0.00148645311483328
"3127","ARHGAP24",0.995170779331583,0.998983221388462,3.66412948867641e-05,1,2372.46676115985,0.000938918092208414
"12732","FAM122B",0.995270665833027,0.998983221388462,3.5141192717529e-05,1,2372.46676115985,-0.00193557912672904
"5104","GSTK1",0.995336615006674,0.998983221388462,3.41679478139431e-05,1,2372.46676115985,0.000838775194207428
"12811","VAMP7",0.995552779848148,0.998983221388462,3.10737139334325e-05,1,2372.46676115985,0.00119154029128377
"1950","KCTD18",0.995579768877856,0.998983221388462,3.06976978398214e-05,1,2372.46676115985,0.00155982325145809
"5182","ANGPT2",0.995782072661371,0.998983221388462,2.79520484989663e-05,1,2372.46676115985,0.00279326417957566
"11559","ZNF460",0.995790882421806,0.998983221388462,2.78354054422747e-05,1,2372.46676115985,-0.00267393693068557
"12446","PHEX",0.995830316329845,0.998983221388462,2.73162814506499e-05,1,2372.46676115985,0.00574753330035811
"3098","CCNG2",0.995980201503788,0.998983221388462,2.53877170061387e-05,1,2372.46676115985,0.00133546655932872
"9577","ATXN1L",0.99614085007444,0.998983221388462,2.3399043014646e-05,1,2372.46676115985,-0.00168665470340692
"320","LSM10",0.996174932677981,0.998983221388462,2.29875613192955e-05,1,2372.46676115985,-0.000745663243970642
"12490","ZNF41",0.996192630504008,0.998983221388462,2.2775334056809e-05,1,2372.46676115985,0.00158564472901261
"8575","EML5",0.996251188370184,0.998983221388462,2.20801408754543e-05,1,2372.46676115985,-0.00689920129572989
"9910","WSB1",0.996401088887124,0.998983221388462,2.03496335545759e-05,1,2372.46676115985,0.00037067622450038
"4683","NOD1",0.996401637035771,0.998983221388462,2.0343435096237e-05,1,2372.46676115985,-0.000880040201498371
"6674","TIMM10B",0.996405503622641,0.998983221388462,2.02997385984007e-05,1,2372.46676115985,0.00130653482269852
"6364","WAPL",0.996408127235269,0.998983221388462,2.0270115770534e-05,1,2372.46676115985,0.000457375962853263
"7783","KITLG",0.996436322152823,0.998983221388462,1.99531363133947e-05,1,2372.46676115985,-0.000920969799257238
"3063","UTP3",0.996832153317509,0.998983221388462,1.57667433174257e-05,1,2372.46676115985,0.00090980319227428
"8801","BLOC1S6",0.996945270267345,0.998983221388462,1.46608487202006e-05,1,2372.46676115985,0.000476052183236532
"8491","MED6",0.997047619098995,0.998983221388462,1.36948778465752e-05,1,2372.46676115985,-0.00076252142317613
"8824","GLDN",0.99710272538381,0.998983221388462,1.31884160135718e-05,1,2372.46676115985,-0.00498286390812324
"4608","AIMP2",0.997166652816593,0.998983221388462,1.26128380562961e-05,1,2372.46676115985,-0.00126456368326533
"7963","RNF34",0.997206321481776,0.998983221388462,1.22621334311159e-05,1,2372.46676115985,0.000599474203951569
"12128","PPIL2",0.997220792690715,0.998983221388462,1.21354266383273e-05,1,2372.46676115985,0.0007052442372967
"4672","TAX1BP1",0.997232321804866,0.998983221388462,1.20349511683494e-05,1,2372.46676115985,0.00030290640090556
"8347","CFL2",0.997239268642379,0.998983221388462,1.197461159544e-05,1,2372.46676115985,0.00107872337589973
"11868","SNAI1",0.997259181206235,0.998983221388462,1.18024932722673e-05,1,2372.46676115985,-0.00520387751904606
"8557","SPTLC2",0.997359545203661,0.998983221388462,1.09539427129664e-05,1,2372.46676115985,0.000399094431921169
"8078","ALOX5AP",0.997484496588136,0.998983221388462,9.94174607063191e-06,1,2372.46676115985,0.000931587353385536
"12481","CHST7",0.997523861353246,0.998983221388462,9.63302566251214e-06,1,2372.46676115985,0.000896291703805665
"9927","RSKR",0.997527693024386,0.998983221388462,9.60323561326335e-06,1,2372.46676115985,-0.00152125724260079
"11000","ARRDC2",0.997532463398713,0.998983221388462,9.56621191163865e-06,1,2372.46676115985,0.000716673800048182
"5245","CHMP7",0.997713438467172,0.998983221388462,8.21444792483873e-06,1,2372.46676115985,-0.000908857493363165
"8052","SGCG",0.997719416318934,0.998983221388462,8.17155321446544e-06,1,2372.46676115985,-0.0018738347817933
"7380","GALNT8",0.997747586749754,0.998983221388462,7.9709247002975e-06,1,2372.46676115985,0.00192493871913999
"8845","NEDD4",0.997767146446623,0.998983221388462,7.83308824506419e-06,1,2372.46676115985,0.000863218831033198
"1408","YPEL5",0.997768808151595,0.998983221388462,7.82143367667817e-06,1,2372.46676115985,-0.000401569802362333
"2623","MGLL",0.997798146456158,0.998983221388462,7.61709487980805e-06,1,2372.46676115985,0.000377681136413079
"9206","NUDT16L1",0.99781627579849,0.998983221388462,7.49217761757751e-06,1,2372.46676115985,-0.000808959197104866
"9339","CD19",0.998147501772046,0.999232638860753,5.39172568367274e-06,1,2372.46676115985,0.00204086272817544
"11859","ARFGEF2",0.998385841306746,0.999232638860753,4.09359107159115e-06,1,2372.46676115985,-0.000242331497604692
"1081","KDM5B",0.998413818786079,0.999232638860753,3.95291596235122e-06,1,2372.46676115985,0.000279647524565873
"6869","MS4A14",0.998440384090649,0.999232638860753,3.8216179833125e-06,1,2372.46676115985,-0.000407253881785807
"3413","IL7R",0.998454480898864,0.999232638860753,3.75284564653122e-06,1,2372.46676115985,-0.000703419981725913
"9416","ITGAD",0.998663642310591,0.999246574015936,2.80580345254039e-06,1,2372.46676115985,0.001179937569498
"115","PDPN",0.998701055686112,0.999246574015936,2.65089700995159e-06,1,2372.46676115985,0.000410929303580814
"2499","EPHA3",0.998765129642199,0.999246574015936,2.39582164202908e-06,1,2372.46676115985,-0.00336760932646463
"2849","FAM43A",0.998779672727556,0.999246574015936,2.33972264454727e-06,1,2372.46676115985,0.00164644626973704
"9767","TXNDC17",0.998947045846479,0.999336165138255,1.74192952955522e-06,1,2372.46676115985,-0.000174775619933207
"5628","ERMP1",0.999134712231737,0.99944604189201,1.17633956561085e-06,1,2372.46676115985,-0.00024741349525741
"12224","APOL3",0.999569750655291,0.999782294541426,2.90838490748483e-07,1,2372.46676115985,0.000126003497814539
"3327","HPGD",0.999700183504185,0.999782294541426,1.41228541270386e-07,1,2372.46676115985,-0.000424018929324289
"11239","B9D2",0.999704435940496,0.999782294541426,1.37250732416844e-07,1,2372.46676115985,0.000177960862792522
"628","WDR47",0.999967404734485,0.999967404734485,1.66924641217247e-09,1,2372.46676115985,-9.66123483242619e-06
